0.000000 -1.0187373 0.2820767 -1.3969609 0.0000014 0.0000033 -0.0000003 1.0000000
0.207338 -1.0200403 0.2819053 -1.3327566 0.0020605 -0.0032337 0.0005151 0.9999925
0.414692 -1.0216415 0.2816270 -1.2656832 0.0032010 -0.0075230 -0.0002096 0.9999666
0.622045 -1.0239946 0.2808434 -1.1956624 0.0039221 -0.0117081 -0.0006713 0.9999235
0.725798 -1.0253258 0.2806030 -1.1593655 0.0043648 -0.0142163 -0.0021011 0.9998872
0.829420 -1.0269660 0.2802492 -1.1224257 0.0035661 -0.0163274 -0.0023648 0.9998575
0.933147 -1.0284164 0.2797626 -1.0848529 0.0021540 -0.0185153 -0.0019017 0.9998245
1.140497 -1.0324553 0.2789495 -1.0090270 0.0012738 -0.0213017 -0.0026193 0.9997689
1.347979 -1.0361562 0.2783460 -0.9313093 0.0017251 -0.0233278 -0.0010463 0.9997258
1.555212 -1.0404960 0.2779873 -0.8520982 0.0016459 -0.0249353 -0.0000502 0.9996877
1.762569 -1.0453501 0.2768022 -0.7709002 0.0040630 -0.0264869 -0.0014234 0.9996399
1.969923 -1.0504037 0.2753135 -0.6885120 0.0047424 -0.0279518 -0.0040870 0.9995897
2.177281 -1.0558811 0.2737526 -0.6046906 0.0030458 -0.0291067 -0.0038576 0.9995642
2.384639 -1.0614669 0.2724655 -0.5198092 0.0035395 -0.0302709 -0.0036706 0.9995287
2.591988 -1.0667123 0.2711025 -0.4336778 0.0029912 -0.0311316 -0.0030250 0.9995062
2.799367 -1.0727007 0.2702014 -0.3461975 -0.0003037 -0.0306995 -0.0041223 0.9995201
3.006768 -1.0781296 0.2696385 -0.2578947 -0.0020925 -0.0290351 -0.0038311 0.9995689
3.214057 -1.0830534 0.2688116 -0.1689543 0.0016798 -0.0280752 -0.0044561 0.9995944
3.421285 -1.0883019 0.2677895 -0.0783940 0.0026769 -0.0269377 -0.0031478 0.9996285
3.628545 -1.0930367 0.2667723 0.0129807 -0.0014464 -0.0274511 -0.0006079 0.9996219
3.835871 -1.0978565 0.2659577 0.1057216 0.0008474 -0.0286685 0.0037303 0.9995816
4.146888 -1.1069407 0.2641357 0.2454996 0.0025463 -0.0308356 0.0027702 0.9995174
4.354202 -1.1127654 0.2624228 0.3398823 0.0003804 -0.0321941 0.0013341 0.9994807
4.561559 -1.1193908 0.2612482 0.4340422 -0.0022711 -0.0324540 0.0003828 0.9994706
4.768912 -1.1263323 0.2602690 0.5279939 -0.0030886 -0.0326544 -0.0027921 0.9994580
4.976146 -1.1326833 0.2596718 0.6213392 -0.0010546 -0.0325626 -0.0038987 0.9994615
5.287117 -1.1424292 0.2577257 0.7626188 -0.0024184 -0.0341207 -0.0034683 0.9994088
5.598233 -1.1530528 0.2563624 0.9000700 0.0023826 -0.0348270 -0.0056665 0.9993744
5.909185 -1.1625409 0.2543850 1.0384451 -0.0012690 -0.0350181 -0.0034406 0.9993799
6.116541 -1.1689477 0.2533014 1.1296319 -0.0001625 -0.0352376 -0.0005078 0.9993788
6.427659 -1.1785653 0.2520723 1.2651631 -0.0053175 -0.0366207 0.0023243 0.9993124
6.634992 -1.1859547 0.2513640 1.3549428 -0.0044488 -0.0375227 0.0008363 0.9992855
6.945963 -1.1971104 0.2497574 1.4863405 0.0015479 -0.0390490 -0.0038317 0.9992288
7.153323 -1.2044151 0.2478983 1.5713063 -0.0002864 -0.0401073 -0.0064566 0.9991745
7.464167 -1.2157762 0.2460864 1.6941574 -0.0008068 -0.0418918 -0.0083554 0.9990869
7.775144 -1.2262712 0.2444722 1.8115829 -0.0029569 -0.0439993 -0.0094054 0.9989829
8.086111 -1.2376472 0.2435069 1.9232274 -0.0035820 -0.0460287 -0.0132405 0.9988459
8.397102 -1.2485499 0.2425604 2.0262892 0.0037538 -0.0474946 -0.0134292 0.9987742
8.708175 -1.2581929 0.2403205 2.1206064 0.0023971 -0.0490610 -0.0133335 0.9987039
9.019162 -1.2659783 0.2388413 2.2074528 0.0075210 -0.0470494 -0.0086583 0.9988267
9.330247 -1.2728143 0.2369274 2.2880373 0.0024348 -0.0397805 -0.0083665 0.9991704
10.888750 -1.2245212 0.2310620 2.6086156 0.0030098 0.2163168 -0.0121245 0.9762433
11.304310 -1.1758137 0.2297564 2.6675260 0.0070326 0.3423827 -0.0095274 0.9394860
11.822770 -1.0982528 0.2268445 2.7185159 0.0088858 0.4817141 -0.0069821 0.8762556
12.133610 -1.0465753 0.2248464 2.7387216 0.0112583 0.5476629 -0.0065410 0.8365977
12.444110 -0.9907818 0.2231762 2.7523985 0.0151290 0.5949302 0.0011653 0.8036341
12.547670 -0.9713784 0.2221641 2.7576737 0.0136328 0.6079988 -0.0044176 0.7938086
12.754690 -0.9310428 0.2200286 2.7653973 0.0145915 0.6298289 -0.0072112 0.7765634
12.858060 -0.9101232 0.2193633 2.7678251 0.0182159 0.6389777 -0.0050965 0.7689927
13.065200 -0.8660762 0.2185818 2.7726386 0.0262710 0.6543684 -0.0064703 0.7556917
13.168770 -0.8427563 0.2175638 2.7753820 0.0256039 0.6610157 -0.0074116 0.7498985
13.272350 -0.8185916 0.2160658 2.7777939 0.0231402 0.6668271 -0.0065590 0.7448242
13.479500 -0.7679803 0.2132916 2.7813802 0.0215867 0.6771914 -0.0038091 0.7354803
13.686720 -0.7130363 0.2110036 2.7838433 0.0240408 0.6851281 -0.0011094 0.7280249
13.893950 -0.6540387 0.2084686 2.7861645 0.0253886 0.6899689 -0.0001952 0.7233936
14.101300 -0.5910164 0.2058858 2.7882440 0.0267837 0.6941432 0.0000632 0.7193384
14.412270 -0.4873597 0.2013637 2.7908869 0.0282222 0.6978280 0.0018547 0.7157068
14.723260 -0.3758763 0.1965943 2.7932358 0.0313796 0.6986176 0.0059937 0.7147816
15.137840 -0.2114882 0.1901120 2.7975125 0.0329782 0.6931750 0.0086478 0.7199626
15.448810 -0.0792736 0.1846216 2.8048019 0.0298328 0.6889488 0.0087756 0.7241427
15.863640 0.1033994 0.1762733 2.8175113 0.0298444 0.6862085 -0.0005872 0.7267922
16.174740 0.2430325 0.1685855 2.8268855 0.0269697 0.6862790 -0.0007395 0.7268378
16.589330 0.4283451 0.1590162 2.8400824 0.0242099 0.6867535 -0.0045727 0.7264727
16.900430 0.5672034 0.1525059 2.8477995 0.0200883 0.6908937 -0.0058541 0.7226534
17.211650 0.7051023 0.1455918 2.8519797 0.0186593 0.6987485 -0.0064309 0.7150952
17.419150 0.7971245 0.1420275 2.8531291 0.0192617 0.7061183 -0.0056113 0.7078096
17.730220 0.9338310 0.1354584 2.8511202 0.0187965 0.7178636 -0.0049609 0.6959122
18.041200 1.0676206 0.1289956 2.8440638 0.0196668 0.7289324 -0.0058089 0.6842784
18.248550 1.1557134 0.1246120 2.8377357 0.0206422 0.7356196 -0.0055633 0.6770574
18.559570 1.2832059 0.1187260 2.8241968 0.0214319 0.7441055 -0.0038295 0.6677073
18.766880 1.3658619 0.1144457 2.8144591 0.0225091 0.7471263 -0.0001331 0.6643009
19.077720 1.4842802 0.1095295 2.8006427 0.0226966 0.7490290 0.0010933 0.6621475
19.388680 1.5932090 0.1047208 2.7877464 0.0246398 0.7459453 0.0005024 0.6655511
19.699410 1.6922251 0.0997590 2.7797821 0.0244760 0.7349899 -0.0009376 0.6776356
20.010020 1.7826110 0.0943481 2.7787852 0.0256267 0.7133566 -0.0052615 0.7003128
20.217140 1.8412703 0.0909986 2.7828870 0.0250187 0.6915945 -0.0073283 0.7218153
20.630960 1.9537734 0.0846329 2.8050337 0.0172352 0.6256687 -0.0064463 0.7798718
20.941510 2.0308304 0.0807667 2.8377330 0.0168451 0.5567093 -0.0070868 0.8305064
21.148370 2.0750389 0.0774681 2.8666856 0.0217878 0.5007480 -0.0084371 0.8652777
21.459000 2.1320205 0.0735140 2.9203749 0.0236042 0.4088181 -0.0133451 0.9122130
21.873950 2.1922400 0.0681127 3.0111125 0.0138063 0.2826731 -0.0110634 0.9590532
22.289170 2.2283733 0.0641144 3.1111069 0.0033761 0.1799815 -0.0167137 0.9835222
22.913660 2.2676935 0.0609682 3.2765105 0.0033318 0.1152702 -0.0202120 0.9931229
23.537560 2.3090317 0.0559920 3.4641132 0.0138586 0.1159215 -0.0255402 0.9928333
23.848990 2.3337433 0.0524313 3.5672202 0.0088832 0.1234720 -0.0284932 0.9918991
24.263960 2.3726857 0.0481990 3.7128356 0.0058620 0.1288926 -0.0212525 0.9914135
24.471000 2.3926210 0.0458943 3.7880471 0.0126660 0.1282502 -0.0212626 0.9914330
24.781830 2.4227641 0.0422504 3.9085097 0.0087973 0.1250210 -0.0203357 0.9919066
25.092670 2.4529333 0.0381792 4.0348840 0.0079020 0.1218267 -0.0252962 0.9921975
25.403640 2.4838276 0.0341475 4.1652555 0.0115708 0.1159420 -0.0237041 0.9929057
25.610880 2.5043817 0.0310072 4.2556238 0.0094205 0.1133527 -0.0213555 0.9932806
25.818220 2.5254643 0.0284264 4.3468366 0.0081538 0.1125070 -0.0174130 0.9934649
26.129230 2.5562489 0.0239312 4.4862289 0.0092636 0.1125516 -0.0231040 0.9933341
26.440340 2.5870931 0.0189747 4.6292448 0.0076282 0.1161882 -0.0319719 0.9926832
26.647670 2.6091695 0.0161119 4.7247186 0.0096475 0.1185372 -0.0311658 0.9924135
26.958500 2.6450648 0.0102547 4.8679676 0.0104513 0.1198174 -0.0244055 0.9924409
27.269470 2.6793265 0.0052512 5.0116997 0.0035071 0.1217556 -0.0289601 0.9921314
27.580440 2.7147200 -0.0003865 5.1510067 0.0190930 0.1217049 -0.0236820 0.9921001
28.098650 2.7713721 -0.0082601 5.3871622 0.0072614 0.1191135 -0.0248365 0.9925434
28.409630 2.8042665 -0.0136256 5.5263906 0.0109877 0.1161101 -0.0225748 0.9929190
28.722280 2.8349700 -0.0192395 5.6647706 0.0122121 0.1101815 -0.0253105 0.9935141
29.238910 2.8827929 -0.0282094 5.8938055 0.0104314 0.1056733 -0.0263391 0.9939973
29.653420 2.9192367 -0.0352170 6.0758610 0.0065391 0.0936322 -0.0209687 0.9953645
29.964620 2.9431586 -0.0387858 6.2115278 0.0024804 0.0870773 -0.0246514 0.9958934
30.483050 2.9755745 -0.0455594 6.4410224 0.0085529 0.0690992 -0.0290591 0.9971498
30.897640 2.9948359 -0.0514863 6.6290340 0.0078811 0.0520673 -0.0310399 0.9981300
31.416200 3.0119271 -0.0572013 6.8665361 0.0059810 0.0368238 -0.0345026 0.9987081
31.726940 3.0191774 -0.0604670 7.0082984 0.0075458 0.0320577 -0.0390989 0.9986925
32.141650 3.0290158 -0.0642484 7.1963844 0.0056196 0.0239797 -0.0326257 0.9991642
32.452660 3.0332785 -0.0673767 7.3375931 0.0041338 0.0131050 -0.0325469 0.9993758
32.763730 3.0352640 -0.0696496 7.4809322 0.0004764 0.0034829 -0.0235812 0.9997157
33.074830 3.0355766 -0.0726271 7.6223621 0.0109617 -0.0069996 -0.0124000 0.9998385
33.386030 3.0296528 -0.0756609 7.7671952 -0.0032599 -0.0149027 -0.0215499 0.9996514
33.593560 3.0255342 -0.0767090 7.8616991 0.0037219 -0.0177710 -0.0223608 0.9995851
33.800870 3.0202260 -0.0784246 7.9563956 0.0101912 -0.0202465 -0.0271213 0.9993751
34.112090 3.0144205 -0.0814685 8.1000156 0.0005044 -0.0215221 -0.0251102 0.9994529
34.423340 3.0078700 -0.0842341 8.2424498 0.0112387 -0.0247575 -0.0183294 0.9994622
34.630670 3.0032492 -0.0867866 8.3381634 0.0109343 -0.0263229 -0.0143618 0.9994905
34.941520 2.9944277 -0.0908384 8.4801340 0.0055712 -0.0280534 -0.0170783 0.9994450
35.252510 2.9851761 -0.0940932 8.6197882 0.0075774 -0.0284062 -0.0216196 0.9993339
35.459850 2.9789405 -0.0963133 8.7120543 0.0046685 -0.0286418 -0.0253480 0.9992574
35.667200 2.9727623 -0.0987895 8.8016901 0.0066440 -0.0292351 -0.0253997 0.9992277
35.978300 2.9637372 -0.1015484 8.9314289 0.0045348 -0.0314661 -0.0272037 0.9991242
36.289500 2.9554563 -0.1044292 9.0549059 0.0022623 -0.0328403 -0.0219084 0.9992179
36.704360 2.9453125 -0.1079004 9.2046328 0.0119105 -0.0308223 -0.0188325 0.9992765
37.015480 2.9395874 -0.1113705 9.3110609 0.0054661 -0.0228942 -0.0207120 0.9995084
37.637390 2.9335356 -0.1172017 9.5149879 0.0149273 -0.0023116 -0.0248231 0.9995778
37.948360 2.9360220 -0.1214065 9.6154280 0.0085779 0.0063311 -0.0162571 0.9998110
38.362940 2.9378006 -0.1249965 9.7495050 0.0049391 0.0080916 -0.0184738 0.9997844
38.673810 2.9373651 -0.1275852 9.8511038 0.0108070 0.0076897 -0.0257116 0.9995814
38.984720 2.9378805 -0.1306339 9.9537373 0.0143739 0.0028550 -0.0227410 0.9996340
39.295720 2.9370651 -0.1337314 10.0593147 -0.0039131 -0.0031259 -0.0202074 0.9997833
39.710390 2.9347463 -0.1347304 10.1996756 0.0071371 -0.0090516 -0.0169017 0.9997907
40.021440 2.9342563 -0.1371300 10.3082523 0.0009164 -0.0115201 -0.0069558 0.9999090
40.436270 2.9305427 -0.1396805 10.4513712 0.0036463 -0.0129525 0.0019509 0.9999076
40.747350 2.9279964 -0.1415710 10.5583076 0.0011869 -0.0140048 0.0040717 0.9998930
41.058450 2.9268787 -0.1442019 10.6634932 0.0120022 -0.0149518 0.0058331 0.9997992
41.473270 2.9228644 -0.1485593 10.7970562 0.0019460 -0.0153291 0.0060360 0.9998624
41.991400 2.9166710 -0.1507931 10.9439125 0.0021679 -0.0291030 0.0137011 0.9994801
42.508850 2.8989844 -0.1535798 11.0690575 0.0016150 -0.0832961 0.0155413 0.9964023
42.819320 2.8783774 -0.1556763 11.1374931 0.0052206 -0.1379239 0.0128420 0.9903458
43.129650 2.8489165 -0.1573198 11.1982613 0.0093619 -0.2080751 0.0020556 0.9780658
43.543500 2.7949777 -0.1593689 11.2661905 0.0111959 -0.3158857 -0.0212545 0.9484931
43.854350 2.7461009 -0.1593489 11.3081598 -0.0015203 -0.3961365 -0.0347876 0.9175311
44.165420 2.6931825 -0.1574207 11.3385868 -0.0074832 -0.4712015 -0.0415609 0.8810141
44.372740 2.6562531 -0.1553606 11.3545952 -0.0094906 -0.5211084 -0.0362836 0.8526661
44.580030 2.6157627 -0.1529170 11.3676853 -0.0088498 -0.5699278 -0.0297041 0.8211100
44.787490 2.5713348 -0.1505827 11.3765182 -0.0079785 -0.6124877 -0.0301277 0.7898654
44.995090 2.5232229 -0.1482788 11.3821564 -0.0093291 -0.6480023 -0.0298416 0.7609963
45.203360 2.4729950 -0.1458700 11.3844481 -0.0090857 -0.6764172 -0.0290669 0.7358888
45.410680 2.4199619 -0.1430349 11.3844719 -0.0067815 -0.6963326 -0.0283925 0.7171253
45.618560 2.3642402 -0.1406240 11.3817663 -0.0044657 -0.7107262 -0.0291332 0.7028511
46.034570 2.2419305 -0.1356082 11.3755150 -0.0011069 -0.7229789 -0.0296140 0.6902342
46.346350 2.1402049 -0.1312849 11.3698177 -0.0018751 -0.7239605 -0.0297278 0.6891981
46.554100 2.0675783 -0.1280920 11.3662786 -0.0021046 -0.7234770 -0.0279117 0.6897808
46.761680 1.9909377 -0.1250770 11.3629608 -0.0018406 -0.7227874 -0.0254685 0.6905985
46.969180 1.9090486 -0.1219290 11.3587580 -0.0010230 -0.7218837 -0.0255162 0.6915431
47.280390 1.7775946 -0.1171714 11.3533058 -0.0040398 -0.7201148 -0.0231217 0.6934578
47.591510 1.6393399 -0.1121200 11.3481598 -0.0076278 -0.7188288 -0.0246482 0.6947082
47.902330 1.4986980 -0.1071704 11.3430996 -0.0090838 -0.7185892 -0.0250359 0.6949247
48.316910 1.3112978 -0.1006647 11.3358345 -0.0139902 -0.7217150 -0.0242111 0.6916252
48.627780 1.1721191 -0.0947007 11.3287497 -0.0163612 -0.7247086 -0.0234187 0.6884630
48.938730 1.0339241 -0.0887374 11.3204193 -0.0134219 -0.7271631 -0.0225683 0.6859623
49.249830 0.8969982 -0.0838790 11.3105431 -0.0070309 -0.7281322 -0.0235405 0.6849962
49.560950 0.7617223 -0.0798230 11.3013363 -0.0063431 -0.7265285 -0.0234535 0.6867066
49.872030 0.6294766 -0.0763697 11.2957478 -0.0106524 -0.7247199 -0.0222790 0.6886010
50.183130 0.4993474 -0.0716480 11.2892179 -0.0116211 -0.7226940 -0.0195449 0.6907940
50.597700 0.3250654 -0.0651581 11.2810831 -0.0155440 -0.7231333 -0.0226915 0.6901606
50.908670 0.1972376 -0.0605927 11.2735682 -0.0119498 -0.7262015 -0.0208385 0.6870621
51.219640 0.0716658 -0.0566320 11.2643967 -0.0094227 -0.7310544 -0.0221154 0.6818956
51.530760 -0.0530552 -0.0523193 11.2529840 -0.0081872 -0.7352834 -0.0275136 0.6771517
51.738100 -0.1343681 -0.0492728 11.2447968 -0.0046653 -0.7369593 -0.0297938 0.6752641
52.049190 -0.2521153 -0.0449814 11.2327375 -0.0006995 -0.7378047 -0.0339443 0.6741599
52.360310 -0.3635620 -0.0411294 11.2215576 0.0020756 -0.7374214 -0.0367777 0.6744277
52.775000 -0.5025152 -0.0362279 11.2089014 0.0034806 -0.7340059 -0.0389050 0.6780189
53.085970 -0.5990351 -0.0329337 11.2019806 0.0028853 -0.7310849 -0.0362646 0.6813159
53.500560 -0.7158935 -0.0288884 11.1941442 0.0030905 -0.7256098 -0.0370868 0.6870993
53.811530 -0.7936194 -0.0266191 11.1910763 0.0011340 -0.7210692 -0.0363299 0.6919090
54.537210 -0.9446623 -0.0214622 11.1888485 -0.0015419 -0.7078300 -0.0353309 0.7054970
55.055430 -1.0222945 -0.0188102 11.1909876 -0.0016536 -0.6990002 -0.0338599 0.7143174
58.475980 -1.1194053 -0.0168481 11.1962061 0.0073895 -0.6886058 -0.0202426 0.7248156
59.201790 -1.1937298 -0.0163814 11.2078772 0.0061671 -0.6505048 -0.0229989 0.7591287
59.616750 -1.2471418 -0.0161661 11.2248745 0.0040329 -0.6051099 -0.0198110 0.7958853
60.135780 -1.3196368 -0.0158319 11.2640839 -0.0008433 -0.5115891 -0.0250870 0.8588635
60.447190 -1.3614869 -0.0156857 11.3015738 -0.0027850 -0.4373122 -0.0219018 0.8990387
60.758610 -1.4004583 -0.0146641 11.3492661 0.0053796 -0.3503871 -0.0191693 0.9363933
61.069630 -1.4331005 -0.0151649 11.4104052 0.0052559 -0.2574586 -0.0166890 0.9661309
61.380460 -1.4575140 -0.0167052 11.4836359 0.0056958 -0.1725489 -0.0113441 0.9849192
61.691060 -1.4746825 -0.0182609 11.5694876 0.0091055 -0.1026089 -0.0103089 0.9946267
61.897900 -1.4823977 -0.0196393 11.6332226 0.0083065 -0.0676900 -0.0094476 0.9976271
62.208130 -1.4892857 -0.0219662 11.7368584 0.0079036 -0.0353178 -0.0057800 0.9993281
62.414860 -1.4920393 -0.0236887 11.8112745 0.0080678 -0.0245053 -0.0048572 0.9996554
62.725220 -1.4956098 -0.0262420 11.9294672 0.0096682 -0.0152674 -0.0040217 0.9998286
62.932200 -1.4978610 -0.0283841 12.0126085 0.0088409 -0.0129180 -0.0036122 0.9998710
63.139420 -1.5002483 -0.0300339 12.0995178 0.0065970 -0.0118373 -0.0036961 0.9999014
63.346530 -1.5023686 -0.0315554 12.1903572 0.0071517 -0.0131647 -0.0029746 0.9998834
63.761250 -1.5082436 -0.0367042 12.3801622 0.0134365 -0.0155482 -0.0051463 0.9997756
63.968620 -1.5120617 -0.0392490 12.4806051 0.0052747 -0.0149637 -0.0050850 0.9998612
64.175970 -1.5153631 -0.0412942 12.5827961 0.0038785 -0.0151470 -0.0020279 0.9998757
64.383180 -1.5185758 -0.0430639 12.6870852 0.0110911 -0.0166189 0.0003674 0.9998003
64.590710 -1.5229894 -0.0462943 12.7938976 0.0138634 -0.0174128 0.0001968 0.9997522
64.901640 -1.5295098 -0.0512783 12.9622879 0.0061898 -0.0180051 -0.0019343 0.9998169
65.108990 -1.5340208 -0.0536843 13.0767708 0.0052007 -0.0175538 -0.0009930 0.9998319
65.419850 -1.5406461 -0.0570123 13.2519016 0.0101559 -0.0182894 0.0008517 0.9997808
65.627110 -1.5451198 -0.0605821 13.3704109 0.0082476 -0.0194911 0.0018637 0.9997743
65.938040 -1.5523664 -0.0654133 13.5493526 0.0103842 -0.0227018 0.0039648 0.9996805
66.248940 -1.5619907 -0.0712135 13.7292786 0.0123303 -0.0249410 0.0021096 0.9996107
66.456240 -1.5687753 -0.0757231 13.8496141 0.0077033 -0.0262956 0.0005016 0.9996244
66.663590 -1.5759053 -0.0790051 13.9687185 0.0056377 -0.0272731 -0.0015761 0.9996109
66.870960 -1.5825850 -0.0818430 14.0872688 0.0073060 -0.0272950 -0.0010345 0.9996002
67.078310 -1.5893331 -0.0854634 14.2045403 0.0108178 -0.0275152 -0.0009629 0.9995624
67.389280 -1.5998553 -0.0916839 14.3799267 0.0091843 -0.0272189 -0.0028251 0.9995833
67.596630 -1.6073518 -0.0950905 14.4964113 0.0081726 -0.0267754 -0.0045281 0.9995978
67.803900 -1.6141305 -0.0986114 14.6128435 0.0035685 -0.0262237 -0.0058627 0.9996325
68.011290 -1.6213393 -0.1010261 14.7281685 0.0062637 -0.0257977 -0.0087306 0.9996094
68.218650 -1.6278272 -0.1036512 14.8421793 0.0099810 -0.0255127 -0.0113995 0.9995596
68.529590 -1.6378267 -0.1090390 15.0132751 0.0105852 -0.0251982 -0.0143379 0.9995236
68.840530 -1.6463696 -0.1141655 15.1850710 0.0081137 -0.0257122 -0.0138048 0.9995411
69.047890 -1.6527336 -0.1171774 15.2996645 0.0081981 -0.0249927 -0.0143299 0.9995513
69.255320 -1.6593584 -0.1201041 15.4156027 0.0084410 -0.0240802 -0.0140500 0.9995757
69.669950 -1.6714473 -0.1257190 15.6474009 0.0109090 -0.0232993 -0.0143428 0.9995661
69.877300 -1.6763352 -0.1293883 15.7660875 0.0111092 -0.0237663 -0.0132459 0.9995680
70.188400 -1.6847752 -0.1341744 15.9438848 0.0062167 -0.0233586 -0.0131649 0.9996212
70.499370 -1.6932487 -0.1385059 16.1202488 0.0060960 -0.0234393 -0.0108701 0.9996476
70.810370 -1.7017193 -0.1431903 16.2960835 0.0073751 -0.0240952 -0.0080925 0.9996497
71.017600 -1.7072008 -0.1464551 16.4141750 0.0041100 -0.0246202 -0.0056485 0.9996725
71.328430 -1.7158165 -0.1498708 16.5872040 0.0070300 -0.0252368 -0.0003926 0.9996567
71.639400 -1.7236269 -0.1553316 16.7548542 0.0055951 -0.0263428 0.0024066 0.9996344
71.846650 -1.7292962 -0.1578907 16.8654385 0.0029642 -0.0273880 0.0043157 0.9996111
72.157490 -1.7388086 -0.1618062 17.0272617 0.0034390 -0.0289938 0.0069523 0.9995495
72.468450 -1.7487602 -0.1656797 17.1843929 0.0045588 -0.0304726 0.0063009 0.9995053
72.779440 -1.7589512 -0.1697587 17.3359928 0.0040915 -0.0311276 0.0039782 0.9994991
73.090510 -1.7689263 -0.1734983 17.4812336 0.0054153 -0.0301109 0.0038733 0.9995244
73.505110 -1.7787066 -0.1786335 17.6602688 0.0037474 -0.0267973 0.0056260 0.9996181
73.816140 -1.7840791 -0.1814933 17.7832489 0.0012373 -0.0243835 0.0064444 0.9996812
74.334400 -1.7918653 -0.1865623 17.9606705 0.0064032 -0.0213072 0.0064084 0.9997320
74.748860 -1.7976797 -0.1903767 18.0813084 0.0039141 -0.0240696 0.0055985 0.9996870
75.473540 -1.8183099 -0.1955065 18.2537441 0.0069072 -0.0782769 0.0005138 0.9969076
75.887280 -1.8458405 -0.1978162 18.3407555 0.0030920 -0.1517795 -0.0008492 0.9884092
76.197600 -1.8764863 -0.1983426 18.3993721 -0.0026335 -0.2213504 -0.0042299 0.9751816
76.507950 -1.9161773 -0.1990608 18.4513817 -0.0066782 -0.2998026 -0.0127048 0.9538933
76.818440 -1.9686680 -0.1973947 18.5026283 -0.0142559 -0.3845032 -0.0109845 0.9229482
77.129020 -2.0335855 -0.1948688 18.5466957 -0.0206973 -0.4715433 -0.0045612 0.8815882
77.439860 -2.1115150 -0.1924284 18.5767574 -0.0178698 -0.5585264 -0.0004034 0.8292941
77.647090 -2.1690025 -0.1907945 18.5903645 -0.0196701 -0.6142268 0.0073592 0.7888501
77.854700 -2.2306974 -0.1895857 18.5960388 -0.0220833 -0.6630092 0.0012879 0.7482844
78.062560 -2.2960601 -0.1880793 18.5934505 -0.0178114 -0.7002268 -0.0100963 0.7136268
78.374790 -2.3992653 -0.1838849 18.5838890 -0.0187439 -0.7316837 -0.0188770 0.6811250
78.583150 -2.4704366 -0.1816137 18.5756035 -0.0152875 -0.7405917 -0.0204855 0.6714690
78.895610 -2.5803709 -0.1770871 18.5628128 -0.0054257 -0.7432633 -0.0105394 0.6688940
79.207550 -2.6996999 -0.1747199 18.5508919 -0.0106458 -0.7421932 -0.0129209 0.6699768
79.415180 -2.7818913 -0.1725399 18.5419579 -0.0078360 -0.7413606 -0.0148989 0.6708957
79.622670 -2.8674731 -0.1701613 18.5332012 -0.0037312 -0.7386329 -0.0164504 0.6738967
79.830150 -2.9576745 -0.1679917 18.5248661 -0.0034915 -0.7354581 -0.0192001 0.6772891
80.037500 -3.0516548 -0.1661087 18.5166492 -0.0042184 -0.7326376 -0.0227540 0.6802254
80.348500 -3.2004461 -0.1604569 18.5065098 -0.0041009 -0.7294112 -0.0200637 0.6837689
80.659450 -3.3573437 -0.1551639 18.4970493 -0.0100081 -0.7261079 -0.0246521 0.6870658
80.970420 -3.5176215 -0.1492985 18.4885063 -0.0075131 -0.7236230 -0.0245347 0.6897183
81.177670 -3.6264637 -0.1455738 18.4830399 -0.0068709 -0.7232224 -0.0224705 0.6902153
81.385030 -3.7367508 -0.1419804 18.4776058 -0.0082437 -0.7236860 -0.0224883 0.6897137
81.592230 -3.8468497 -0.1382348 18.4714432 -0.0080923 -0.7244485 -0.0237567 0.6888719
81.799470 -3.9570127 -0.1344703 18.4651546 -0.0075891 -0.7253519 -0.0247183 0.6878926
82.006700 -4.0669861 -0.1301018 18.4583569 -0.0065169 -0.7260511 -0.0254014 0.6871405
82.214070 -4.1762724 -0.1268089 18.4519482 -0.0057852 -0.7276643 -0.0239000 0.6854925
82.525020 -4.3371296 -0.1213263 18.4393806 -0.0079937 -0.7314158 -0.0282392 0.6812999
82.836140 -4.4976692 -0.1157034 18.4255123 -0.0027108 -0.7343510 -0.0280135 0.6781862
83.043500 -4.6039929 -0.1120207 18.4167004 -0.0032829 -0.7352074 -0.0271890 0.6772887
83.250970 -4.7100749 -0.1086269 18.4076004 -0.0045640 -0.7351648 -0.0286106 0.6772691
83.458190 -4.8159552 -0.1048053 18.3989830 -0.0014979 -0.7337465 -0.0273374 0.6788715
83.665550 -4.9217887 -0.1019815 18.3908176 -0.0014855 -0.7311590 -0.0296157 0.6815624
83.976710 -5.0797558 -0.0968912 18.3805504 -0.0022205 -0.7258933 -0.0314648 0.6870837
84.287600 -5.2360916 -0.0915755 18.3730850 -0.0017124 -0.7206168 -0.0296826 0.6926958
84.598480 -5.3909349 -0.0866218 18.3677292 -0.0006585 -0.7152558 -0.0291604 0.6982538
84.909310 -5.5464654 -0.0816297 18.3661022 -0.0024201 -0.7105704 -0.0310576 0.7029362
85.324080 -5.7447948 -0.0750872 18.3656139 -0.0048071 -0.7070416 -0.0268008 0.7066476
85.738670 -5.9247956 -0.0701987 18.3661175 -0.0070805 -0.7070631 -0.0219924 0.7067729
86.153190 -6.0828404 -0.0665754 18.3653011 -0.0119102 -0.7125359 -0.0208956 0.7012233
86.567780 -6.2243156 -0.0627508 18.3587589 -0.0115074 -0.7219954 -0.0182909 0.6915604
87.086250 -6.3966093 -0.0580814 18.3451042 -0.0084568 -0.7338355 -0.0159603 0.6790870
87.501040 -6.5337758 -0.0550109 18.3310146 -0.0047923 -0.7413403 -0.0148089 0.6709488
87.811980 -6.6404104 -0.0530682 18.3185234 -0.0044160 -0.7456247 -0.0141252 0.6662018
88.123030 -6.7509089 -0.0510433 18.3039322 -0.0001984 -0.7479495 -0.0156503 0.6635711
88.330460 -6.8271942 -0.0495879 18.2946625 -0.0006762 -0.7482349 -0.0159546 0.6632416
88.641400 -6.9479074 -0.0463892 18.2789497 -0.0063617 -0.7473868 -0.0257004 0.6638615
88.952550 -7.0746970 -0.0413916 18.2631893 -0.0044715 -0.7445667 -0.0306619 0.6668285
89.159790 -7.1614923 -0.0366357 18.2538567 0.0037471 -0.7421821 -0.0244557 0.6697415
89.470880 -7.3030081 -0.0311245 18.2407570 -0.0086312 -0.7375823 -0.0355561 0.6742652
89.885590 -7.4998484 -0.0225855 18.2241001 0.0060272 -0.7328901 -0.0264748 0.6798050
90.196710 -7.6579633 -0.0184516 18.2129860 0.0085055 -0.7263560 -0.0322400 0.6865094
90.611400 -7.8800969 -0.0137351 18.2048092 0.0043639 -0.7164783 -0.0238537 0.6971878
90.922380 -8.0531893 -0.0089073 18.2018967 0.0001407 -0.7109342 -0.0240961 0.7028456
91.233220 -8.2282543 -0.0050226 18.2000637 -0.0014693 -0.7099550 -0.0214577 0.7039186
91.544070 -8.4050474 -0.0004134 18.1974735 -0.0039784 -0.7118088 -0.0249952 0.7019172
91.855040 -8.5796852 0.0030749 18.1934872 -0.0018362 -0.7155821 -0.0168738 0.6983224
92.165880 -8.7540970 0.0064166 18.1885014 -0.0085117 -0.7191572 -0.0173831 0.6945778
92.476860 -8.9271450 0.0105651 18.1797867 -0.0031203 -0.7216457 -0.0189342 0.6919966
92.684080 -9.0432892 0.0127312 18.1739845 -0.0020431 -0.7230864 -0.0177352 0.6905268
92.891470 -9.1584768 0.0149929 18.1688194 -0.0069222 -0.7247602 -0.0181145 0.6887282
93.098570 -9.2743721 0.0183186 18.1625729 -0.0115349 -0.7269815 -0.0211714 0.6862337
93.305780 -9.3867893 0.0213142 18.1540489 -0.0071414 -0.7292979 -0.0192887 0.6838871
93.409390 -9.4434967 0.0229222 18.1500950 -0.0046245 -0.7303316 -0.0177122 0.6828474
93.616750 -9.5567665 0.0253341 18.1421661 -0.0084829 -0.7315257 -0.0182826 0.6815159
93.720480 -9.6136303 0.0268336 18.1379700 -0.0105571 -0.7320452 -0.0196366 0.6808912
93.927850 -9.7255611 0.0303541 18.1294956 -0.0130275 -0.7327169 -0.0198703 0.6801186
94.135100 -9.8363361 0.0339717 18.1205444 -0.0119935 -0.7325386 -0.0213729 0.6802841
94.238820 -9.8912907 0.0360512 18.1166840 -0.0101907 -0.7324647 -0.0215647 0.6803871
94.446200 -10.0012617 0.0390520 18.1072559 -0.0075754 -0.7313297 -0.0206690 0.6816687
94.653650 -10.1099911 0.0421830 18.1005096 -0.0073254 -0.7305927 -0.0184343 0.6825253
94.964650 -10.2715149 0.0468480 18.0892963 -0.0137858 -0.7293276 -0.0219763 0.6836726
95.171850 -10.3768692 0.0504812 18.0823269 -0.0128466 -0.7283725 -0.0209918 0.6847393
95.379210 -10.4789696 0.0536565 18.0759068 -0.0116644 -0.7278191 -0.0210708 0.6853461
95.586590 -10.5778904 0.0567977 18.0694733 -0.0138073 -0.7273421 -0.0232588 0.6857418
95.793800 -10.6714840 0.0595844 18.0642433 -0.0125565 -0.7271266 -0.0164320 0.6861919
96.001040 -10.7617016 0.0622325 18.0590382 -0.0148970 -0.7273344 -0.0153541 0.6859497
96.208400 -10.8473988 0.0644786 18.0538502 -0.0203664 -0.7281195 -0.0174308 0.6849259
96.519440 -10.9647112 0.0674147 18.0456963 -0.0126201 -0.7308160 -0.0120128 0.6823521
96.830260 -11.0739069 0.0701506 18.0358047 -0.0117515 -0.7348272 -0.0172240 0.6779338
97.141140 -11.1766071 0.0726202 18.0249405 -0.0138876 -0.7439740 -0.0169875 0.6678482
97.451710 -11.2729902 0.0751559 18.0084229 -0.0144918 -0.7648143 -0.0138763 0.6439384
97.658520 -11.3343859 0.0768906 17.9919281 -0.0144332 -0.7858247 -0.0138283 0.6181263
97.865260 -11.3926296 0.0783045 17.9714413 -0.0160049 -0.8120267 -0.0129023 0.5832581
98.175320 -11.4724503 0.0805231 17.9290619 -0.0186854 -0.8560805 -0.0117264 0.5163715
98.485690 -11.5436363 0.0831941 17.8725281 0.0184642 0.8994213 0.0142293 -0.4364606
98.692720 -11.5842304 0.0852094 17.8258705 0.0179197 0.9264057 0.0151272 -0.3757960
99.003280 -11.6338253 0.0887882 17.7432156 0.0161959 0.9600888 0.0170370 -0.2787058
99.210630 -11.6590672 0.0907255 17.6811752 0.0159519 0.9769896 0.0185602 -0.2118784
99.418370 -11.6791582 0.0929828 17.6128902 0.0206716 0.9888041 0.0197008 -0.1464615
99.625590 -11.6911335 0.0961541 17.5394745 0.0203842 0.9955190 0.0187089 -0.0904231
99.833450 -11.6963053 0.0984012 17.4615860 0.0162472 0.9985101 0.0178310 -0.0489450
100.042000 -11.6983128 0.1014922 17.3786755 0.0147032 0.9994251 0.0195682 -0.0234595
100.249900 -11.6989279 0.1035618 17.2925129 0.0160132 0.9997147 0.0162830 -0.0070047
100.458000 -11.6980114 0.1061723 17.2045956 0.0203835 0.9997320 0.0080857 0.0074208
100.665600 -11.6927576 0.1071027 17.1130047 0.0184813 0.9995711 0.0066950 0.0217047
100.873400 -11.6859436 0.1080780 17.0173225 0.0185000 0.9993024 0.0066577 0.0317501
101.081000 -11.6779156 0.1088328 16.9182949 0.0156377 0.9991813 0.0064900 0.0367429
101.288400 -11.6690655 0.1091814 16.8163319 0.0147441 0.9990388 0.0068142 0.0407143
101.599500 -11.6530132 0.1105393 16.6560974 0.0127256 0.9987012 0.0097008 0.0483719
101.806900 -11.6397781 0.1117901 16.5446014 0.0109235 0.9985017 0.0095933 0.0527546
102.118100 -11.6190510 0.1134262 16.3724308 0.0076869 0.9984999 0.0043276 0.0540384
102.325600 -11.6056004 0.1135271 16.2542171 0.0072586 0.9985820 0.0064978 0.0523363
102.636700 -11.5850525 0.1168308 16.0692310 0.0040973 0.9987829 0.0071476 0.0486303
102.947600 -11.5667830 0.1179491 15.8821697 0.0030091 0.9989207 0.0119385 0.0447872
103.362200 -11.5441036 0.1221797 15.6341562 0.0004372 0.9990795 0.0143979 0.0404074
103.569600 -11.5334435 0.1244793 15.5092258 -0.0002206 0.9991661 0.0141274 0.0383069
103.776800 -11.5248795 0.1261700 15.3849659 0.0023051 0.9992273 0.0132498 0.0369325
103.984100 -11.5146580 0.1279807 15.2618103 -0.0003232 0.9993188 0.0123789 0.0347637
104.191300 -11.5041914 0.1303650 15.1361074 -0.0042285 0.9994003 0.0109046 0.0325909
104.502300 -11.4911938 0.1328305 14.9466343 -0.0082296 0.9994478 0.0137113 0.0291251
104.813200 -11.4814138 0.1358651 14.7569714 -0.0015194 0.9995962 0.0107861 0.0262426
105.124200 -11.4708939 0.1395807 14.5648613 -0.0006238 0.9995164 0.0178321 0.0254675
105.435200 -11.4587326 0.1423589 14.3773136 -0.0047268 0.9995756 0.0095761 0.0271037
105.642600 -11.4508162 0.1434090 14.2515059 -0.0043363 0.9995533 0.0096448 0.0279528
105.953500 -11.4396582 0.1448747 14.0652599 -0.0047725 0.9995993 0.0097675 0.0261373
106.160900 -11.4328022 0.1452340 13.9420452 -0.0038437 0.9996582 0.0112583 0.0232797
106.368200 -11.4267750 0.1461583 13.8199224 -0.0046416 0.9997427 0.0088492 0.0203636
106.575600 -11.4217920 0.1473534 13.6974077 -0.0029783 0.9997694 0.0090762 0.0192340
106.782900 -11.4160080 0.1482782 13.5762959 -0.0020858 0.9997594 0.0117456 0.0184091
107.093900 -11.4087029 0.1502146 13.3956137 0.0017518 0.9997504 0.0080267 0.0207782
107.301100 -11.4031487 0.1517543 13.2736607 0.0058708 0.9996289 0.0087255 0.0251277
107.508500 -11.3951559 0.1525716 13.1514673 0.0014926 0.9995533 0.0060993 0.0292200
107.716000 -11.3872871 0.1532331 13.0287018 0.0007829 0.9994702 0.0108401 0.0306797
107.923300 -11.3793335 0.1549771 12.9058418 0.0014513 0.9994609 0.0092946 0.0314551
108.234600 -11.3670340 0.1546151 12.7208347 0.0046917 0.9994534 0.0073950 0.0318794
108.441900 -11.3598156 0.1566502 12.5964260 0.0032388 0.9994041 0.0121528 0.0321435
108.649300 -11.3515463 0.1575857 12.4718409 0.0048667 0.9994990 0.0104136 0.0294895
108.857100 -11.3450394 0.1597206 12.3461685 0.0063757 0.9995612 0.0099868 0.0271488
108.960400 -11.3417387 0.1603725 12.2833338 0.0082404 0.9995483 0.0130004 0.0258109
109.167800 -11.3347731 0.1623959 12.1565380 0.0082627 0.9995943 0.0135441 0.0236558
109.375000 -11.3283396 0.1642669 12.0295706 0.0087215 0.9995837 0.0121708 0.0246619
109.582100 -11.3219213 0.1672447 11.9019918 0.0079651 0.9995123 0.0119396 0.0277331
109.789400 -11.3134279 0.1694070 11.7727652 0.0077950 0.9993654 0.0151915 0.0312591
109.996800 -11.3055868 0.1690679 11.6453629 0.0084832 0.9993684 0.0111515 0.0326591
110.204300 -11.2951488 0.1696854 11.5184793 0.0073434 0.9993544 0.0086901 0.0340772
110.411800 -11.2847958 0.1711555 11.3881092 0.0040862 0.9992480 0.0141524 0.0358669
110.619600 -11.2733240 0.1734982 11.2598248 0.0037556 0.9992421 0.0101461 0.0373909
110.827000 -11.2632980 0.1734698 11.1311855 0.0072129 0.9991823 -0.0019218 0.0397377
110.930400 -11.2580805 0.1726172 11.0658970 0.0089008 0.9991284 -0.0013124 0.0407609
111.138000 -11.2459345 0.1722495 10.9340878 0.0084341 0.9990527 0.0100442 0.0414933
111.345300 -11.2345953 0.1734845 10.8040152 0.0070924 0.9990414 0.0137030 0.0409657
111.552700 -11.2236032 0.1751755 10.6760902 0.0094467 0.9991487 0.0082260 0.0393065
111.863700 -11.2076674 0.1760706 10.4813471 0.0129168 0.9992504 0.0050822 0.0361381
112.070900 -11.1988478 0.1758729 10.3541107 0.0136765 0.9992670 0.0086072 0.0347034
112.174700 -11.1939030 0.1759244 10.2917795 0.0134873 0.9992993 0.0091879 0.0336833
112.278300 -11.1892977 0.1760554 10.2299747 0.0127270 0.9993474 0.0082211 0.0327905
112.382000 -11.1844482 0.1761311 10.1681614 0.0117363 0.9993874 0.0078218 0.0320304
112.589100 -11.1769028 0.1763294 10.0453844 0.0129463 0.9993883 0.0094656 0.0310781
112.692800 -11.1727829 0.1765610 9.9851904 0.0133909 0.9993935 0.0104332 0.0304068
112.796500 -11.1699867 0.1767878 9.9254484 0.0168612 0.9993169 0.0125782 0.0303851
113.003600 -11.1632195 0.1775538 9.8076220 0.0176085 0.9992945 0.0128368 0.0305884
113.211000 -11.1570339 0.1789707 9.6947432 0.0243248 0.9991809 0.0106912 0.0305219
113.418300 -11.1483116 0.1782289 9.5859556 0.0132117 0.9994656 0.0062768 0.0292321
113.729300 -11.1384983 0.1781566 9.4246273 0.0099982 0.9996504 0.0084584 0.0229690
113.936500 -11.1338348 0.1784254 9.3224297 0.0084465 0.9997155 0.0106208 0.0196147
114.247300 -11.1282930 0.1785277 9.1762028 0.0094987 0.9997873 0.0114066 0.0143197
114.661600 -11.1242733 0.1792504 8.9991093 0.0117894 0.9998121 0.0118174 0.0098556
115.283300 -11.1178312 0.1806855 8.7737360 0.0168867 0.9995622 0.0099725 0.0221528
115.904300 -11.0945463 0.1794530 8.5968971 0.0192796 0.9963797 0.0069293 0.0825091
116.421300 -11.0451317 0.1786709 8.4717712 0.0123562 0.9813242 0.0053256 0.1918901
116.835200 -10.9848309 0.1782665 8.3808374 0.0112574 0.9569875 0.0026202 0.2898988
117.249500 -10.8949060 0.1779872 8.2922659 0.0126244 0.9183533 0.0072690 0.3954935
117.560200 -10.8067455 0.1769530 8.2357616 0.0113421 0.8790550 0.0027487 0.4765776
117.767400 -10.7398577 0.1757335 8.2041035 0.0151604 0.8501725 -0.0006752 0.5262856
117.974800 -10.6661358 0.1739678 8.1791201 0.0133699 0.8194746 -0.0007002 0.5729592
118.182100 -10.5848379 0.1725899 8.1619129 0.0076593 0.7871205 -0.0028667 0.6167451
118.389600 -10.4988279 0.1711552 8.1510401 0.0024989 0.7581572 -0.0018029 0.6520646
118.597500 -10.4072800 0.1700323 8.1452665 0.0034051 0.7364256 -0.0050274 0.6764913
118.909400 -10.2632933 0.1673013 8.1424847 0.0048538 0.7161740 -0.0125257 0.6977925
119.221300 -10.1110306 0.1631792 8.1421614 0.0015375 0.7089254 -0.0061841 0.7052547
119.429000 -10.0083427 0.1602920 8.1423607 0.0071408 0.7058687 -0.0092366 0.7082465
119.636600 -9.9019766 0.1572477 8.1437454 0.0111543 0.7039976 -0.0119843 0.7100136
119.947800 -9.7350798 0.1516779 8.1464891 0.0066497 0.7017393 -0.0037681 0.7123928
120.155200 -9.6226254 0.1486530 8.1479692 0.0097086 0.6998821 -0.0029888 0.7141862
120.466000 -9.4486685 0.1438867 8.1531849 0.0105575 0.6978371 -0.0045709 0.7161641
120.777000 -9.2666798 0.1393580 8.1586647 0.0100960 0.6965831 -0.0021759 0.7174018
121.088000 -9.0789270 0.1346706 8.1644697 0.0121392 0.6940133 0.0011354 0.7198589
121.398800 -8.8897820 0.1294139 8.1744585 0.0116433 0.6895345 0.0041445 0.7241473
121.709800 -8.7001200 0.1251009 8.1869478 0.0096232 0.6839434 0.0059667 0.7294472
122.020900 -8.5097809 0.1215311 8.2016907 0.0095186 0.6781945 0.0013199 0.7348196
122.435600 -8.2552490 0.1149578 8.2263737 0.0033902 0.6725006 -0.0007059 0.7400885
122.746800 -8.0688725 0.1110246 8.2463264 0.0023284 0.6725572 -0.0045021 0.7400278
123.057800 -7.8836579 0.1061387 8.2660351 -0.0015688 0.6739019 -0.0105053 0.7387445
123.368800 -7.7051077 0.1017961 8.2846794 -0.0012144 0.6759500 -0.0153129 0.7367874
123.679700 -7.5343609 0.0968127 8.2997627 -0.0035919 0.6787343 -0.0152403 0.7342170
123.990700 -7.3740730 0.0917826 8.3119173 -0.0057110 0.6829286 -0.0171185 0.7302623
124.509200 -7.1348486 0.0839718 8.3232002 -0.0008393 0.6936710 -0.0165562 0.7201011
124.923900 -6.9619551 0.0779477 8.3285255 0.0038740 0.7024292 -0.0176955 0.7115231
125.442100 -6.7493286 0.0695802 8.3287687 -0.0008513 0.7080813 -0.0110183 0.7060444
125.753000 -6.6223574 0.0663417 8.3302641 -0.0074867 0.7059266 -0.0072326 0.7082085
126.374400 -6.3784132 0.0601116 8.3420420 0.0105055 0.6753690 -0.0024913 0.7374009
126.892100 -6.1841078 0.0527523 8.3814907 0.0097148 0.6175531 -0.0034289 0.7864617
127.306200 -6.0397601 0.0490493 8.4421387 0.0026963 0.5442373 -0.0039841 0.8389175
127.616800 -5.9451241 0.0465685 8.5046282 0.0062280 0.4757594 -0.0056392 0.8795354
128.031100 -5.8358521 0.0426780 8.6099758 0.0118991 0.3760652 -0.0039002 0.9265086
128.445900 -5.7495432 0.0375498 8.7376432 0.0081800 0.2785122 0.0012755 0.9603970
128.653300 -5.7162623 0.0357446 8.8063059 0.0085443 0.2311611 0.0003585 0.9728779
128.860800 -5.6902485 0.0336035 8.8784618 0.0057336 0.1861674 -0.0050630 0.9824883
129.172100 -5.6621637 0.0312152 8.9931240 0.0002000 0.1347140 -0.0142024 0.9907827
129.380000 -5.6475763 0.0297534 9.0702858 -0.0025446 0.1160379 -0.0249560 0.9929280
129.588000 -5.6313696 0.0291946 9.1473541 -0.0017322 0.1067852 -0.0259670 0.9939415
129.899900 -5.6093016 0.0274726 9.2606955 -0.0006535 0.1057826 -0.0289417 0.9939678
130.108000 -5.5918689 0.0263567 9.3349352 0.0022025 0.1135788 -0.0245891 0.9932222
130.420800 -5.5613308 0.0243087 9.4395294 -0.0005148 0.1469453 -0.0236230 0.9888623
130.732300 -5.5189552 0.0216928 9.5304413 -0.0069050 0.2040187 -0.0103009 0.9788885
131.044700 -5.4688745 0.0185796 9.6043024 0.0052807 0.2787074 -0.0089974 0.9603194
131.460800 -5.3855376 0.0166778 9.6843901 0.0013398 0.3915614 -0.0089848 0.9201071
131.772200 -5.3125615 0.0135530 9.7272015 0.0055160 0.4718561 -0.0054992 0.8816411
132.290000 -5.1814723 0.0101030 9.7763224 0.0036946 0.5733572 -0.0093330 0.8192440
132.600700 -5.0897856 0.0069556 9.7952232 0.0041764 0.6193590 -0.0039038 0.7850870
132.911000 -4.9893250 0.0042512 9.8101587 0.0091542 0.6472605 -0.0060766 0.7621897
133.117900 -4.9158225 0.0022092 9.8194847 0.0111355 0.6591129 -0.0098147 0.7518975
133.428500 -4.7951188 -0.0018651 9.8297024 0.0144776 0.6744951 -0.0086701 0.7380864
133.635500 -4.7072854 -0.0049414 9.8362770 0.0149367 0.6784937 -0.0054077 0.7344345
133.842500 -4.6149426 -0.0072790 9.8432188 0.0129701 0.6788359 -0.0035180 0.7341670
134.153300 -4.4666710 -0.0121858 9.8543653 0.0120393 0.6804576 -0.0038095 0.7326787
134.360800 -4.3617096 -0.0150107 9.8620872 0.0135004 0.6823869 -0.0056547 0.7308446
134.671600 -4.1952400 -0.0203323 9.8731756 0.0133470 0.6849775 -0.0078556 0.7283995
134.879000 -4.0786505 -0.0242471 9.8800726 0.0126612 0.6864963 -0.0071910 0.7269874
135.189900 -3.8979661 -0.0310401 9.8903065 0.0121167 0.6895955 -0.0055276 0.7240723
135.397200 -3.7741773 -0.0353694 9.8959160 0.0133986 0.6910773 -0.0043480 0.7226436
135.811800 -3.5208440 -0.0445342 9.9072285 0.0153678 0.6935106 -0.0069148 0.7202494
136.019200 -3.3911889 -0.0495877 9.9117146 0.0153492 0.6946342 -0.0097374 0.7191334
136.433700 -3.1260054 -0.0604501 9.9199762 0.0150158 0.6939022 -0.0043687 0.7198994
136.641100 -2.9916120 -0.0656482 9.9248896 0.0160109 0.6913987 -0.0023407 0.7222922
136.848400 -2.8566380 -0.0708053 9.9324236 0.0171962 0.6891944 -0.0035042 0.7243640
137.055800 -2.7219439 -0.0767730 9.9406729 0.0178205 0.6875053 -0.0044374 0.7259471
137.263200 -2.5881484 -0.0826565 9.9497404 0.0166078 0.6867554 -0.0062379 0.7266721
137.574300 -2.3901234 -0.0904640 9.9619465 0.0111820 0.6848239 0.0001762 0.7286228
137.988900 -2.1328714 -0.1004576 9.9797363 0.0200330 0.6828527 -0.0071927 0.7302459
138.196300 -2.0041878 -0.1064524 9.9888029 0.0140987 0.6834238 -0.0017683 0.7298836
138.507100 -1.8152800 -0.1137062 10.0015354 0.0180559 0.6834387 -0.0020874 0.7297816
138.714400 -1.6900873 -0.1187727 10.0110607 0.0169890 0.6827601 -0.0009052 0.7304446
138.921600 -1.5701265 -0.1242195 10.0184593 0.0160423 0.6817376 -0.0009386 0.7314203
139.336200 -1.3283011 -0.1336808 10.0370111 0.0181037 0.6800975 -0.0013120 0.7328969
139.750900 -1.0940684 -0.1435791 10.0556602 0.0167101 0.6781964 -0.0002970 0.7346906
140.061900 -0.9305574 -0.1506459 10.0715065 0.0139128 0.6772755 -0.0032627 0.7355907
140.579900 -0.6724926 -0.1612697 10.0952291 0.0107328 0.6776152 -0.0094641 0.7352774
140.994700 -0.4705198 -0.1697597 10.1122160 0.0098048 0.6798921 -0.0062831 0.7332197
141.513000 -0.2437651 -0.1789369 10.1286449 0.0115378 0.6849958 -0.0088865 0.7284015
142.342200 0.0468455 -0.1918615 10.1366558 0.0098599 0.7059117 -0.0071508 0.7081951
143.171700 0.2555728 -0.1998209 10.1213474 0.0153452 0.7353182 -0.0005252 0.6775481
144.415600 0.4223467 -0.2063549 10.0834064 0.0188271 0.7876701 0.0026789 0.6158037
145.349100 0.5397625 -0.2103099 10.0309658 0.0222314 0.8461801 -0.0053879 0.5324058
145.868200 0.6330819 -0.2146897 9.9592600 0.0197076 0.8994093 -0.0069049 0.4366084
146.283300 0.7082953 -0.2173061 9.8679810 0.0206881 0.9410539 -0.0076124 0.3375375
146.490800 0.7423205 -0.2188484 9.8102283 0.0223970 0.9595617 -0.0093115 0.2804514
146.698100 0.7717607 -0.2214722 9.7446241 0.0215687 0.9747470 -0.0089322 0.2220885
146.905400 0.7944355 -0.2226330 9.6699533 0.0265234 0.9853980 -0.0071605 0.1680359
147.112500 0.8132930 -0.2244789 9.5874777 0.0273749 0.9924080 -0.0039768 0.1198382
147.319400 0.8275018 -0.2257526 9.4955540 0.0262325 0.9963000 -0.0006335 0.0818393
147.526300 0.8372320 -0.2264040 9.3965702 0.0278443 0.9980405 0.0005343 0.0560316
147.733000 0.8453201 -0.2267615 9.2902031 0.0277554 0.9989062 0.0009247 0.0376186
148.043400 0.8521764 -0.2264969 9.1166172 0.0284350 0.9994449 0.0030032 0.0170982
148.353700 0.8562340 -0.2259591 8.9296713 0.0308538 0.9994802 0.0040634 0.0084174
148.664200 0.8575907 -0.2254682 8.7293863 0.0327640 0.9994286 0.0048193 0.0067739
148.871300 0.8602614 -0.2244352 8.5882721 0.0340137 0.9993826 0.0044477 0.0075932
149.182200 0.8642116 -0.2239960 8.3656168 0.0358926 0.9993068 0.0024127 0.0095801
149.389300 0.8668967 -0.2232021 8.2105541 0.0383499 0.9991930 0.0011078 0.0118926
149.700100 0.8743222 -0.2247093 7.9721446 0.0374313 0.9991418 0.0002809 0.0177356
150.011100 0.8854997 -0.2252001 7.7223635 0.0350587 0.9991199 0.0007656 0.0230174
150.322000 0.8996823 -0.2258639 7.4651971 0.0359762 0.9989986 0.0019107 0.0265292
150.632900 0.9153810 -0.2288294 7.2028193 0.0358841 0.9989066 0.0017774 0.0299131
150.943700 0.9326838 -0.2305850 6.9370189 0.0342853 0.9989125 0.0020351 0.0315307
151.151100 0.9443334 -0.2324487 6.7576218 0.0351005 0.9988627 0.0019953 0.0322074
151.358300 0.9562311 -0.2341615 6.5767603 0.0349827 0.9988605 0.0028754 0.0323361
151.565600 0.9682717 -0.2350474 6.3934064 0.0337464 0.9989182 0.0033681 0.0318166
151.876700 0.9861413 -0.2364207 6.1147270 0.0315164 0.9990540 0.0022272 0.0298816
151.980300 0.9916277 -0.2372690 6.0220904 0.0315546 0.9990726 0.0028054 0.0291625
152.187500 1.0020390 -0.2370511 5.8335891 0.0319637 0.9990851 0.0058186 0.0278109
152.394700 1.0128462 -0.2374318 5.6423674 0.0325731 0.9991046 0.0071749 0.0260289
152.602100 1.0224861 -0.2371219 5.4489207 0.0329621 0.9991397 0.0057585 0.0244974
152.809400 1.0317842 -0.2368211 5.2536654 0.0349573 0.9991134 0.0047162 0.0229817
152.913100 1.0366726 -0.2372507 5.1553211 0.0362576 0.9990880 0.0040711 0.0221787
153.120400 1.0447341 -0.2379620 4.9577513 0.0369053 0.9990830 0.0023600 0.0215744
153.327600 1.0546474 -0.2393436 4.7586460 0.0354704 0.9991513 0.0043403 0.0204876
153.534900 1.0633975 -0.2398673 4.5569053 0.0340592 0.9992086 0.0043575 0.0200813
153.742200 1.0709428 -0.2402750 4.3548584 0.0346662 0.9991919 0.0016884 0.0202719
153.845800 1.0748448 -0.2411018 4.2530117 0.0351475 0.9991695 0.0013341 0.0205723
154.156700 1.0868268 -0.2424255 3.9470489 0.0360825 0.9991084 0.0039338 0.0215628
154.363800 1.0955582 -0.2439580 3.7423348 0.0364070 0.9990869 0.0033153 0.0221145
154.674600 1.1095552 -0.2451280 3.4394197 0.0366759 0.9990554 0.0032214 0.0230824
154.881800 1.1196681 -0.2472700 3.2378047 0.0359416 0.9990599 0.0040503 0.0238990
155.088900 1.1301622 -0.2483183 3.0367589 0.0358183 0.9990418 0.0047998 0.0246874
155.296100 1.1408271 -0.2491387 2.8358233 0.0358213 0.9990243 0.0042412 0.0254797
155.503300 1.1519593 -0.2506424 2.6358128 0.0364563 0.9989835 0.0040045 0.0262082
155.710400 1.1639403 -0.2521057 2.4368811 0.0362131 0.9989823 0.0037697 0.0266231
155.917800 1.1750579 -0.2525003 2.2388330 0.0352545 0.9989911 0.0045363 0.0274454
156.125000 1.1863858 -0.2534050 2.0414732 0.0347471 0.9989542 0.0095683 0.0281336
156.436000 1.2041837 -0.2528239 1.7484931 0.0353341 0.9989145 0.0077834 0.0293398
156.643200 1.2166661 -0.2533887 1.5542352 0.0362443 0.9988567 0.0088438 0.0298890
156.954100 1.2335874 -0.2531328 1.2692096 0.0373232 0.9987850 0.0098656 0.0306297
157.265000 1.2523619 -0.2544438 0.9937554 0.0350692 0.9989183 0.0067231 0.0297846
157.576000 1.2676617 -0.2563006 0.7285093 0.0340424 0.9989946 0.0065200 0.0284319
157.990600 1.2857287 -0.2590593 0.3942369 0.0335793 0.9990656 0.0060592 0.0265248
158.197900 1.2937711 -0.2602952 0.2343838 0.0338391 0.9990866 0.0056118 0.0254844
158.509100 1.3058428 -0.2628505 0.0096750 0.0346020 0.9991065 0.0059485 0.0235294
158.716400 1.3107566 -0.2663253 -0.1316471 0.0352853 0.9990897 0.0072781 0.0228406
253.251500 2.9559543 -0.1392476 10.4520025 0.0060470 -0.2005335 -0.0119909 0.9795948
253.769300 2.9162626 -0.1422234 10.6177511 0.0128237 -0.0892087 -0.0053237 0.9959162
254.699700 2.8986440 -0.1503728 10.9530544 0.0080759 -0.0181489 0.0086761 0.9997650
255.320700 2.8906755 -0.1559788 11.1925154 0.0133127 -0.0179728 0.0158415 0.9996243
256.149700 2.8760266 -0.1664621 11.5358400 0.0033997 -0.0256077 0.0250583 0.9993522
256.668100 2.8648801 -0.1721429 11.7585402 0.0133100 -0.0266533 0.0186079 0.9993829
257.082600 2.8539839 -0.1769979 11.9519081 0.0035900 -0.0240158 0.0112937 0.9996414
257.497000 2.8455660 -0.1809826 12.1500282 0.0133254 -0.0235962 0.0120066 0.9995607
257.911500 2.8349330 -0.1849732 12.3586674 0.0055917 -0.0263100 0.0118789 0.9995676
258.222400 2.8263588 -0.1890710 12.5167580 0.0079672 -0.0277850 0.0124083 0.9995052
258.533400 2.8171654 -0.1929173 12.6769419 0.0040692 -0.0287370 0.0101616 0.9995271
258.844300 2.8080769 -0.1960792 12.8362608 0.0054828 -0.0290943 0.0124661 0.9994839
259.051600 2.8018522 -0.1988322 12.9416761 0.0078961 -0.0300729 0.0126365 0.9994366
259.258900 2.7953272 -0.2023100 13.0463314 0.0108994 -0.0312986 0.0134613 0.9993600
259.569800 2.7847226 -0.2066722 13.2038937 0.0034608 -0.0325372 0.0125963 0.9993852
259.777000 2.7774589 -0.2091833 13.3077192 0.0064711 -0.0318202 0.0108257 0.9994140
260.088000 2.7665863 -0.2141022 13.4623537 0.0074890 -0.0298544 0.0069098 0.9995023
260.295200 2.7602546 -0.2166661 13.5660887 0.0055506 -0.0293415 0.0043577 0.9995446
260.606300 2.7505343 -0.2210226 13.7188234 0.0099806 -0.0291751 0.0025775 0.9995211
260.917100 2.7416542 -0.2257755 13.8709707 0.0044941 -0.0288017 0.0005919 0.9995749
261.228100 2.7328799 -0.2292960 14.0220909 0.0060356 -0.0299763 0.0045502 0.9995220
261.539100 2.7229426 -0.2331487 14.1729527 0.0071566 -0.0332040 0.0047112 0.9994119
261.746300 2.7153513 -0.2352859 14.2736263 -0.0007327 -0.0363243 0.0008178 0.9993395
262.057300 2.7038782 -0.2382968 14.4210615 0.0055664 -0.0411588 0.0040257 0.9991290
262.368600 2.6915474 -0.2424034 14.5675621 0.0067611 -0.0470475 0.0078359 0.9988390
262.575500 2.6814139 -0.2451559 14.6647530 0.0116017 -0.0521746 0.0078538 0.9985397
262.886300 2.6646864 -0.2496055 14.8101501 0.0061113 -0.0598631 0.0040111 0.9981799
263.197400 2.6448624 -0.2528109 14.9537563 0.0056621 -0.0654168 -0.0031076 0.9978371
263.508500 2.6232476 -0.2567014 15.0970945 0.0083202 -0.0658057 -0.0165154 0.9976611
263.819600 2.6039958 -0.2601933 15.2417870 0.0088646 -0.0615209 -0.0188542 0.9978883
264.130600 2.5865886 -0.2630566 15.3884964 0.0031465 -0.0526034 -0.0195683 0.9984188
264.441500 2.5707388 -0.2656575 15.5341663 0.0090065 -0.0434898 -0.0272710 0.9986410
264.752300 2.5590718 -0.2695911 15.6817722 0.0074839 -0.0361623 -0.0219730 0.9990763
265.063100 2.5495470 -0.2732670 15.8290911 0.0092215 -0.0313629 -0.0183212 0.9992976
265.374100 2.5401750 -0.2782257 15.9762049 0.0105721 -0.0263393 -0.0228436 0.9993361
265.685200 2.5322299 -0.2815999 16.1243515 0.0031868 -0.0246699 -0.0219801 0.9994489
265.996200 2.5247846 -0.2853045 16.2703896 0.0108202 -0.0244658 -0.0224137 0.9993908
266.307100 2.5178416 -0.2893531 16.4161797 0.0070264 -0.0240369 -0.0170738 0.9995406
266.514500 2.5132041 -0.2917101 16.5117188 0.0047293 -0.0238878 -0.0163695 0.9995694
266.825500 2.5067301 -0.2949562 16.6501503 0.0065666 -0.0227291 -0.0129544 0.9996362
267.032800 2.5027220 -0.2977875 16.7401981 0.0070295 -0.0214314 -0.0094966 0.9997005
267.343800 2.4967961 -0.3013750 16.8701019 0.0067204 -0.0160326 -0.0137013 0.9997550
267.654800 2.4927473 -0.3053844 16.9936657 0.0108061 -0.0074208 -0.0174485 0.9997618
267.862100 2.4923799 -0.3080335 17.0722752 0.0056468 -0.0020793 -0.0152330 0.9998659
268.069400 2.4929714 -0.3101935 17.1479588 0.0008484 0.0023200 -0.0108968 0.9999376
268.483800 2.4939337 -0.3143301 17.2851868 0.0086513 0.0040317 -0.0067516 0.9999316
268.898400 2.4948673 -0.3187629 17.4163189 0.0127253 0.0007208 -0.0051208 0.9999056
269.209400 2.4939516 -0.3217356 17.5137310 0.0070132 -0.0089724 0.0001556 0.9999352
269.520100 2.4890237 -0.3242783 17.6081371 0.0101790 -0.0284499 0.0012987 0.9995425
269.934700 2.4731140 -0.3279145 17.7377701 0.0087621 -0.0574105 -0.0073840 0.9982849
270.245800 2.4571598 -0.3303480 17.8405590 0.0128519 -0.0709706 -0.0152176 0.9972795
270.660700 2.4342468 -0.3341200 17.9871616 0.0082899 -0.0698190 -0.0217642 0.9972878
270.972000 2.4197669 -0.3363813 18.1044312 0.0119504 -0.0586928 -0.0178437 0.9980451
271.386800 2.4047964 -0.3408367 18.2700653 0.0089602 -0.0369346 -0.0202539 0.9990723
271.801300 2.3955574 -0.3465246 18.4459858 0.0186356 -0.0177267 -0.0167803 0.9995283
272.112100 2.3923423 -0.3515339 18.5869999 0.0110613 -0.0095256 -0.0122663 0.9998182
272.422900 2.3907077 -0.3555493 18.7317390 0.0117139 -0.0078318 -0.0088268 0.9998618
272.837300 2.3859532 -0.3608613 18.9345398 0.0099787 -0.0134520 -0.0080824 0.9998270
273.252000 2.3796005 -0.3663161 19.1388092 0.0135400 -0.0218886 -0.0008209 0.9996684
273.563100 2.3712010 -0.3720852 19.2934895 0.0054721 -0.0256335 -0.0041828 0.9996477
273.977700 2.3592880 -0.3770664 19.4962597 0.0072339 -0.0291792 -0.0063363 0.9995279
274.288800 2.3500094 -0.3807014 19.6442013 0.0120326 -0.0303325 -0.0073601 0.9994403
274.703400 2.3375559 -0.3871537 19.8437576 0.0032581 -0.0296896 -0.0064829 0.9995328
275.014500 2.3284049 -0.3906876 19.9895153 0.0108352 -0.0290966 -0.0103028 0.9994648
275.429100 2.3178349 -0.3981057 20.1819782 0.0084200 -0.0280246 -0.0050739 0.9995589
275.636400 2.3132405 -0.4009182 20.2746468 0.0071951 -0.0278793 -0.0032231 0.9995802
275.947300 2.3048511 -0.4056323 20.4078293 0.0105644 -0.0299347 -0.0070389 0.9994712
276.154500 2.2987978 -0.4087300 20.4930897 0.0093225 -0.0347992 -0.0071940 0.9993249
276.465300 2.2884719 -0.4127325 20.6159801 0.0048473 -0.0446801 -0.0058005 0.9989728
276.776500 2.2761352 -0.4157996 20.7313728 0.0052725 -0.0553082 -0.0075718 0.9984267
277.190700 2.2565646 -0.4202012 20.8748989 0.0104351 -0.0710663 -0.0097143 0.9973697
277.501600 2.2392809 -0.4236747 20.9735508 0.0074107 -0.0844833 -0.0120431 0.9963245
277.812800 2.2205932 -0.4259470 21.0621529 0.0048900 -0.0903251 -0.0231137 0.9956321
278.124300 2.2069921 -0.4281205 21.1407585 0.0044953 -0.0730293 -0.0303552 0.9968576
278.436400 2.2017212 -0.4303105 21.2130527 0.0063887 -0.0280064 -0.0358795 0.9989432
278.748900 2.2090237 -0.4331168 21.2789574 0.0078908 0.0481837 -0.0341434 0.9982235
279.061200 2.2273197 -0.4358279 21.3370476 0.0120732 0.1453546 -0.0256459 0.9889735
279.373400 2.2586513 -0.4390546 21.3879261 0.0158884 0.2518599 -0.0173775 0.9674772
279.581300 2.2853966 -0.4417624 21.4173985 0.0131356 0.3194200 -0.0104364 0.9474647
279.788700 2.3156872 -0.4431871 21.4425774 0.0113814 0.3848953 -0.0023071 0.9228872
279.996000 2.3487911 -0.4445793 21.4627075 0.0139720 0.4459851 0.0030087 0.8949262
280.306800 2.4016232 -0.4460763 21.4862633 0.0091978 0.5318730 0.0045041 0.8467622
280.514300 2.4400845 -0.4469476 21.4965076 0.0123376 0.5826846 0.0052053 0.8125880
280.721100 2.4824982 -0.4484751 21.5028381 0.0174508 0.6233978 0.0097161 0.7816496
280.927900 2.5287290 -0.4490313 21.5089817 0.0172149 0.6547397 0.0031843 0.7556517
281.134700 2.5790982 -0.4501169 21.5120049 0.0187996 0.6769412 0.0048211 0.7357812
281.341300 2.6330099 -0.4514635 21.5134811 0.0220091 0.6892667 0.0075080 0.7241344
281.547600 2.6897202 -0.4526706 21.5156384 0.0221949 0.6917459 0.0089124 0.7217448
281.754200 2.7498724 -0.4541767 21.5189037 0.0197938 0.6899590 0.0092409 0.7235188
281.961100 2.8132789 -0.4555576 21.5220890 0.0207761 0.6880006 0.0097213 0.7253476
282.271600 2.9140778 -0.4576368 21.5283432 0.0212732 0.6850926 0.0098877 0.7280781
282.478800 2.9847465 -0.4594967 21.5332832 0.0246309 0.6831397 0.0058999 0.7298484
282.789700 3.0974250 -0.4625331 21.5421333 0.0210415 0.6808496 0.0042171 0.7321088
282.997100 3.1767011 -0.4646606 21.5485477 0.0182703 0.6794952 0.0060334 0.7334276
283.308100 3.3003936 -0.4677455 21.5587978 0.0169961 0.6778447 0.0083932 0.7349607
283.619000 3.4277143 -0.4707233 21.5694790 0.0208329 0.6774389 0.0040664 0.7352727
283.930200 3.5596189 -0.4753912 21.5809746 0.0211952 0.6794369 -0.0011296 0.7334269
284.241100 3.6959901 -0.4800422 21.5905495 0.0157274 0.6824340 0.0042422 0.7307657
284.552100 3.8356097 -0.4838238 21.5990849 0.0196362 0.6836694 0.0061257 0.7295019
284.862900 3.9784808 -0.4880354 21.6088943 0.0168047 0.6832053 0.0039115 0.7300225
285.174000 4.1202888 -0.4921445 21.6194324 0.0156550 0.6826010 0.0007691 0.7306231
285.485100 4.2617111 -0.4965836 21.6297169 0.0168858 0.6821418 -0.0002303 0.7310248
285.899900 4.4503522 -0.5027440 21.6423702 0.0130197 0.6825688 0.0064866 0.7306765
286.210700 4.5893574 -0.5063325 21.6522388 0.0160535 0.6844649 0.0043939 0.7288558
286.521500 4.7295256 -0.5100022 21.6603317 0.0175855 0.6851757 0.0082348 0.7281190
286.832500 4.8671660 -0.5146025 21.6688576 0.0200495 0.6843020 0.0018718 0.7289207
287.143500 5.0028610 -0.5202212 21.6780052 0.0197502 0.6837057 -0.0009880 0.7294899
287.454400 5.1380706 -0.5248584 21.6871395 0.0150479 0.6831637 0.0061690 0.7300841
287.661800 5.2260280 -0.5274970 21.6928539 0.0189025 0.6828535 0.0043773 0.7302976
287.972900 5.3562808 -0.5327301 21.7027626 0.0211983 0.6818696 -0.0021521 0.7311634
288.180100 5.4421411 -0.5365148 21.7097454 0.0183685 0.6803506 -0.0035909 0.7326478
288.387400 5.5279055 -0.5398284 21.7168541 0.0142838 0.6763913 0.0012376 0.7364029
288.594600 5.6134958 -0.5423231 21.7252083 0.0138155 0.6702653 0.0049661 0.7419764
288.801800 5.6967411 -0.5446565 21.7354393 0.0130437 0.6625159 0.0031984 0.7489275
289.009200 5.7786674 -0.5476901 21.7474346 0.0148379 0.6544483 -0.0010174 0.7559605
289.216400 5.8615379 -0.5501181 21.7617931 0.0104778 0.6471209 -0.0009886 0.7623147
289.527500 5.9826632 -0.5542001 21.7846203 0.0119430 0.6366466 -0.0032959 0.7710561
289.838600 6.1022596 -0.5579591 21.8099060 0.0096664 0.6279439 -0.0010323 0.7781979
290.046000 6.1814232 -0.5604252 21.8284626 0.0076320 0.6210153 0.0010403 0.7837605
290.356800 6.2981663 -0.5633520 21.8576965 0.0126223 0.6088175 -0.0005930 0.7932096
290.667800 6.4136109 -0.5664137 21.8913517 0.0127284 0.5944381 0.0062166 0.8040166
290.875300 6.4879637 -0.5687058 21.9148102 0.0219910 0.5856227 0.0051996 0.8102687
291.082500 6.5615659 -0.5718260 21.9407787 0.0209011 0.5783154 0.0022861 0.8155423
291.289900 6.6348658 -0.5747597 21.9674683 0.0164994 0.5720212 0.0066674 0.8200458
291.497200 6.7072291 -0.5773125 21.9956570 0.0121706 0.5661791 0.0066167 0.8241658
291.808200 6.8131900 -0.5807734 22.0392838 0.0187073 0.5565788 0.0026175 0.8305801
292.015500 6.8832464 -0.5837149 22.0697250 0.0147089 0.5503023 0.0044605 0.8348240
292.326500 6.9856992 -0.5880897 22.1158314 0.0226512 0.5405462 0.0006670 0.8410091
292.533600 7.0533118 -0.5917997 22.1487789 0.0202149 0.5328696 0.0001422 0.8459558
292.844500 7.1518650 -0.5971440 22.1995544 0.0187971 0.5206490 -0.0025748 0.8535600
293.155400 7.2477117 -0.6023203 22.2527313 0.0164193 0.5087598 -0.0035391 0.8607447
293.466500 7.3398061 -0.6080854 22.3066349 0.0219752 0.4962007 -0.0074965 0.8678973
293.777500 7.4303865 -0.6134658 22.3628101 0.0116125 0.4842158 -0.0007479 0.8748713
294.088600 7.5160837 -0.6171790 22.4188805 0.0130513 0.4716523 -0.0001834 0.8816880
294.399400 7.5954180 -0.6209719 22.4737167 0.0139151 0.4601634 -0.0033858 0.8877187
294.710500 7.6676607 -0.6253678 22.5256367 0.0115581 0.4535024 -0.0045842 0.8911683
295.229200 7.7731323 -0.6318508 22.6002522 0.0130805 0.4591309 -0.0106749 0.8882082
295.540700 7.8286428 -0.6340391 22.6359062 0.0053973 0.4758446 -0.0053154 0.8794968
296.059400 7.9082732 -0.6381500 22.6783638 0.0144741 0.5140170 -0.0012083 0.8576570
296.474500 7.9718051 -0.6400509 22.7031441 0.0146792 0.5651174 -0.0039127 0.8248706
296.785700 8.0209656 -0.6421324 22.7131157 0.0163780 0.6114990 0.0033283 0.7910687
297.200700 8.0862846 -0.6448087 22.7186165 0.0170164 0.6792997 -0.0037226 0.7336543
297.511800 8.1397972 -0.6460626 22.7127609 0.0195417 0.7330461 -0.0026253 0.6798931
297.823000 8.1958160 -0.6478838 22.6983261 0.0105555 0.7851251 -0.0002939 0.6192471
298.134100 8.2538891 -0.6495460 22.6727200 0.0060114 0.8360867 0.0013892 0.5485626
298.341400 8.2944002 -0.6499333 22.6478348 0.0037247 0.8676165 -0.0000720 0.4972200
298.548600 8.3361397 -0.6495177 22.6158543 0.0036042 0.8937268 0.0004224 0.4485970
298.755400 8.3790684 -0.6496184 22.5767860 0.0049804 0.9117664 0.0025674 0.4106711
298.962000 8.4239998 -0.6494713 22.5318508 0.0052422 0.9230922 0.0037878 0.3845242
299.168700 8.4703026 -0.6493304 22.4817791 0.0061796 0.9303132 0.0040350 0.3666919
299.375400 8.5183239 -0.6489318 22.4271698 0.0068499 0.9353185 0.0037262 0.3537211
299.582100 8.5685673 -0.6485897 22.3683014 0.0073277 0.9389346 0.0051860 0.3439785
299.788800 8.6206532 -0.6485819 22.3057518 0.0080042 0.9405138 0.0083694 0.3395581
300.099300 8.7040310 -0.6475489 22.2059631 0.0083774 0.9416403 0.0031007 0.3365023
300.306400 8.7626438 -0.6472678 22.1340294 0.0073495 0.9423851 0.0065926 0.3343842
300.513500 8.8225012 -0.6469694 22.0607605 0.0076250 0.9430984 0.0084056 0.3323201
300.824200 8.9132729 -0.6468796 21.9476624 0.0110306 0.9430497 0.0081265 0.3323696
301.134900 9.0053082 -0.6474435 21.8357754 0.0124328 0.9422643 0.0078179 0.3345478
301.445800 9.0970659 -0.6482175 21.7237415 0.0133928 0.9412212 0.0100236 0.3373765
301.756800 9.1884623 -0.6486748 21.6146660 0.0135723 0.9402453 0.0105366 0.3400639
302.067700 9.2797976 -0.6498142 21.5065136 0.0152529 0.9394932 0.0081519 0.3421305
302.378700 9.3695660 -0.6509843 21.3999939 0.0135161 0.9391432 0.0107603 0.3430912
302.689700 9.4591999 -0.6516367 21.2948456 0.0130411 0.9391538 0.0092379 0.3431250
303.000800 9.5489502 -0.6524321 21.1889572 0.0133489 0.9395900 0.0099986 0.3418955
303.208000 9.6077080 -0.6528796 21.1192322 0.0143375 0.9398127 0.0096662 0.3412523
303.415400 9.6658154 -0.6528038 21.0498657 0.0138895 0.9397093 0.0099141 0.3415482
303.622600 9.7231808 -0.6529568 20.9816990 0.0116223 0.9392844 0.0131224 0.3426917
303.829900 9.7809362 -0.6533926 20.9145622 0.0115819 0.9386198 0.0134302 0.3444973
304.037200 9.8390827 -0.6530195 20.8464451 0.0118615 0.9375448 0.0103911 0.3475070
304.348000 9.9288502 -0.6522087 20.7433529 0.0136190 0.9364069 0.0093645 0.3505269
304.555400 9.9900932 -0.6523106 20.6735039 0.0156348 0.9359661 0.0088799 0.3516307
304.762800 10.0531397 -0.6525743 20.6025391 0.0130869 0.9360848 0.0076274 0.3514481
304.970100 10.1171961 -0.6529182 20.5305309 0.0094244 0.9365422 0.0066096 0.3503659
305.281100 10.2133465 -0.6528438 20.4206791 0.0104482 0.9368610 0.0103843 0.3493916
305.592000 10.3088055 -0.6533103 20.3107147 0.0125885 0.9368546 0.0107339 0.3493276
305.799300 10.3724756 -0.6530479 20.2381477 0.0131902 0.9362842 0.0100658 0.3508511
306.006600 10.4365368 -0.6539534 20.1661720 0.0128664 0.9357523 0.0093331 0.3522995
306.213700 10.4999447 -0.6546472 20.0946999 0.0134194 0.9351746 0.0081768 0.3538381
306.421100 10.5627613 -0.6554922 20.0246735 0.0131886 0.9346768 0.0058457 0.3552057
306.628300 10.6262226 -0.6562469 19.9544716 0.0124637 0.9343805 0.0067627 0.3559945
306.939300 10.7161751 -0.6584456 19.8553143 0.0094484 0.9345328 0.0084838 0.3556504
307.250100 10.8012829 -0.6585590 19.7595596 0.0096754 0.9352416 0.0110921 0.3537039
307.561300 10.8802719 -0.6595184 19.6700974 0.0095901 0.9373538 0.0107936 0.3480797
307.872200 10.9501247 -0.6601634 19.5868149 0.0108585 0.9414545 0.0106717 0.3367961
308.079700 10.9911337 -0.6610144 19.5343666 0.0109182 0.9459991 0.0106553 0.3238100
308.391200 11.0421085 -0.6617159 19.4601460 0.0109838 0.9570556 0.0082367 0.2895792
308.703000 11.0799541 -0.6627247 19.3877678 0.0118925 0.9727839 0.0077800 0.2312778
309.015000 11.1031752 -0.6631582 19.3134422 0.0124568 0.9890379 0.0128585 0.1465723
309.223100 11.1096745 -0.6630479 19.2629147 0.0121231 0.9967892 0.0169974 0.0773003
309.535200 11.1058884 -0.6614493 19.1892166 0.0129028 0.9991687 0.0180362 -0.0342079
309.846600 11.0854921 -0.6596587 19.1193142 0.0147778 0.9892707 0.0202120 -0.1439326
310.157900 11.0495405 -0.6565943 19.0535583 0.0164647 0.9692994 0.0243121 -0.2441241
310.468500 11.0021553 -0.6524811 18.9919167 0.0156439 0.9447300 0.0280585 -0.3262717
310.675400 10.9648628 -0.6495234 18.9520512 0.0138994 0.9285787 0.0301497 -0.3696475
311.089300 10.8773422 -0.6431682 18.8774834 0.0058978 0.8983838 0.0368568 -0.4376223
311.296400 10.8270473 -0.6393029 18.8430367 0.0024623 0.8818259 0.0374193 -0.4700817
311.607200 10.7421284 -0.6336008 18.7959747 -0.0011374 -0.8579648 -0.0353410 0.5124902
311.814400 10.6795816 -0.6298397 18.7670879 -0.0019143 -0.8425949 -0.0335937 0.5374957
311.918000 10.6467247 -0.6278585 18.7534580 -0.0028300 -0.8350806 -0.0314939 0.5492181
312.125300 10.5772591 -0.6243277 18.7282314 -0.0077863 -0.8210569 -0.0269986 0.5701543
312.332400 10.5031452 -0.6205360 18.7047291 -0.0135806 -0.8084461 -0.0265576 0.5878139
312.539600 10.4255619 -0.6161504 18.6825447 -0.0136944 -0.7979200 -0.0260328 0.6020452
312.746800 10.3449230 -0.6119240 18.6614990 -0.0102184 -0.7873262 -0.0250796 0.6159416
313.057500 10.2155914 -0.6057382 18.6343441 -0.0125430 -0.7720450 -0.0247642 0.6349614
313.264600 10.1252480 -0.6015608 18.6190681 -0.0117619 -0.7654868 -0.0182112 0.6430863
313.575300 9.9829826 -0.5963622 18.5965328 -0.0109223 -0.7588152 -0.0157012 0.6510251
313.782300 9.8838320 -0.5932537 18.5822067 -0.0131046 -0.7563132 -0.0157821 0.6538880
314.093000 9.7315950 -0.5876471 18.5617447 -0.0120765 -0.7537795 -0.0169509 0.6567978
314.300400 9.6304274 -0.5844050 18.5480518 -0.0099728 -0.7517442 -0.0175877 0.6591448
314.611200 9.4768066 -0.5789771 18.5278225 -0.0084862 -0.7490331 -0.0192318 0.6621991
314.818400 9.3737192 -0.5765433 18.5150471 -0.0077027 -0.7467932 -0.0215168 0.6646636
315.129300 9.2165012 -0.5711637 18.4972477 -0.0064943 -0.7447757 -0.0227041 0.6668969
315.336600 9.1116934 -0.5672098 18.4848156 -0.0059809 -0.7426863 -0.0250364 0.6691446
315.544000 9.0070190 -0.5634667 18.4739571 -0.0040644 -0.7409123 -0.0248188 0.6711308
315.751400 8.9025364 -0.5604292 18.4632339 -0.0038164 -0.7389579 -0.0256931 0.6732507
315.958700 8.7985229 -0.5570325 18.4537811 -0.0044923 -0.7376910 -0.0261096 0.6746184
316.165900 8.6955996 -0.5539796 18.4439487 -0.0043090 -0.7363526 -0.0282230 0.6759953
316.373000 8.5933933 -0.5503284 18.4351635 -0.0052918 -0.7352307 -0.0288731 0.6771810
316.684000 8.4402742 -0.5447694 18.4224873 -0.0075650 -0.7337489 -0.0295523 0.6787356
316.995100 8.2901154 -0.5387381 18.4108276 -0.0056043 -0.7326319 -0.0280193 0.6800250
317.202200 8.1903744 -0.5350235 18.4040146 -0.0072964 -0.7326974 -0.0279620 0.6799408
317.409900 8.0916481 -0.5318393 18.3965340 -0.0092430 -0.7326667 -0.0280742 0.6799455
317.616800 7.9938154 -0.5276822 18.3890781 -0.0081693 -0.7328811 -0.0284622 0.6797120
317.824000 7.8965282 -0.5236342 18.3814163 -0.0076366 -0.7327098 -0.0287345 0.6798914
318.031400 7.7996140 -0.5200500 18.3737755 -0.0080174 -0.7325071 -0.0281684 0.6801291
318.238500 7.7033958 -0.5166100 18.3668976 -0.0079975 -0.7323222 -0.0280164 0.6803347
318.445900 7.6083622 -0.5133334 18.3601303 -0.0073022 -0.7315086 -0.0276153 0.6812336
318.756800 7.4678974 -0.5089289 18.3500347 -0.0057614 -0.7290949 -0.0239043 0.6839709
319.067700 7.3318801 -0.5048219 18.3417339 -0.0084593 -0.7261980 -0.0244454 0.6869988
319.378800 7.2027149 -0.5009763 18.3350868 -0.0088701 -0.7225493 -0.0238151 0.6908522
319.586100 7.1213541 -0.4987492 18.3313255 -0.0099417 -0.7200621 -0.0229918 0.6934574
319.897000 7.0055799 -0.4958017 18.3266468 -0.0121160 -0.7209235 -0.0185951 0.6926592
320.207600 6.8974977 -0.4922865 18.3211517 -0.0168257 -0.7269889 -0.0178371 0.6862113
320.518200 6.7973866 -0.4893979 18.3123646 -0.0182210 -0.7395387 -0.0160895 0.6726750
320.932100 6.6802216 -0.4856454 18.2940426 -0.0247736 -0.7685045 -0.0160695 0.6391627
321.242100 6.6070108 -0.4829257 18.2710114 -0.0275469 -0.8097578 -0.0150340 0.5859244
321.551900 6.5468264 -0.4802961 18.2372513 -0.0283347 -0.8604078 -0.0147587 0.5086036
321.861900 6.4956379 -0.4778344 18.1918278 0.0323607 0.9102769 0.0153204 -0.4124489
322.069200 6.4687529 -0.4762128 18.1553879 0.0305887 0.9382849 0.0155789 -0.3441557
322.379400 6.4380960 -0.4736184 18.0941830 0.0308563 0.9697964 0.0228596 -0.2408741
322.690600 6.4192104 -0.4710245 18.0248775 0.0270899 0.9882712 0.0247278 -0.1482390
322.898200 6.4118123 -0.4691505 17.9755173 0.0245021 0.9945542 0.0207987 -0.0991419
323.106000 6.4076772 -0.4668335 17.9224281 0.0170226 0.9976861 0.0181136 -0.0632809
323.314000 6.4046755 -0.4651216 17.8657322 0.0155697 0.9989600 0.0204822 -0.0376420
323.522000 6.4028988 -0.4632759 17.8065166 0.0182305 0.9994141 0.0222181 -0.0185830
323.729900 6.4034319 -0.4610798 17.7447186 0.0143060 0.9996944 0.0195699 -0.0048389
323.937600 6.4041071 -0.4589752 17.6802044 0.0180024 0.9996678 0.0180603 0.0037478
324.145200 6.4051394 -0.4571556 17.6121254 0.0189354 0.9996308 0.0176895 0.0081747
324.352700 6.4072790 -0.4547746 17.5397053 0.0205845 0.9996031 0.0156146 0.0112311
324.663800 6.4108820 -0.4517883 17.4252377 0.0263776 0.9993519 0.0145879 0.0196761
324.974600 6.4174576 -0.4490150 17.3025265 0.0262137 0.9991625 0.0132007 0.0285122
325.285600 6.4262881 -0.4458860 17.1713276 0.0294441 0.9989479 0.0124182 0.0328947
325.596600 6.4361115 -0.4424480 17.0310669 0.0325566 0.9986446 0.0159709 0.0373341
325.907700 6.4503188 -0.4381692 16.8834362 0.0230575 0.9987384 0.0198374 0.0399551
326.115000 6.4592385 -0.4354453 16.7830181 0.0216156 0.9988258 0.0172573 0.0397749
326.322400 6.4670372 -0.4328134 16.6799850 0.0239537 0.9988034 0.0153179 0.0397918
326.529700 6.4753885 -0.4307256 16.5754948 0.0240310 0.9988009 0.0158470 0.0395999
326.737000 6.4843726 -0.4280883 16.4699268 0.0217029 0.9988502 0.0162645 0.0395314
326.944200 6.4933548 -0.4259714 16.3633327 0.0233632 0.9988195 0.0142188 0.0401449
327.151400 6.5020666 -0.4240547 16.2563705 0.0261325 0.9986972 0.0127430 0.0419368
327.358800 6.5120640 -0.4225458 16.1479397 0.0241027 0.9986572 0.0143435 0.0435551
327.669800 6.5268559 -0.4204749 15.9874277 0.0223448 0.9987243 0.0129731 0.0433850
327.877100 6.5359440 -0.4184419 15.8800783 0.0267278 0.9986045 0.0159941 0.0426475
328.084300 6.5450678 -0.4165120 15.7733126 0.0266427 0.9985874 0.0191243 0.0418043
328.291700 6.5543814 -0.4144529 15.6679592 0.0238024 0.9987606 0.0151534 0.0409999
328.499000 6.5635366 -0.4123988 15.5617905 0.0221428 0.9987997 0.0174804 0.0400422
328.706200 6.5723982 -0.4096539 15.4556818 0.0205846 0.9988427 0.0179535 0.0395893
328.913500 6.5805135 -0.4071454 15.3493032 0.0234718 0.9988350 0.0153674 0.0392626
329.120700 6.5890536 -0.4048835 15.2422237 0.0246947 0.9987414 0.0200501 0.0387773
329.431700 6.6008511 -0.3996605 15.0799799 0.0295885 0.9986271 0.0194768 0.0385873
329.639100 6.6094184 -0.3965435 14.9705439 0.0317022 0.9985562 0.0201540 0.0383961
329.949800 6.6218996 -0.3927222 14.8041487 0.0340257 0.9985349 0.0152810 0.0392034
330.260800 6.6361332 -0.3883765 14.6336908 0.0320478 0.9985100 0.0197621 0.0394999
330.571600 6.6509094 -0.3831232 14.4605846 0.0337247 0.9985047 0.0209688 0.0375677
330.882500 6.6622381 -0.3779486 14.2883835 0.0350651 0.9984808 0.0193770 0.0378289
331.193200 6.6761084 -0.3739317 14.1143837 0.0359612 0.9984811 0.0146925 0.0390694
331.607700 6.6951070 -0.3706243 13.8823242 0.0347383 0.9983253 0.0192585 0.0420575
331.918400 6.7109003 -0.3682548 13.7111073 0.0326821 0.9984705 0.0098835 0.0434823
332.229100 6.7269273 -0.3660657 13.5395288 0.0328767 0.9982780 0.0188689 0.0447688
332.540000 6.7423878 -0.3615091 13.3698349 0.0327914 0.9983081 0.0194569 0.0438988
332.850900 6.7574215 -0.3577596 13.2023640 0.0327624 0.9984752 0.0118749 0.0428127
333.161700 6.7728939 -0.3559744 13.0355902 0.0270081 0.9986051 0.0172374 0.0419668
333.265300 6.7784042 -0.3545223 12.9800014 0.0257403 0.9985786 0.0218307 0.0412508
333.472500 6.7880740 -0.3514460 12.8690453 0.0253598 0.9985575 0.0250326 0.0401645
333.679800 6.7964845 -0.3487989 12.7610416 0.0335876 0.9985802 0.0122397 0.0394937
333.887100 6.8045254 -0.3476847 12.6533365 0.0347923 0.9985210 0.0124574 0.0398770
334.094500 6.8135123 -0.3459058 12.5447731 0.0333097 0.9983650 0.0232971 0.0401863
334.301700 6.8232708 -0.3417461 12.4395504 0.0302198 0.9983207 0.0285282 0.0403562
334.612500 6.8374238 -0.3367958 12.2826080 0.0279761 0.9986185 0.0194756 0.0399887
334.819800 6.8456445 -0.3350059 12.1792431 0.0283627 0.9987728 0.0137055 0.0382184
335.027200 6.8531466 -0.3335984 12.0760012 0.0298745 0.9987581 0.0158637 0.0365803
335.234600 6.8612580 -0.3312722 11.9736748 0.0273315 0.9986408 0.0254437 0.0363603
335.441800 6.8697934 -0.3282423 11.8745136 0.0217918 0.9987555 0.0254695 0.0369298
335.649100 6.8775258 -0.3258823 11.7787981 0.0223651 0.9988684 0.0170851 0.0383389
335.856400 6.8848529 -0.3245892 11.6852436 0.0261353 0.9987495 0.0142109 0.0401807
336.063600 6.8927917 -0.3232776 11.5944080 0.0287534 0.9985219 0.0193957 0.0418451
336.271000 6.9000702 -0.3216507 11.5080042 0.0308261 0.9984777 0.0151454 0.0431588
336.581900 6.9122009 -0.3209197 11.3844175 0.0277834 0.9985319 0.0132552 0.0445682
336.789300 6.9199791 -0.3198369 11.3060894 0.0254360 0.9985278 0.0136325 0.0459282
336.996600 6.9285417 -0.3187683 11.2310486 0.0203684 0.9984519 0.0198720 0.0477902
337.204000 6.9357929 -0.3175193 11.1602640 0.0205663 0.9983192 0.0202448 0.0502588
337.515000 6.9459615 -0.3159248 11.0645914 0.0204151 0.9981530 0.0172168 0.0545663
337.826100 6.9562140 -0.3148620 10.9778366 0.0151256 0.9981383 0.0226377 0.0545769
338.448500 6.9695621 -0.3110304 10.8284712 0.0076439 0.9995267 0.0193731 0.0226405
338.759900 6.9665508 -0.3093755 10.7642908 0.0134395 0.9995186 0.0194984 -0.0200459
339.071700 6.9561930 -0.3084545 10.7041397 0.0169962 0.9965703 0.0197677 -0.0785358
339.383400 6.9372911 -0.3063300 10.6477833 0.0248211 0.9892678 0.0180201 -0.1428584
339.694700 6.9109917 -0.3040727 10.5949640 0.0280380 0.9769574 0.0217429 -0.2104647
340.006000 6.8756824 -0.3009474 10.5440226 0.0294232 0.9565457 0.0242633 -0.2890779
340.213300 6.8461065 -0.2983300 10.5117998 0.0276129 0.9385898 0.0261406 -0.3429337
340.524200 6.7933798 -0.2944384 10.4677372 0.0206844 0.9056261 0.0230451 -0.4229449
340.835500 6.7294292 -0.2904929 10.4292679 0.0167152 0.8682273 0.0223723 -0.4953800
341.042200 6.6814203 -0.2874135 10.4084835 -0.0167737 -0.8425758 -0.0244553 0.5377607
341.249400 6.6285806 -0.2844668 10.3907204 -0.0176940 -0.8167943 -0.0255720 0.5760903
341.456500 6.5728273 -0.2817841 10.3760509 -0.0134104 -0.7942628 -0.0243506 0.6069380
341.663300 6.5125418 -0.2780846 10.3651543 -0.0139508 -0.7760244 -0.0188496 0.6302668
341.870200 6.4490056 -0.2752652 10.3553543 -0.0172017 -0.7613925 -0.0167050 0.6478475
342.076900 6.3811970 -0.2723915 10.3466854 -0.0174394 -0.7504721 -0.0165713 0.6604642
342.283800 6.3089795 -0.2682366 10.3395891 -0.0211617 -0.7432517 -0.0156764 0.6684933
342.594200 6.1921206 -0.2627674 10.3289490 -0.0203255 -0.7354749 -0.0144484 0.6770929
342.801200 6.1092286 -0.2590595 10.3233166 -0.0185113 -0.7307040 -0.0079327 0.6823973
343.112000 5.9758377 -0.2540413 10.3155174 -0.0200451 -0.7280388 -0.0042596 0.6852296
343.318900 5.8801775 -0.2505917 10.3090696 -0.0239527 -0.7278975 -0.0119416 0.6851634
343.629800 5.7319798 -0.2440579 10.3000031 -0.0221209 -0.7279817 -0.0107895 0.6851546
343.837100 5.6302204 -0.2400036 10.2940931 -0.0211250 -0.7281215 -0.0067069 0.6850897
344.044400 5.5279446 -0.2365054 10.2877579 -0.0234261 -0.7287743 -0.0085071 0.6843003
344.251500 5.4239535 -0.2319652 10.2810669 -0.0284744 -0.7308158 -0.0117887 0.6818787
344.562300 5.2731147 -0.2255598 10.2670107 -0.0249582 -0.7339960 -0.0093667 0.6786304
344.769600 5.1707187 -0.2217489 10.2573957 -0.0264659 -0.7357401 -0.0091142 0.6766853
345.080400 5.0162630 -0.2150992 10.2433310 -0.0299202 -0.7377949 -0.0116065 0.6742616
345.287600 4.9161172 -0.2113939 10.2329235 -0.0256235 -0.7378104 -0.0083977 0.6744692
345.598600 4.7644010 -0.2062570 10.2186575 -0.0253898 -0.7372379 -0.0050451 0.6751371
345.806000 4.6646705 -0.2030682 10.2102404 -0.0301808 -0.7362213 -0.0073697 0.6760274
346.324200 4.4198012 -0.1946505 10.1886330 -0.0318290 -0.7348579 -0.0024455 0.6774694
346.635100 4.2738705 -0.1888096 10.1760101 -0.0346537 -0.7360035 -0.0044807 0.6760754
346.946100 4.1305804 -0.1823005 10.1629076 -0.0343424 -0.7370814 -0.0088474 0.6748728
347.257000 3.9949739 -0.1763372 10.1496906 -0.0334088 -0.7374840 -0.0072544 0.6744987
347.671700 3.8274729 -0.1693331 10.1325378 -0.0324653 -0.7370265 -0.0086483 0.6750282
348.295600 3.6164412 -0.1601521 10.1071005 -0.0352654 -0.7277412 -0.0116670 0.6848451
349.745800 3.2695596 -0.1483027 10.1158018 -0.0225956 -0.6183435 -0.0141079 0.7854564
350.368100 3.1422648 -0.1443683 10.1690540 -0.0096420 -0.5013437 -0.0203633 0.8649548
350.782800 3.0765352 -0.1425073 10.2351789 -0.0123249 -0.4169444 -0.0227929 0.9085626
351.301200 3.0038965 -0.1395537 10.3339939 0.0026085 -0.2946851 -0.0195256 0.9553913
352.336400 2.9234822 -0.1417112 10.5842419 0.0071405 -0.1000519 -0.0064646 0.9949356
357.409600 2.2097390 -0.1341040 11.3704481 -0.0005312 -0.7198415 -0.0295747 0.6935080
358.344000 1.8589802 -0.1202162 11.3585205 -0.0031089 -0.7181647 -0.0249481 0.6954189
360.106200 0.9875623 -0.0867904 11.3150291 -0.0091903 -0.7267033 -0.0217594 0.6865452
361.142800 0.4206189 -0.0687848 11.2832441 -0.0152927 -0.7269838 -0.0176214 0.6862581
363.941200 -0.8453997 -0.0244990 11.1811705 0.0001402 -0.7288933 -0.0406166 0.6834214
365.081400 -1.0766248 -0.0171587 11.1792231 0.0032637 -0.6966732 -0.0297541 0.7167639
366.429300 -1.2268910 -0.0159842 11.2101192 0.0094497 -0.6031489 -0.0205228 0.7973085
371.089300 -1.5259162 -0.0472153 12.8302784 0.0151883 -0.0206883 -0.0003326 0.9996706
371.607600 -1.5413580 -0.0551353 13.1643667 0.0082551 -0.0225744 -0.0003219 0.9997110
374.510000 -1.6416801 -0.1129216 15.1395044 0.0086450 -0.0227696 -0.0136770 0.9996098
377.308600 -1.7363098 -0.1603457 16.9870071 0.0012734 -0.0288982 0.0066160 0.9995596
378.241600 -1.7677274 -0.1743087 17.5096951 0.0051175 -0.0239852 0.0034040 0.9996934
379.071100 -1.7821131 -0.1849626 17.9039154 0.0047544 -0.0153675 0.0063354 0.9998505
379.899800 -1.7924534 -0.1942702 18.2064152 0.0070697 -0.0216935 0.0011168 0.9997391
380.520500 -1.8126953 -0.1994296 18.3786831 0.0048489 -0.0825034 -0.0003194 0.9965789
381.036500 -1.8647785 -0.2009551 18.4986973 -0.0072088 -0.2254154 -0.0033025 0.9742305
381.656400 -1.9774151 -0.1971883 18.6071472 -0.0187183 -0.4333120 -0.0105105 0.9009883
382.277500 -2.1387579 -0.1919532 18.6591854 -0.0197760 -0.6373523 0.0019141 0.7703163
383.214100 -2.4340744 -0.1830839 18.6239414 -0.0175640 -0.7629729 -0.0159321 0.6459954
384.461900 -2.9513893 -0.1684207 18.5402374 -0.0056387 -0.7501721 -0.0150318 0.6610478
385.084100 -3.2756867 -0.1584553 18.5103054 -0.0073116 -0.7331092 -0.0200926 0.6797747
393.480100 -8.1506090 -0.0064268 18.2000656 0.0003459 -0.7118776 -0.0251226 0.7018540
394.101500 -8.5673409 0.0034342 18.1953545 -0.0030619 -0.7115912 -0.0185040 0.7023433
395.241100 -9.3211517 0.0196369 18.1604156 -0.0108921 -0.7279577 -0.0215494 0.6851967
397.417900 -10.7046642 0.0602258 18.0483246 -0.0097687 -0.7365604 -0.0166154 0.6760971
397.936100 -11.0233603 0.0691273 18.0194321 -0.0050695 -0.7356173 -0.0167588 0.6771710
398.454400 -11.3453121 0.0772607 17.9953175 -0.0044869 -0.7287111 -0.0191609 0.6845384
398.972600 -11.6677828 0.0838048 17.9804802 -0.0156973 -0.7226174 -0.0118956 0.6909676
399.387100 -11.9271107 0.0914597 17.9706802 -0.0150113 -0.7205426 -0.0146692 0.6930930
399.801600 -12.1904783 0.0996519 17.9600372 -0.0061786 -0.7145510 -0.0209476 0.6992424
400.216200 -12.4581757 0.1086703 17.9558849 -0.0089582 -0.7093905 -0.0225863 0.7043967
400.734400 -12.7970915 0.1215435 17.9518833 -0.0094246 -0.7063516 -0.0237978 0.7073982
401.045300 -12.9994583 0.1281131 17.9525776 -0.0097975 -0.7048938 -0.0215568 0.7089175
401.356400 -13.2001305 0.1338165 17.9545727 -0.0091036 -0.7020026 -0.0195202 0.7118486
401.667400 -13.3987150 0.1397848 17.9588795 -0.0114935 -0.6971981 -0.0226403 0.7164287
401.978400 -13.5889053 0.1454443 17.9647903 -0.0087322 -0.6898355 -0.0235805 0.7235293
402.185800 -13.7109776 0.1487489 17.9715157 -0.0096679 -0.6856793 -0.0224698 0.7274926
402.496600 -13.8883905 0.1536047 17.9838200 -0.0120614 -0.6826146 -0.0200211 0.7304047
402.807500 -14.0581007 0.1585016 17.9965668 -0.0142568 -0.6805218 -0.0174386 0.7323816
403.118400 -14.2186079 0.1629776 18.0080357 -0.0130674 -0.6764357 -0.0208236 0.7360913
403.325900 -14.3187637 0.1657010 18.0165253 -0.0124672 -0.6710260 -0.0253195 0.7408965
403.533300 -14.4125357 0.1688892 18.0270462 -0.0115998 -0.6638575 -0.0248737 0.7473553
403.844600 -14.5396976 0.1711421 18.0467339 -0.0063821 -0.6471975 -0.0166317 0.7621142
404.259400 -14.6906300 0.1734075 18.0802059 -0.0192208 -0.6238615 -0.0109081 0.7812224
404.570200 -14.7914925 0.1760609 18.1070251 -0.0226841 -0.6159733 -0.0039475 0.7874305
404.880800 -14.8839397 0.1784174 18.1309128 -0.0260406 -0.6166817 -0.0011092 0.7867810
405.191500 -14.9686527 0.1802285 18.1494465 -0.0263793 -0.6250076 -0.0030385 0.7801669
405.502200 -15.0439625 0.1823376 18.1637611 -0.0260693 -0.6394625 -0.0002231 0.7683802
405.812800 -15.1170597 0.1840521 18.1708660 -0.0245567 -0.6633013 -0.0015167 0.7479479
406.123700 -15.1894312 0.1857078 18.1734409 -0.0231385 -0.6862750 -0.0048121 0.7269581
406.434800 -15.2595415 0.1875185 18.1719856 -0.0203311 -0.7050247 -0.0072424 0.7088543
406.849700 -15.3568010 0.1902434 18.1681404 -0.0139072 -0.7139534 -0.0124929 0.6999435
407.161100 -15.4335356 0.1919356 18.1659412 -0.0117102 -0.7110583 -0.0156799 0.7028607
407.575800 -15.5353441 0.1943914 18.1665707 -0.0066524 -0.6991534 -0.0200962 0.7146582
407.990500 -15.6367559 0.1968172 18.1717529 -0.0072149 -0.6828840 -0.0260286 0.7300273
408.508800 -15.7530575 0.1999414 18.1846828 -0.0060091 -0.6630198 -0.0236153 0.7482051
408.923000 -15.8322515 0.2016209 18.1968536 -0.0054217 -0.6549539 -0.0168013 0.7554626
409.440400 -15.9265995 0.2029065 18.2061768 -0.0067234 -0.6730555 -0.0169250 0.7393677
409.750600 -15.9820776 0.2050214 18.2055378 -0.0044405 -0.7018788 -0.0136237 0.7121522
410.164100 -16.0645790 0.2089064 18.1936455 -0.0039714 -0.7536396 -0.0164349 0.6570703
410.577600 -16.1538353 0.2131399 18.1619835 -0.0043351 -0.8131584 -0.0156322 0.5818163
410.888000 -16.2228832 0.2151944 18.1230946 -0.0063385 -0.8580742 -0.0094757 0.5133991
411.198500 -16.2931385 0.2163707 18.0669918 0.0123259 0.9008756 0.0094461 -0.4337994
411.509100 -16.3594494 0.2190164 17.9906445 0.0169076 0.9377009 0.0098661 -0.3468917
411.820000 -16.4172230 0.2221879 17.8952408 0.0200936 0.9649785 0.0107177 -0.2613385
412.027600 -16.4509811 0.2244985 17.8196144 0.0204320 0.9765645 0.0126860 -0.2138769
412.339100 -16.4940376 0.2283203 17.6933651 0.0219361 0.9874525 0.0144085 -0.1557200
412.442800 -16.5065994 0.2297609 17.6477356 0.0233719 0.9898738 0.0131657 -0.1393928
412.650400 -16.5287266 0.2318467 17.5520458 0.0272203 0.9934011 0.0071112 -0.1111879
412.858000 -16.5484371 0.2341719 17.4474716 0.0320814 0.9958569 0.0065438 -0.0848354
413.065500 -16.5626011 0.2359225 17.3375244 0.0345492 0.9974374 0.0098700 -0.0618684
413.273100 -16.5732517 0.2376254 17.2209892 0.0315195 0.9983869 0.0085058 -0.0464529
413.584700 -16.5872421 0.2406499 17.0340500 0.0271032 0.9987993 0.0068879 -0.0402247
413.792400 -16.5977249 0.2426065 16.9023361 0.0288149 0.9987866 0.0078014 -0.0391689
413.999700 -16.6078186 0.2452081 16.7652035 0.0283943 0.9988346 0.0087455 -0.0380356
414.207100 -16.6175613 0.2475896 16.6239376 0.0267392 0.9989205 0.0098642 -0.0366809
414.414300 -16.6264133 0.2496882 16.4810352 0.0260867 0.9989700 0.0119006 -0.0351695
414.621400 -16.6356487 0.2520368 16.3341084 0.0267187 0.9990489 0.0101329 -0.0329362
414.828600 -16.6449547 0.2541578 16.1841469 0.0276812 0.9991124 0.0106141 -0.0299266
415.035700 -16.6536140 0.2568763 16.0323143 0.0293492 0.9991159 0.0143535 -0.0264582
415.243000 -16.6606846 0.2606832 15.8757734 0.0313871 0.9990606 0.0193295 -0.0227836
415.450200 -16.6667919 0.2639135 15.7216148 0.0294332 0.9993207 0.0093184 -0.0201258
415.657400 -16.6720524 0.2639806 15.5673742 0.0262005 0.9994914 0.0042763 -0.0176690
415.864800 -16.6754856 0.2654443 15.4117880 0.0248261 0.9994895 0.0145015 -0.0139325
416.072000 -16.6773930 0.2686329 15.2582731 0.0242088 0.9995543 0.0150729 -0.0088268
416.279200 -16.6780434 0.2710154 15.1061649 0.0240715 0.9995962 0.0147167 -0.0033892
416.486500 -16.6777687 0.2740165 14.9531364 0.0248087 0.9995742 0.0151814 0.0023418
416.693600 -16.6763401 0.2767193 14.8022985 0.0268630 0.9994685 0.0164855 0.0083254
416.900800 -16.6726627 0.2800019 14.6521397 0.0292437 0.9993486 0.0157985 0.0140541
417.108100 -16.6665154 0.2827827 14.5022850 0.0291888 0.9992689 0.0157632 0.0190048
417.315300 -16.6605034 0.2853440 14.3544044 0.0315278 0.9991294 0.0135588 0.0237180
417.522500 -16.6530380 0.2869501 14.2062178 0.0337023 0.9989082 0.0146708 0.0288345
417.729800 -16.6441803 0.2898640 14.0591183 0.0361625 0.9986785 0.0133881 0.0339752
417.937100 -16.6334801 0.2910836 13.9118099 0.0378634 0.9984260 0.0155342 0.0383493
418.144300 -16.6216278 0.2929035 13.7652159 0.0377293 0.9982985 0.0141309 0.0421534
418.351500 -16.6077995 0.2948035 13.6191826 0.0370968 0.9982054 0.0128903 0.0452074
418.558800 -16.5947208 0.2956894 13.4717703 0.0379289 0.9980018 0.0130373 0.0488243
418.766000 -16.5793781 0.2974894 13.3243618 0.0385285 0.9978268 0.0118032 0.0521331
418.973200 -16.5625935 0.2986926 13.1775179 0.0374511 0.9976692 0.0120850 0.0557466
419.076900 -16.5538502 0.2994086 13.1044149 0.0367098 0.9976000 0.0120058 0.0574674
419.284100 -16.5353413 0.3004841 12.9579296 0.0362687 0.9974160 0.0118834 0.0608665
419.491300 -16.5160084 0.3014671 12.8119764 0.0369970 0.9971654 0.0124334 0.0643258
419.698600 -16.4956646 0.3023406 12.6638212 0.0359992 0.9969423 0.0134713 0.0680331
419.905700 -16.4744453 0.3033286 12.5150166 0.0346506 0.9967338 0.0134221 0.0716998
420.112900 -16.4519024 0.3049227 12.3655119 0.0323271 0.9965561 0.0117043 0.0754578
420.216500 -16.4397812 0.3053718 12.2915745 0.0303742 0.9964768 0.0115037 0.0773247
420.423700 -16.4147434 0.3063757 12.1417065 0.0289809 0.9962019 0.0129444 0.0810821
420.527400 -16.4017410 0.3067692 12.0673723 0.0285885 0.9960422 0.0130050 0.0831480
420.631000 -16.3887119 0.3074044 11.9927397 0.0285687 0.9958619 0.0123645 0.0853812
420.838100 -16.3620777 0.3092448 11.8430586 0.0288953 0.9953985 0.0124336 0.0905120
421.045200 -16.3326550 0.3090561 11.6958361 0.0275872 0.9949387 0.0158453 0.0953142
421.252400 -16.3023949 0.3113590 11.5478039 0.0259906 0.9944366 0.0153413 0.1009209
421.459700 -16.2698841 0.3140042 11.3984489 0.0256270 0.9939204 0.0126547 0.1063266
421.666700 -16.2341518 0.3157364 11.2475557 0.0255740 0.9933660 0.0126063 0.1114046
421.874100 -16.1982002 0.3174377 11.0992317 0.0221739 0.9928693 0.0146134 0.1162127
422.081400 -16.1607800 0.3195725 10.9500513 0.0214747 0.9922916 0.0154500 0.1210678
422.288600 -16.1227474 0.3208247 10.7992725 0.0258478 0.9914968 0.0146048 0.1266990
422.600100 -16.0619831 0.3222484 10.5769281 0.0288299 0.9902670 0.0160699 0.1352105
422.806600 -16.0179825 0.3239551 10.4292364 0.0283761 0.9896535 0.0177859 0.1395153
423.117500 -15.9530230 0.3265614 10.2097721 0.0305417 0.9888711 0.0125891 0.1450611
423.428300 -15.8861370 0.3271289 9.9903994 0.0313511 0.9879993 0.0164395 0.1503468
423.739300 -15.8153934 0.3284849 9.7718630 0.0313622 0.9871525 0.0166313 0.1557875
424.050200 -15.7419205 0.3301853 9.5548000 0.0336901 0.9859536 0.0135459 0.1630247
424.361200 -15.6654377 0.3308405 9.3368063 0.0341551 0.9845949 0.0178928 0.1705463
424.568200 -15.6118870 0.3329434 9.1901350 0.0362745 0.9837109 0.0193536 0.1749926
424.775500 -15.5580282 0.3348134 9.0435448 0.0381428 0.9829543 0.0166271 0.1790797
424.982800 -15.5014629 0.3354370 8.8985243 0.0364765 0.9824902 0.0144535 0.1821363
425.189900 -15.4447174 0.3353808 8.7532969 0.0335069 0.9820625 0.0164405 0.1848247
425.397200 -15.3877459 0.3360900 8.6102982 0.0334907 0.9816532 0.0159438 0.1870328
425.604500 -15.3305216 0.3362378 8.4679098 0.0337828 0.9811726 0.0154411 0.1895275
425.811700 -15.2703543 0.3390334 8.3235950 0.0327256 0.9807799 0.0176871 0.1915383
426.019000 -15.2116299 0.3403624 8.1812859 0.0333770 0.9801271 0.0154633 0.1949301
426.226200 -15.1515198 0.3405427 8.0387630 0.0336014 0.9793642 0.0144614 0.1987652
426.433300 -15.0901356 0.3402296 7.8969245 0.0339712 0.9785714 0.0169962 0.2023740
426.640400 -15.0280762 0.3407637 7.7544794 0.0327435 0.9776631 0.0177450 0.2068522
426.847600 -14.9645729 0.3410705 7.6175094 0.0289698 0.9770632 0.0152872 0.2104151
427.055000 -14.9000473 0.3422759 7.4765406 0.0275485 0.9761543 0.0138844 0.2148745
427.365900 -14.8008080 0.3440443 7.2682099 0.0269061 0.9743057 0.0182763 0.2228687
427.573100 -14.7329388 0.3464542 7.1320162 0.0266378 0.9731848 0.0169781 0.2278454
427.780400 -14.6652527 0.3472323 6.9990387 0.0260505 0.9720981 0.0163637 0.2325486
427.987700 -14.5947075 0.3481779 6.8651280 0.0253194 0.9711295 0.0152202 0.2367165
428.091400 -14.5598183 0.3484516 6.7997346 0.0248142 0.9707119 0.0153267 0.2384697
428.195000 -14.5253506 0.3486274 6.7346177 0.0240542 0.9702315 0.0162213 0.2404350
428.402300 -14.4551544 0.3500823 6.6025858 0.0261307 0.9690452 0.0186363 0.2447885
428.609500 -14.3832664 0.3515021 6.4723392 0.0289062 0.9680334 0.0191255 0.2484149
428.713100 -14.3472004 0.3522682 6.4064784 0.0300015 0.9674242 0.0200647 0.2505747
428.920200 -14.2736053 0.3536101 6.2760134 0.0316580 0.9663892 0.0200731 0.2543359
429.023800 -14.2373791 0.3542096 6.2114420 0.0322571 0.9658020 0.0183390 0.2566119
429.231100 -14.1621532 0.3556849 6.0833969 0.0306396 0.9648561 0.0188622 0.2603040
429.438300 -14.0854855 0.3565576 5.9545970 0.0297646 0.9638869 0.0177089 0.2640502
429.645400 -14.0056953 0.3579167 5.8230157 0.0286609 0.9628040 0.0155304 0.2682272
429.852600 -13.9272785 0.3582740 5.6945829 0.0316913 0.9615890 0.0142283 0.2722861
430.059900 -13.8464050 0.3579702 5.5644231 0.0352495 0.9600695 0.0163769 0.2770483
430.267100 -13.7628937 0.3581437 5.4338102 0.0362342 0.9587598 0.0147060 0.2815143
430.474400 -13.6779556 0.3583375 5.3046656 0.0347095 0.9575616 0.0156908 0.2857007
430.681700 -13.5921326 0.3568751 5.1750836 0.0335170 0.9561503 0.0171115 0.2904487
430.889000 -13.5058079 0.3568497 5.0474014 0.0304675 0.9549543 0.0146405 0.2948214
431.096400 -13.4172754 0.3572548 4.9212713 0.0291884 0.9537954 0.0157333 0.2986215
431.303700 -13.3278713 0.3573261 4.7962265 0.0286037 0.9526176 0.0157700 0.3024116
431.407400 -13.2842121 0.3574104 4.7348170 0.0271422 0.9520132 0.0163865 0.3044104
431.614600 -13.1950121 0.3575025 4.6132169 0.0244065 0.9510278 0.0156709 0.3077414
431.821800 -13.1053638 0.3576208 4.4916306 0.0239674 0.9498131 0.0163316 0.3114707
432.029000 -13.0147676 0.3575742 4.3710074 0.0253819 0.9486865 0.0118481 0.3149752
432.236300 -12.9224443 0.3574169 4.2498426 0.0238006 0.9475827 0.0124269 0.3183804
461.978500 -1.0136628 0.2802626 -1.1432208 0.0053170 0.0024082 0.0084137 0.9999475
462.497500 -1.0228540 0.2783326 -0.9579764 0.0039883 -0.0208700 0.0019545 0.9997723
463.223300 -1.0376657 0.2744220 -0.6657554 0.0052204 -0.0229741 -0.0015494 0.9997212
464.570700 -1.0808220 0.2674535 -0.0454327 0.0019166 -0.0417367 0.0002838 0.9991268
465.814400 -1.1356276 0.2602974 0.5745176 -0.0011496 -0.0387995 -0.0066793 0.9992240
467.057800 -1.1812475 0.2522929 1.2219371 0.0000158 -0.0329791 -0.0002707 0.9994560
467.783200 -1.2089183 0.2471485 1.6162133 0.0037619 -0.0318050 -0.0073213 0.9994602
468.405200 -1.2322968 0.2430364 1.9606227 -0.0003019 -0.0324697 -0.0089916 0.9994322
469.026800 -1.2554826 0.2364943 2.3014703 0.0064310 -0.0320840 -0.0011043 0.9994639
469.648800 -1.2801926 0.2317190 2.6366801 0.0024240 -0.0291205 -0.0091102 0.9995314
470.063400 -1.2925909 0.2283591 2.8576777 -0.0003159 -0.0282887 -0.0060623 0.9995813
470.374300 -1.3021692 0.2290685 3.0226207 0.0006900 -0.0267962 -0.0002727 0.9996406
