0 1.29620431851589e-05 5.10527936167e-06 1.05256756803284e-05 6.64211095102415e-08 -1.25948733498848e-06 1.14715090288591e-07 0.999999999999198
0.030874 -0.0104486291729598 -0.000639623913304307 0.0740918204756709 0.00216357508296646 -0.0450963726846309 -0.000175001809196109 0.998980282832407
0.142127 -0.0212948210710474 -0.0016388003364441 0.114095550076449 0.00322033242703289 -0.0783455600546864 -0.00149831983385371 0.996919935459439
0.349627 -0.0322801751643002 -0.00257444478410471 0.143233715107294 0.00492132444242191 -0.104785850425849 -0.00535410115256383 0.994468219561144
0.556997 -0.0452288376290914 -0.00336074329215837 0.173838028573379 0.00504176418806292 -0.135446430004583 -0.00687969412940878 0.990747957364319
0.764374 -0.0614786591720424 -0.00384610641532898 0.205399551926288 0.00457977902954096 -0.169300667912753 -0.00913034454271922 0.985511515040219
0.97175 -0.0806781727050292 -0.00411062861003701 0.236409297756893 0.00497711028906756 -0.204372472139449 -0.0120189558163127 0.978806756058552
0.179126 -0.102592629012571 -0.00409824631905051 0.268160056240615 0.00508035594966667 -0.242918010213205 -0.0103380560411837 0.969978430118305
0.386504 -0.128641768739484 -0.0049231230538186 0.29911021792906 0.00356647037158254 -0.286391493836587 -0.00855555626058824 0.958067844677092
0.59362 -0.161246742904412 -0.00629935744533943 0.327652981109865 0.00238951719467904 -0.335650085919678 -0.0132642689877665 0.94189031696791
0.80089 -0.198368136554509 -0.0065632316249974 0.356694415188047 0.000890005742101033 -0.388088986749233 -0.0104591462062987 0.92156212623695
0.008248 -0.242158792121153 -0.00646760724693944 0.383744027154235 -0.00145601315575839 -0.440636383602014 -0.00734575358889238 0.897654442074477
0.215751 -0.292751058528963 -0.0063312822216783 0.406642538134097 -0.00418240505601209 -0.493440151764271 -0.0068358471057006 0.869742832858741
0.319374 -0.320881583136364 -0.00618988983660174 0.416365730001237 -0.00527816270370005 -0.519303333442506 -0.00698925430549498 0.854545106590769
0.423126 -0.350825569483057 -0.00587518339857244 0.425196144694369 -0.00667313121108537 -0.544721451004869 -0.00740899380675046 0.838557760053392
0.526893 -0.383519807130774 -0.00575510988066414 0.432499784561748 -0.00762321627921471 -0.569368293821274 -0.00796299957513267 0.822008651537426
0.630648 -0.417725243588649 -0.0057572355342008 0.438988415399375 -0.00977166561661701 -0.592759477321436 -0.00830474203528222 0.805277435332956
0.734395 -0.45366743480872 -0.00579991489637158 0.444487851065724 -0.0121478436703678 -0.614820283125569 -0.00757672134288287 0.788537280440975
0.838251 -0.490617483341627 -0.00555841083432937 0.448180290816316 -0.0130338730513523 -0.63501853507234 -0.00701623228634873 0.772355067797425
0.942122 -0.530388822359084 -0.00528307714119265 0.450198626402871 -0.0124764828309121 -0.653273004426507 -0.00809962061303993 0.756976297653803
0.046284 -0.570925883722538 -0.00431849070408201 0.450764141168202 -0.0115445318162165 -0.669313406919361 -0.00904812372316833 0.74283539129489
0.25438 -0.657888292135272 -0.00258682395756901 0.449280242749869 -0.00956510075551099 -0.695753287785347 -0.00800570247930345 0.718172528095603
0.462646 -0.751187538318855 -0.00164885206895657 0.443540058205396 -0.00768579558069966 -0.716242735700166 -0.00668613191218915 0.697776875328415
0.67125 -0.851029503578091 0.000263832967673201 0.434856325259168 -0.00650657912947934 -0.72903946202859 -0.00560071022759291 0.684417825073283
0.879959 -0.957522237277642 0.00111583939199635 0.423923161213011 -0.00688802834970796 -0.73670146514864 -0.00640643274920495 0.676152692764535
0.088502 -1.06953785899814 0.00190005610074097 0.411681512987256 -0.00715012833417551 -0.740474374908113 -0.00791473224827082 0.671999949987113
0.297154 -1.18816768197445 0.00380297931772067 0.400049714733953 -0.00958343422542754 -0.740564736285959 -0.00737812005878565 0.671876173489247
0.505749 -1.31195453339899 0.00499009163753671 0.387220211361391 -0.00945027020049452 -0.739422648689368 -0.00935452210479413 0.673110192995566
0.714253 -1.44036908133531 0.00713186992012965 0.374573563572691 -0.00792676292429806 -0.73841879641192 -0.00906153752887596 0.674234926470534
0.922523 -1.57656481354464 0.00965485500377932 0.362220399212546 -0.00984368693070014 -0.737121931919613 -0.0115967037691259 0.675588540290907
0.130876 -1.7173727558096 0.0119018029985786 0.349567867662226 -0.00962647906314867 -0.735924608784668 -0.0129275388957727 0.676871612511618
0.235023 -1.78952579837502 0.0133892171430258 0.343296556362465 -0.00776589169892006 -0.735336051228097 -0.0127045958702212 0.677539058604126
0.339025 -1.86323374107197 0.0149157095785509 0.336558074362841 -0.00723233251754497 -0.73481720529638 -0.0127818491322114 0.678106180844516
0.547271 -2.01401552436884 0.0177157489640574 0.324808938357953 -0.0103712277528647 -0.733949873259924 -0.0126580757163914 0.679006475886496
0.65128 -2.09075494798057 0.0190653092627982 0.318656282873093 -0.0113198149925101 -0.73353584143552 -0.0129202743973027 0.679433659474947
0.75538 -2.16703188521281 0.0202258597855021 0.312408031311424 -0.00984093383541 -0.733342043091542 -0.0111550341421245 0.679697115683786
0.963378 -2.32280983789632 0.0221656765068868 0.300825683627173 -0.00742533496864332 -0.733346357975844 -0.00528779023521858 0.679794103327321
0.067377 -2.40230653316559 0.0230648984895 0.294129246515507 -0.00812096172071785 -0.733503704017726 -0.00518400484429529 0.679617165959469
0.171256 -2.48292245139364 0.0235853849382101 0.287538495846188 -0.0105065513731413 -0.733474348792899 -0.00812297642958727 0.679587381647865
0.275272 -2.56413848938804 0.0247083149503099 0.280724432264743 -0.0124708415346666 -0.733562126224324 -0.0112540034291884 0.679414772055688
0.483251 -2.72540525050096 0.0272588784189603 0.266714667181662 -0.013149539338902 -0.733692027370434 -0.0147271191841985 0.67919526687748
0.587271 -2.80555616344299 0.0288122956145197 0.259933219875527 -0.0119828004236651 -0.733870275126199 -0.0134097598066361 0.679051551888465
0.691129 -2.88570122989455 0.0304026238494363 0.253279508154564 -0.0109864339422012 -0.733999254050003 -0.0125138845089562 0.67894609212939
0.795131 -2.96646701084957 0.0319884468890763 0.246251465352612 -0.0108732095705128 -0.734022801749306 -0.0135225653587434 0.678903115364669
0.899003 -3.04717823442458 0.0330860163469898 0.239210675513898 -0.0113979296642755 -0.733948111488966 -0.01474517030212 0.678949804325703
0.003004 -3.12725999835252 0.0341597481460467 0.232441961813993 -0.0105656732727364 -0.73393347220681 -0.014474292542112 0.678984918667679
0.107005 -3.20669508593605 0.0354395298736875 0.225808090979903 -0.00850887594750002 -0.733845640652097 -0.0128902066284068 0.679140646183912
0.315006 -3.36701962899208 0.0377849791769743 0.212506575697427 -0.00702657220276506 -0.733625838706763 -0.0119396808124337 0.679412393239169
0.522877 -3.52747186574557 0.039459556631843 0.19948400582338 -0.0100598977871216 -0.733232813913315 -0.0142135162722455 0.679754672666877
0.730751 -3.68854618698646 0.0424345124050016 0.186374167791888 -0.0132832160013909 -0.732989034311231 -0.0172022086032429 0.679893164968821
0.938756 -3.84927048843541 0.0462165114507078 0.173730353891902 -0.0118724570432052 -0.732869388261554 -0.0153354975624492 0.680092881176832
0.146631 -4.00741689489472 0.0491199037301254 0.160266742486259 -0.00781371051077733 -0.732714298563796 -0.0144926484132138 0.680337170636876
0.354505 -4.16618040007183 0.0510017555719933 0.147116174335463 -0.00621422860858704 -0.733139731656427 -0.0135178849926797 0.679915277085952
0.562503 -4.32412564990138 0.052604740845684 0.134819807258947 -0.00701563732502673 -0.733817057339337 -0.00884634732258987 0.679253302774309
0.77038 -4.48207769640428 0.0537857550168045 0.12162064513148 -0.011345193054512 -0.734991003612481 -0.0113823292866815 0.677886387076244
0.874249 -4.56033938318697 0.0545239962481804 0.11490550170164 -0.0132159226333272 -0.735593788234895 -0.0121969632896642 0.67718413462344
0.978133 -4.63825309096121 0.0557773509911329 0.107930887397498 -0.0129040220838497 -0.736115691027652 -0.0117952056599442 0.676629920089543
0.18601 -4.79168973779526 0.0575425553288682 0.0924106957326822 -0.00764033405249614 -0.73688372421229 -0.0120246627374177 0.675869373305702
0.29001 -4.86890966992715 0.0585114622336773 0.0842466767129304 -0.00573936663410945 -0.737342345964321 -0.0129823688860674 0.675370107879063
0.39388 -4.94485153264773 0.0589923430021944 0.0766151899974465 -0.00556357717313938 -0.737643958726043 -0.0140463441708544 0.67502084188523
0.49776 -5.02112326782233 0.0597075384478271 0.0692040370178653 -0.00615423341930645 -0.737955410745267 -0.01454034490852 0.674664743063358
0.60175 -5.09676146819679 0.0604776176990488 0.0616467898652218 -0.00531665464501521 -0.738259925272491 -0.0150667076719642 0.674327079568936
0.70563 -5.17170172826978 0.0611158006076892 0.0539252562773145 -0.00504624379374837 -0.738425319153866 -0.0153063610544891 0.674142639778374
0.80965 -5.2464156721041 0.0619853796152333 0.0467569923713773 -0.00620238885833165 -0.738605324789019 -0.0154100556187599 0.673933405279472
0.91351 -5.32112216858767 0.0629862313405644 0.0398468346703709 -0.00766996080260009 -0.73876675456651 -0.0160810512206964 0.673725651760559
1.12138 -5.46901796296827 0.0653620528115106 0.0249997325548321 -0.00961856712508046 -0.738902923041973 -0.0185406339193728 0.673488083324684
1.32928 -5.61383656387959 0.0679988461723015 0.0106928791344529 -0.00933597793554966 -0.739261542176348 -0.0173255450767595 0.673130772779575
1.53715 -5.7561308577567 0.0700946237718768 -0.00440003692097335 -0.00721451503753025 -0.739307724927157 -0.014858505313685 0.673165108614259
1.74513 -5.88969038599723 0.0711796032346285 -0.0174413358712933 -0.00513994463472307 -0.738051671894005 -0.0149524813404216 0.674558918023756
1.95326 -6.01919784135745 0.0721596291026245 -0.0289802664894321 -0.00608399762293146 -0.734629957835562 -0.0156963977233168 0.678259119453588
2.16138 -6.14451936141788 0.0733988360121847 -0.0382544109744982 -0.0070780913703586 -0.729185909479557 -0.0165520979599118 0.684078824472845
2.36963 -6.2602377698375 0.0744810945796768 -0.0435044641989171 -0.00642072498350978 -0.719900807047309 -0.0195537404588199 0.693771758964999
2.57813 -6.37021199407347 0.0757264170803351 -0.0431703553041203 -0.00646691727071698 -0.705719695895546 -0.0208120114706045 0.708155879721873
2.78678 -6.47130839729511 0.0768031890733332 -0.0354348149499657 -0.00736450147746212 -0.686230536409941 -0.0196022469665893 0.727082641059718
2.99551 -6.56754726816101 0.0786023708634195 -0.0197139524981962 -0.0082457688142598 -0.659791912598542 -0.0185029383608947 0.751175266258303
3.20438 -6.65272184538702 0.0795673866556208 0.00224625550345792 -0.00928150873864263 -0.626507575479675 -0.0177731466061275 0.779157382511281
3.41326 -6.73832345092627 0.0806530635543383 0.0347544739322245 -0.0116730615750404 -0.586186544762797 -0.011858932287423 0.810005209919987
3.62213 -6.81736656258961 0.0825193462967655 0.0761502709690469 -0.0123130016211212 -0.540114865857173 -0.00534063051306242 0.841484283475864
3.83076 -6.89301158441996 0.084282050039253 0.125992989130062 -0.0129563757130629 -0.492175102897254 -0.00450526104728971 0.870388133558446
4.03938 -6.9597041097102 0.084680823591813 0.185655507210007 -0.018338871000016 -0.445292751510865 0.00360937198880954 0.895189937217892
4.14365 -6.99079864390156 0.0845016447611971 0.217573758472442 -0.0173159174485291 -0.421084817514558 0.00520075878347866 0.906841048679273
4.24788 -7.01984135437292 0.0847151429453553 0.250651281757843 -0.0134471041332138 -0.395969391511212 0.00538487815893697 0.918149453773123
4.35215 -7.0498068926866 0.085155595450637 0.285628896910927 -0.007434377106892 -0.369785197525423 0.00621646482995505 0.929066732421915
4.45638 -7.07814981863733 0.0853553707833689 0.324115222968608 -0.00270864596287287 -0.342322340063284 0.00545580974935707 0.939562830720024
4.56063 -7.10506923709649 0.085276559669657 0.366097140226606 -0.00096939064335945 -0.314276542596844 0.00524615005238519 0.949316487250054
4.66488 -7.13027102949121 0.0855633079861333 0.412441822330844 0.000102869356625302 -0.286132724998278 0.0057440342023233 0.958172771046035
4.76901 -7.15538210755338 0.0851082869378109 0.460758249225209 0.00175306218817279 -0.258187510361122 0.00448247610090145 0.966082834789282
4.87316 -7.17855012883835 0.0840700359970984 0.513036709125871 0.00125822720959097 -0.231831111656252 0.00382147481151323 0.972747731358331
4.97715 -7.20086020165713 0.0831964333765839 0.567747497017095 0.00153518563781478 -0.207912176243423 0.000463433980447722 0.978146183044092
5.08116 -7.2218816947401 0.082927473936659 0.625691825430094 0.00276876020981933 -0.185844866061306 -0.00176239997980597 0.982573617431217
5.18501 -7.24160899437451 0.0821796945349364 0.68579540689439 0.00243327843259067 -0.166809763082794 -0.0043603451683245 0.985976454833656
5.28876 -7.25990626511729 0.0811765137084591 0.749366817935567 0.00137617664516989 -0.151171390812387 -0.00448678946474671 0.988496426628842
5.39248 -7.27653732781735 0.0804404963823804 0.814856226735008 0.000542232161904219 -0.138578108004305 -0.0040351038116667 0.99034313846437
5.59991 -7.3106045009052 0.0793678996912038 0.95181346030733 -0.00171747702417597 -0.118460585103783 -0.00519475074110754 0.992943681491694
5.70361 -7.32693843278651 0.0792317463012548 1.02308225624884 -0.00222302190689621 -0.110629630441117 -0.0075098295895046 0.993830843504869
5.91101 -7.35678308415586 0.0782887036240319 1.17023729819537 -0.00268640842820191 -0.0972912977977431 -0.00872193352894042 0.995214104832777
6.11855 -7.38381130232722 0.0778905341388151 1.32616248359883 -0.00286834990891749 -0.0829477105689057 -0.00904132149545667 0.996508757806871
6.22236 -7.39604924900226 0.0775749301319107 1.40622014162618 -0.00312860649643015 -0.0758252406006259 -0.00977385599457346 0.997068310823409
6.32614 -7.40752408693768 0.0767626785388243 1.48792594206229 -0.00175492140885912 -0.0694699812342399 -0.00999160204653868 0.99753246054788
6.42989 -7.41765953909709 0.0756403431077351 1.56961394514776 0.000856588798213191 -0.0639678265548482 -0.0104877891045609 0.997896482457563
6.63752 -7.43775414676524 0.0741876594107321 1.74067301932825 0.0039545327539277 -0.0551059396984757 -0.00956211930660042 0.998426894146493
6.74126 -7.44731098514732 0.0728300292777603 1.8272113653717 0.00089610248032539 -0.0517330455476421 -0.010412221756342 0.998606266071272
6.84514 -7.4573019107682 0.0713281878931519 1.91533263840291 -0.00314945999576559 -0.049197822451462 -0.0124261793957721 0.99870678641601
6.94889 -7.46542990050658 0.0703484958841328 2.00230919624761 -0.00500146871592126 -0.0470545283452288 -0.0126973955452369 0.998799095323609
7.15642 -7.48239821373185 0.0689650566733001 2.17566375196274 -0.00403156151365514 -0.0437854480952708 -0.012060166673004 0.998960025940316
7.364 -7.49691137504048 0.0678251754631227 2.35009885834769 -0.00647256034316866 -0.0411098893430835 -0.0102025054239895 0.999081574168935
7.46789 -7.50443369828693 0.0671678063491375 2.43707207800625 -0.00733488893669698 -0.0396040844873298 -0.0092074870127682 0.999146104470771
7.57166 -7.5112245804922 0.0662422006498008 2.52277879217997 -0.00562123591680024 -0.0382774882597124 -0.00891489925277309 0.999211569273799
7.67551 -7.5185107765474 0.0654480160905528 2.60843535332862 -0.00191066354373448 -0.0374026841445841 -0.0104487728872588 0.999243819960251
7.77939 -7.5251013498552 0.0644360206942507 2.69349869677933 0.00189013583525427 -0.0365490579835051 -0.0107422044344191 0.999272334647033
7.88314 -7.53221207387385 0.0628786200277306 2.77977318518696 0.00391304883283671 -0.0359042242993882 -0.0112569714739326 0.99928417145451
7.98701 -7.53905507864591 0.0610233374211617 2.86627954121905 0.00303151295065236 -0.0348323694731014 -0.0119437614988629 0.999317198154509
8.09088 -7.54604427126894 0.0588519869933457 2.95293679529903 0.000999930380449299 -0.0335872863462561 -0.0135830235053364 0.999342982067509
8.19476 -7.55213890410524 0.0567012127724943 3.03824262417911 -0.00156360254956739 -0.0324023638294124 -0.0153539282874028 0.999355741891484
8.40239 -7.56410032768373 0.0538236270076908 3.20996391739524 -0.00267435566480723 -0.0305641712259083 -0.0127652174236996 0.999447711730422
8.50626 -7.568981899983 0.0527511481723117 3.29418180031048 -0.00265010292886488 -0.0300982567735746 -0.0116034262461458 0.999476078949871
8.61013 -7.57399150834325 0.0520104384124276 3.37944442431265 -0.00168183018697977 -0.0294804583173596 -0.0114539904924689 0.999498314218898
8.71391 -7.57972031892627 0.0510550068226576 3.46536705963874 -0.00109561211811266 -0.0291851826427264 -0.0104213488993763 0.999519094482599
8.81776 -7.5850505611018 0.049911090241912 3.55235435093857 -0.00118452548069882 -0.0288091417362072 -0.010012256207657 0.999534083949838
8.92164 -7.59100817638882 0.0489357508046509 3.63987662130604 -0.0016678440264007 -0.0284102405783559 -0.0115206547220368 0.999528564394915
9.02551 -7.5959624988885 0.0478673503233752 3.7263870093249 -0.00125714497704448 -0.028412922527192 -0.0114425597908112 0.9995299861662
9.12939 -7.60221934269014 0.0465971078186442 3.81619646115237 -0.00125154915240007 -0.0293383123156602 -0.0111448465099801 0.999506623015304
9.23326 -7.6079004587926 0.0457123631104013 3.90503916839327 -0.00155760934458294 -0.0303613805091696 -0.0100417368971624 0.999487330558419
9.33701 -7.61438950504969 0.044737561949203 3.99458438466767 -0.00149661020252454 -0.0319016114719058 -0.0110365542546378 0.999428957862229
9.44089 -7.62102442927772 0.0433431522457622 4.08435116092371 -0.00142746892111413 -0.0333998903366638 -0.0127378566949776 0.999359873451399
9.64851 -7.63547970608084 0.0409565139202796 4.26646813356237 0.00299831736089727 -0.0357715747378852 -0.0134735075879239 0.99926466420416
9.85626 -7.65047400537001 0.0375625518887569 4.45145077686328 0.00318986478965986 -0.0377660408949124 -0.0127402767245694 0.999200298372018
0.06401 -7.66627693608204 0.0344371352183297 4.6409195243297 0.0020318591138189 -0.0396458333728202 -0.0116910260141558 0.999143332738328
0.16793 -7.67477036803983 0.0330530969414074 4.73627288508014 0.000171818249342292 -0.0401721286660946 -0.0114124401858217 0.999127582827103
0.27189 -7.68353225425972 0.031739375880889 4.83206815006242 -0.00219706679692267 -0.0406682356784788 -0.0110644526711518 0.999109025778157
0.37576 -7.69154049296975 0.0307067129086836 4.92923236801517 -0.00328548643253607 -0.0403210135257278 -0.0111253040809045 0.999119436832388
0.47975 -7.70045861666636 0.0299152382883474 5.02663719295104 -0.00327851261955005 -0.0393142314491121 -0.0126005684563656 0.999142066092278
0.58364 -7.708756272289 0.0290629790406654 5.1244861155158 -0.00266508011868009 -0.0383671904613811 -0.0126420567551751 0.999180181171074
0.68751 -7.71657441509945 0.0279260909041065 5.22256340209373 -0.00163547154929683 -0.0375596877627275 -0.0114685231530177 0.999227235449808
0.79153 -7.72404937306485 0.0266399691921215 5.32145842769735 -0.000858351261707778 -0.0367161940282843 -0.00957303428092587 0.999279511119809
0.99926 -7.73850819335077 0.0242941341834422 5.51944044720522 -0.00207754360439301 -0.0352978004774754 -0.00764772998633305 0.999345416420209
1.10327 -7.74533283266624 0.0230404768430635 5.61890517862128 -0.00337792352631958 -0.0349325241859386 -0.00620183500428968 0.999364721024926
1.20714 -7.75265358115351 0.021802494347261 5.7179884698696 -0.00351799678767959 -0.0344648494169665 -0.00589890379970744 0.999382309622914
1.41504 -7.76851411432839 0.0184815552836991 5.91433125206193 0.000991279588809001 -0.0335601479980095 -0.0082067592623013 0.999402512971395
1.6229 -7.78357714488601 0.0140116167082303 6.10777426967717 0.00664658656327267 -0.0326372660268236 -0.0115232144967073 0.999378730652706
1.83076 -7.7971240214136 0.00902010993161081 6.30295523134865 0.00400985475712063 -0.0320422735064253 -0.00983910973134083 0.999430040419569
1.93464 -7.80383230993505 0.00660887644808789 6.40050424693577 -0.000539720608224875 -0.0323486868969358 -0.00937451631230177 0.999432533791861
2.03866 -7.81107544764361 0.00467861637580742 6.49825156760749 -0.00441058778684983 -0.032973648593898 -0.00878350907991643 0.999407892295245
2.24654 -7.82389663777999 0.00220319061971083 6.68794449984219 -0.00164522613820859 -0.0352558117004535 -0.00526430659604947 0.999363101204142
2.35039 -7.83111668302829 0.000509814743438622 6.78251148843501 -0.000889153361529702 -0.0365280089453543 -0.00464269113864779 0.999321449478484
2.45439 -7.83915357904295 -0.00142121795232272 6.87643217989086 0.000343366198191721 -0.0378509836195834 -0.00577335852209488 0.999266657839668
2.55837 -7.84779258293885 -0.00303796009485292 6.97031941290694 0.00217954262259522 -0.0393800863096425 -0.00666242751405185 0.99919971499987
2.66227 -7.85707064082218 -0.00540869705931558 7.06420455660527 0.00371250116822625 -0.0414548449506349 -0.00694820325327883 0.999109321163979
2.76614 -7.86529159586127 -0.00778040626144299 7.15529941588257 0.0057614229121986 -0.0430486800980725 -0.00784201205595792 0.99902558525533
2.87016 -7.87511528030998 -0.0104270037397546 7.24738133433602 0.00587482862640354 -0.0445995517945228 -0.0102591319204747 0.998934991168382
2.97402 -7.88521567980051 -0.0126533434052762 7.33970361219383 0.00505195072842037 -0.0463268895676815 -0.0120388066842828 0.998841010486874
3.07801 -7.8959176531318 -0.015167366834999 7.4320984799422 0.00205443348750763 -0.0482608381608859 -0.0135149684833696 0.998741215946327
3.18199 -7.90561240456384 -0.0171993393777215 7.52335321642683 -0.000625126899692675 -0.0503698824452378 -0.0133819318531586 0.998640780290235
3.28591 -7.91658485881956 -0.018618422465178 7.61487847259104 -0.00250723695457414 -0.0527811809792658 -0.0131108812783833 0.998516882926569
3.38977 -7.9271862075664 -0.0197944849545489 7.70507546561557 -0.00295092418144634 -0.0561307383950088 -0.0127705037491698 0.998337391109688
3.49376 -7.93850541908414 -0.0208678064534481 7.79529014810399 -0.00490016002638781 -0.0590878772511739 -0.0115496213816342 0.998173941474935
3.59764 -7.95115407541193 -0.0218952756544967 7.88471005386238 -0.00468523433255984 -0.0622424546128999 -0.0118193998213463 0.997980073554013
3.70151 -7.96413759566535 -0.0230818813400151 7.97308792795927 -0.00417951011988293 -0.0652301992661125 -0.0142332852905852 0.997759974336863
3.80554 -7.97772482563805 -0.023884137687132 8.06077665227977 -0.00218456658315644 -0.0681598294884807 -0.0154027721063872 0.997553116342375
3.90939 -7.9910430260981 -0.0248819334950126 8.1483658110263 -0.000810228861630773 -0.0711585759531385 -0.0148709622057664 0.997353826422994
4.01339 -8.00531334420123 -0.0261229637109613 8.23608652184218 -0.000103024185575845 -0.0737699632205686 -0.0155573898345819 0.997153924694672
4.11727 -8.02076990608152 -0.0268155537185774 8.32482222423569 -0.00251865934263787 -0.0761379879491763 -0.0163828741048768 0.9969595100014
4.32514 -8.0505504613836 -0.0293946124979901 8.4982702034905 -0.00584733561672861 -0.0823993987311885 -0.0160903641978517 0.996452330989749
4.42914 -8.06611593084938 -0.0302301743232414 8.58397202963935 -0.00403525879702011 -0.0859076204966133 -0.0150130813009809 0.996181813132975
4.63689 -8.0988971808913 -0.0319453527088692 8.75338143479598 0.000357748040037031 -0.094761811600175 -0.0132344260149878 0.995411935354729
4.84464 -8.13666135461871 -0.0338752227613324 8.92228275279978 -0.00428407337034593 -0.105821591267213 -0.0125645103143639 0.994296520469419
4.94851 -8.15685874885595 -0.0341036489191606 9.00584718162796 -0.00795337107756574 -0.111880852129866 -0.013048324973932 0.993604126415834
5.05239 -8.17834648314969 -0.034625078063532 9.08938841871738 -0.00967130796605096 -0.117582850213 -0.0132517317346184 0.992927555637392
5.26014 -8.22377845508688 -0.0357058053100595 9.25098412114567 -0.00244815640447182 -0.129459427671546 -0.0154398596353556 0.991461483796328
5.36401 -8.24652685263306 -0.0353465949949797 9.33231100654885 2.35836470914968e-05 -0.135707368942947 -0.0145395961217721 0.9906422712579
5.46789 -8.27240520235281 -0.0355328385678939 9.41416771958467 -0.00251638569103873 -0.141979627406195 -0.013696533858468 0.989771619195517
5.57179 -8.29894272315908 -0.0362606367109676 9.49662954645131 -0.00620361527723406 -0.14785426576136 -0.0138016835851849 0.988893394044007
5.67564 -8.32639968571754 -0.0366494612412052 9.57932101681798 -0.00889760747553895 -0.154009305969767 -0.0132462386660533 0.987940536377126
5.77952 -8.35435476613705 -0.0363619073304641 9.6600475272113 -0.00797504169726343 -0.160454923499302 -0.0121365058680473 0.986936331006248
5.88339 -8.38320784907308 -0.0365901137967337 9.74063483370687 -0.00581803697368818 -0.166430392879279 -0.0114941846136511 0.985969045402486
5.98739 -8.41146702644837 -0.0371506174363765 9.82068736408583 -0.00264127335876338 -0.171028088745586 -0.0099926564540763 0.985211938291486
6.09127 -8.44275598529843 -0.0374940426526374 9.90085445419205 0.000171437532908479 -0.175105376834904 -0.00839399658966467 0.984513899563603
6.19527 -8.47394081248242 -0.038225763977584 9.9812006637041 0.0012086665238843 -0.178974280434809 -0.0084866169996553 0.983816407364696
6.29929 -8.506551957726 -0.0395615612019031 10.0607819620142 0.0017268037279512 -0.182939803610155 -0.0113264241956954 0.983057352609146
6.40314 -8.53964249678688 -0.0406034088373668 10.141394588816 0.000585829082250981 -0.187109315883753 -0.0109886026610074 0.982277461476827
6.50702 -8.57298525249912 -0.0407740975363348 10.2225115641112 -0.00273065605887839 -0.19126977900838 -0.0107028238362312 0.98147535104938
6.61102 -8.60674979447775 -0.0407961151761995 10.304161028922 -0.00681277258837487 -0.194806872836377 -0.0107790157399576 0.980758727335652
6.81889 -8.68010790725947 -0.0418928268948074 10.4634181568536 -0.00713563003225796 -0.200999433932882 -0.0192726316420151 0.979375758333999
6.92289 -8.71474372473794 -0.0414575129415354 10.542479104525 -0.0033075356933494 -0.203911423086554 -0.0181240219870947 0.97881597431257
7.13089 -8.78662155558903 -0.0418244615308835 10.7047324230844 0.000311434350289211 -0.208576887124724 -0.015215380870981 0.97788755864412
7.33864 -8.86467261330996 -0.0434662428762388 10.8640208391999 -0.00387599732527378 -0.213719579953949 -0.0185649145315199 0.976710940727849
7.44266 -8.90195821561512 -0.0440448899443088 10.9444892449952 -0.00318685680403395 -0.216571046829718 -0.0168336825943375 0.976116515969843
7.54652 -8.94160946087342 -0.0449015118781252 11.0238012446223 0.000129099972354134 -0.219086983976388 -0.0167515116602614 0.975561511972681
7.65052 -8.97996419415886 -0.0451267191327691 11.1030077963782 0.0033420486451812 -0.221671705555327 -0.0160040161952253 0.974984285582423
7.75439 -9.01995358678787 -0.0460377388547371 11.1824684062199 0.00421549725649288 -0.224230434149537 -0.0165700664733908 0.974386152857818
7.85841 -9.0606992823279 -0.0474804341203829 11.2623381596549 0.00229851589307462 -0.226323604501565 -0.0177283290627093 0.973888109188501
7.9623 -9.10129932423279 -0.0489697463051418 11.3414401624959 0.00134797279599654 -0.228550757538389 -0.018229675968227 0.973360371656902
8.06615 -9.14245224571334 -0.0499025848399396 11.4204824048952 0.00121403316189355 -0.231018181183014 -0.0189331262665977 0.972764443643037
8.27404 -9.22387447853413 -0.0521124166702672 11.577104798532 0.0015020641761593 -0.235802934645198 -0.0169339800844304 0.971652180635861
8.37789 -9.26456377727671 -0.0529154271157956 11.6564208928336 0.00124449370876144 -0.237964820688497 -0.0167106677881963 0.97112921330386
8.48189 -9.306962627719 -0.0543075545878897 11.7313017188587 0.00108899285952809 -0.240286928844729 -0.0174324297798828 0.970544752349365
8.58577 -9.34877899439677 -0.0555884791902579 11.8074557211533 0.00114992068179586 -0.242614485151733 -0.0176292359748806 0.969961906115868
8.68966 -9.39040441832264 -0.0569072308877233 11.8828601275952 0.00303460177587398 -0.245028184942983 -0.0166329367184363 0.969368518774841
8.79367 -9.43185561351668 -0.0587316976412796 11.9574760228767 0.0050080943746052 -0.247417910781433 -0.0154671896175029 0.968772451332418
8.89752 -9.47375710937123 -0.0602765713210776 12.0317159467197 0.00625976725978146 -0.249513143739142 -0.0150244740931942 0.968234615985964
9.00152 -9.51630481694918 -0.0612455576249489 12.1064134781275 0.00450085505759782 -0.251360065329644 -0.0154039822153646 0.967760599111752
9.20939 -9.60027440212144 -0.0639605669542466 12.2527526774809 -0.00476599990686497 -0.254516896177527 -0.0160786431708435 0.96692290904644
9.41727 -9.6813699996331 -0.0649169113927646 12.3938480103609 -0.00751249331395952 -0.257597693162051 -0.0134478244216431 0.96612946696606
9.62502 -9.76087994638469 -0.06473487125987 12.5289271167464 -0.00444189341702243 -0.260823428024046 -0.0122727199787004 0.965298290333605
9.8329 -9.83580221319437 -0.0662475373281286 12.6534503646485 -0.00413668905755217 -0.263497199526006 -0.0106592063667715 0.964592398355504
0.04077 -9.90767340083038 -0.0677806251302301 12.7716445971374 -0.0055873643946711 -0.265880131951186 -0.010461827895063 0.963933134065758
0.24852 -9.97394215639624 -0.0689411174488507 12.8806379442772 -0.00649708799129272 -0.268431906130294 -0.00870341558571031 0.963237431880652
0.45627 -10.0358851768611 -0.0702716658369767 12.9792214305851 -0.00413637910739639 -0.270578395602616 -0.00890820742236458 0.962647841134812
0.66404 -10.094777682466 -0.0713479896832584 13.0706850207849 -0.00156853014127004 -0.273652987219781 -0.00646597112015552 0.961805475923463
0.97565 -10.1715844576906 -0.0726988557482268 13.1892760000659 -0.00346895587718552 -0.282212978279343 -0.00627865681686534 0.959324960430198
1.28714 -10.2436238732021 -0.0738928518671937 13.2907426330342 -0.0100878366453909 -0.292145610893523 -0.0110788317143233 0.956256470344286
1.59839 -10.3045549377599 -0.0740194671997521 13.3744287545711 -0.013093841597328 -0.30907911543534 -0.0066851087893961 0.950922689304659
1.90952 -10.362287678934 -0.0746120478423529 13.4392582406283 -0.011939578527315 -0.33643187110049 -0.00733060361553307 0.941603581568722
2.22065 -10.4162826308662 -0.074213178581579 13.4898855853128 -0.00430658013505912 -0.367872657216794 -0.00707101872014484 0.9298393206001
2.53177 -10.4748240953122 -0.0726716809603336 13.5342933969265 -0.00252545160987856 -0.401232670954108 -0.0101951977018677 0.915915947997969
2.73927 -10.5145360419137 -0.0721810103266084 13.5645859655386 -0.00483190266271244 -0.425678519073743 -0.00971334229413097 0.90480942860766
2.94665 -10.558609122257 -0.0715457939641313 13.5891017051994 -0.00651676861531393 -0.452762734019653 -0.0139025325028922 0.891498826695733
3.15402 -10.6045033503841 -0.0712948289174725 13.6091953379735 -0.00724409779026844 -0.479945116896886 -0.0172152528027937 0.877099676710108
3.36165 -10.6502955880746 -0.0714908085422143 13.6284352480211 -0.0079204915587781 -0.506630206854663 -0.0215033796439206 0.861858865464502
3.56902 -10.7003933706435 -0.0714401156542916 13.6453229213003 -0.00699454355764422 -0.535906957097953 -0.0203697346130728 0.844002300711453
3.77642 -10.7585430353884 -0.0702807058367285 13.6600075692661 -0.00461294733257329 -0.568790832782069 -0.0185261774213133 0.822260597383908
3.98365 -10.8270721645126 -0.0684692977779977 13.6687212260812 -0.00431856016887903 -0.604749205224572 -0.0175829657385782 0.796210140687842
4.19102 -10.9039070094306 -0.0660560658629474 13.6772940997324 -0.00354129563307542 -0.642905017167381 -0.0158570942142438 0.765773563587389
4.39842 -10.9894726880436 -0.0638172292277311 13.6724756918169 -0.00490802445689702 -0.681401467021701 -0.0158823025861574 0.731721056483388
4.6059 -11.0851479690404 -0.060821767320813 13.6670653322357 -0.0088883783802707 -0.719581775652503 -0.0153820802504481 0.6941804207018
4.70966 -11.1353796439092 -0.059444723833218 13.6579655450948 -0.010689900228453 -0.738172184014019 -0.014604732476171 0.674369523755618
4.91715 -11.2400646836307 -0.0561339902043325 13.6308031627206 -0.0131641430710046 -0.772711965031446 -0.0142760687651859 0.634459705808855
5.12477 -11.3498338922736 -0.0539481092779209 13.5924344728839 -0.0167955956916039 -0.80376079600075 -0.0123883834716232 0.594586426629944
5.22867 -11.4052580934859 -0.0510753022286662 13.569559301228 -0.0184202767922806 -0.818415896391075 -0.0110368488472133 0.57422495757744
5.33252 -11.462998513847 -0.0499400076051294 13.5413736705741 -0.0203286150066551 -0.831826907996568 -0.0099581384426993 0.554573329708107
5.4364 -11.5204989025808 -0.0484067918546512 13.510412866297 -0.0217121480648125 -0.844306109876893 -0.00902365823287251 0.535345074735031
5.6444 -11.6429374139919 -0.0440009265393825 13.4351361792101 -0.0228689224538358 -0.865461765707608 -0.00832126106514449 0.500383553984696
5.74865 -11.7055724048393 -0.0422279365312419 13.392782305731 -0.0226288983376135 -0.873701846024535 -0.00833703718186943 0.485863675349757
5.95705 -11.8384819786824 -0.0378843022198632 13.2978868189858 -0.0206066156926765 -0.885345458475898 -0.00844217543613595 0.464400168195169
6.16567 -11.9792630902385 -0.0339094047882926 13.1905078369587 -0.0206499099954615 -0.892291320052247 -0.008966192791281 0.450898423997498
6.37417 -12.1279556971884 -0.0292648692698632 13.075362336051 -0.0218038329988845 -0.897243209758897 -0.00914343960436373 0.440903178623504
6.58267 -12.2824020896109 -0.0245715247141869 12.9498951044192 -0.0214646237020343 -0.900515360222704 -0.00997865993230778 0.434179435577341
6.79111 -12.4441489917217 -0.0194812069772865 12.8176409300953 -0.0220975390750905 -0.902663279601696 -0.0100979484052504 0.429661184962687
6.99949 -12.6135258855092 -0.0138123428384739 12.6784178519409 -0.0227934796953958 -0.903530440034736 -0.0101086165792887 0.427797869425345
7.20765 -12.7884865085054 -0.00819834423002175 12.5333069901495 -0.0228268228661254 -0.903966743074737 -0.00930735967446856 0.426891598217372
7.41589 -12.9713197614815 -0.00208846456570966 12.3811951388321 -0.0230659554015816 -0.904327944327316 -0.00917358203851885 0.426115918738934
7.62415 -13.1593423262368 0.0042340482134976 12.2228348372758 -0.0230921803041252 -0.904667261813013 -0.0116630838373547 0.42533265697328
7.83228 -13.3532806680684 0.0106948840145575 12.0605358844769 -0.0230582308248856 -0.905115566091359 -0.0104445763489202 0.424411405166305
7.93628 -13.4521738803717 0.0142957208426666 11.9775522134447 -0.0233112042258693 -0.905266565894797 -0.00954676609666432 0.424096559391462
8.04028 -13.5531396639488 0.017776765738985 11.8928729248245 -0.0242804413824995 -0.905464413347895 -0.00895061636290019 0.423632556342816
8.14428 -13.6552034000147 0.020895964568051 11.8073562917084 -0.0251684565870942 -0.905641428681328 -0.00819474928715462 0.423217435289695
8.24828 -13.7551329736752 0.0238840328533758 11.7228264766514 -0.0245817543978688 -0.905956616843876 -0.00706008401779107 0.422597327205441
8.35228 -13.860004246571 0.0264229461731271 11.63358698752 -0.0235968651303182 -0.90626486355056 -0.00513666620538631 0.422019904400256
8.45615 -13.9631730126144 0.0289502022483946 11.5453626324094 -0.0220314754891223 -0.906500272218729 -0.00385325063599298 0.421612408516019
8.56015 -14.068252384918 0.0308602465312451 11.4550676707056 -0.0207613664050464 -0.906488269004561 -0.00409158941819247 0.421700418209591
8.66415 -14.1753404444927 0.0325996542691296 11.3633807223716 -0.020539317258417 -0.906471296379493 -0.0051574381454485 0.421736085862255
8.76815 -14.2835494984918 0.034408275323772 11.2710484661179 -0.020878090823949 -0.906467472575913 -0.00659673142181858 0.421707611527148
8.87203 -14.3918924586812 0.0366587276599447 11.1793598298721 -0.0217125589658571 -0.906453078890185 -0.00758611642247991 0.42167977351455
8.97602 -14.5002479827964 0.0387616066668276 11.0871247934991 -0.0227570089393302 -0.90652409201091 -0.00814865356408326 0.421461491233806
9.0799 -14.608193296706 0.0410209555242431 10.9953270121497 -0.0232375919937847 -0.906559617479969 -0.00847189825753141 0.421352466722121
9.18393 -14.7162943492605 0.0433981753717321 10.9033050918187 -0.0235165277482009 -0.906568501576171 -0.0085758326750202 0.42131577227364
9.28778 -14.8242252312119 0.0458809092007476 10.8106988907684 -0.022755222786089 -0.906642219801281 -0.00914654709087257 0.421186924994208
9.39175 -14.9326476379938 0.0486304219271473 10.718172859894 -0.0229932657934289 -0.906646288345003 -0.0095136207378563 0.421157106765205
9.49583 -15.0416244273361 0.0513733410071409 10.6250303993016 -0.0229977808771658 -0.906732379534406 -0.0102886839289333 0.420953247952325
9.70363 -15.2584943272869 0.0570207417903194 10.440152336525 -0.0233479815587398 -0.906934576849381 -0.0104744182442302 0.420493557185616
9.80787 -15.3666313742818 0.0599088822790563 10.3476891265783 -0.023612960363646 -0.907085751297885 -0.00992008517608211 0.420165990776641
9.91128 -15.4742360163847 0.0625626269822016 10.2552965606005 -0.0236675397161985 -0.907337547960664 -0.00950696640131775 0.419628453771138
0.01528 -15.5817687612844 0.0651721916640797 10.1628261853632 -0.0239063415567036 -0.907545735158597 -0.00957310359535552 0.419162952938793
0.11914 -15.6886226129285 0.0676105388114624 10.0705809360085 -0.0235098758177897 -0.907797428926196 -0.00953244014527825 0.4186409516028
0.22303 -15.7959182175415 0.0700925465506741 9.97765733674892 -0.0231022852275521 -0.907966443120122 -0.00937555172992663 0.418300515915077
0.32693 -15.9032186977489 0.0726403732278347 9.88483207957123 -0.0224906979120278 -0.90809855846094 -0.00906832248393197 0.41805375510324
0.43077 -16.0100121303418 0.0749364463030301 9.79206902417784 -0.0220878669732439 -0.908160997502016 -0.00928073446701909 0.417934919235601
0.53499 -16.1168823337153 0.0772834981715713 9.69884081429431 -0.0206502543646328 -0.908179289348056 -0.0101733729028052 0.417947900913159
0.63867 -16.2238449155611 0.0798162633387146 9.60590270976165 -0.019970472312999 -0.907967132028199 -0.0103193235175085 0.41843802283519
0.74254 -16.3320665505709 0.0824461989923451 9.51248057897997 -0.0193144308237104 -0.907718717446474 -0.00995652084520335 0.419016169678383
0.84641 -16.4382108199115 0.0847128615709553 9.42106697317374 -0.0182065871789334 -0.907379827657843 -0.00957273175912769 0.419807969611806
0.9504 -16.5459769648653 0.0869635072260706 9.32930007476668 -0.0187018225721774 -0.906983329935188 -0.00954589671697738 0.420642790153386
1.0546 -16.6529234442762 0.0892585519563378 9.23940750259313 -0.0197118079520604 -0.906693639621525 -0.0101235628157358 0.421207314719307
1.15823 -16.762423994133 0.0923356793556654 9.14642524054067 -0.022053307521589 -0.90635810815695 -0.0117001002094889 0.421772141162264
1.26246 -16.8708219939179 0.0954493203933573 9.05528967283554 -0.0245796277279344 -0.906100575534518 -0.0142181622257254 0.422108318775756
1.36593 -16.977544593512 0.0986307448296798 8.96488920526401 -0.0251856897491876 -0.905932796339889 -0.0149835133311465 0.422406136172171
1.46982 -17.0852488850488 0.102591262060903 8.87380320994719 -0.0242008432470236 -0.905956691382263 -0.0129444135966581 0.422479863049677
1.57358 -17.1915075798348 0.106366947387912 8.78350073806518 -0.0230810452838927 -0.90601245731821 -0.0108153232984045 0.422482805939807
1.67741 -17.2983934094754 0.109710047426714 8.6926988484036 -0.0232112979325306 -0.905974106483469 -0.0107192223789313 0.42256035344239
1.78121 -17.4066266610177 0.112665999131274 8.60123225827637 -0.0235764979007255 -0.905967976216597 -0.0123971360689289 0.422507379620794
1.88506 -17.5126492008241 0.115714459351568 8.51092920864154 -0.0242722415438061 -0.906014202328547 -0.0128216900925019 0.422356162181373
1.9888 -17.619352141725 0.119034997587675 8.42086225287618 -0.0243203471590236 -0.906183812434982 -0.0119134008329513 0.422015982725133
2.09274 -17.7266669531449 0.122083032404628 8.33045599283675 -0.0241010119221272 -0.906363942577192 -0.0110743138149535 0.421664445256872
2.19645 -17.8316954570084 0.125300271682338 8.24044903452773 -0.0240652710301263 -0.906525420521319 -0.0117942754423207 0.42129967926131
2.30017 -17.9392833660731 0.128712079713443 8.14902160690944 -0.0250609090259815 -0.906646918108908 -0.0135105941933101 0.420928474407415
2.40408 -18.044948405242 0.132252203811999 8.05896752851478 -0.0260967950956204 -0.906752714985316 -0.0147116537656587 0.420597240119304
2.50779 -18.1505388982835 0.136108119609092 7.96887267999027 -0.0267351539244979 -0.906881516166649 -0.0147432012800774 0.420278223556644
2.61155 -18.2557328186881 0.139858968760685 7.87905568030113 -0.0268348091591189 -0.907085903816289 -0.0138460108407747 0.419861100959563
2.71529 -18.361105649706 0.143632647549077 7.78887884678711 -0.0266776176908542 -0.907265638238097 -0.01292299052187 0.41951205310781
2.81919 -18.4646125906446 0.147244206323109 7.69962521404928 -0.0253578421304969 -0.907270820400369 -0.0130065399204712 0.419580109409186
2.92292 -18.5685096776797 0.150519108124954 7.60994750583431 -0.024195890329709 -0.907106005960875 -0.013151720587734 0.420000339388487
3.02685 -18.6724076891403 0.153748998507218 7.52072327591662 -0.0235535518616274 -0.906974841603044 -0.0132881363667925 0.42031570554255
3.13055 -18.7757169245434 0.157059130845897 7.43199010206075 -0.0227057512960349 -0.90685839527967 -0.0137356235353911 0.420599135062068
3.23443 -18.8792400806829 0.160256626364954 7.34330729274363 -0.0223099585717001 -0.906695335384841 -0.0142649415766285 0.420954090111635
3.33833 -18.9834514593564 0.163411436390402 7.25442301100728 -0.022641082437894 -0.906553880268397 -0.0141278618917376 0.421245589976586
3.44205 -19.0850411930635 0.166714731925106 7.16789554589165 -0.0219823513492348 -0.906443151004425 -0.0137934389722656 0.421529751343421
3.54591 -19.1872281414889 0.169911722344143 7.08065382286227 -0.0214810335728254 -0.906305776359908 -0.0132482280351885 0.421868331813654
3.64977 -19.2900625444134 0.173239446301021 6.99387688692246 -0.0218479670096545 -0.906207923691365 -0.0130524454981435 0.422065752037581
3.75365 -19.3923267670974 0.176321260152706 6.90761403720201 -0.0236715526357744 -0.905996040911073 -0.0130343447904668 0.422422699798622
3.8575 -19.4945440519489 0.179219689872152 6.82125849540641 -0.0239880347409516 -0.905943899600676 -0.0130198077513847 0.422517111572661
3.96128 -19.595867275442 0.181899592313781 6.73538125740478 -0.023357038598953 -0.905868857685593 -0.0119968935415948 0.422743581818385
4.06519 -19.696147719279 0.184763707392882 6.65054562922458 -0.0231201160070363 -0.905728477429006 -0.00997673209244485 0.42310973780653
4.16905 -19.7966759655853 0.187352169987998 6.56577715720519 -0.0228624572657036 -0.905523356234908 -0.00898905576498792 0.423584650615785
4.27279 -19.8959356146194 0.189327877102478 6.48140466633822 -0.0217849019483495 -0.905318634362884 -0.0100791041587544 0.424054241791991
4.37666 -19.9954195144583 0.191468750960764 6.39904178145379 -0.0217372105046264 -0.905270312029491 -0.0107821127833781 0.424142549010864
4.48054 -20.09133014695 0.193051727081 6.3166077676496 -0.0215291285994495 -0.905290319057238 -0.010764003121579 0.424110918368994
4.58431 -20.1864141558435 0.194922280477469 6.23672379652763 -0.0215482978046553 -0.905314220126895 -0.0104052627157669 0.424067876884785
4.68822 -20.2809572846822 0.197006540516243 6.15727911661102 -0.0216108171771282 -0.905276715204681 -0.010363998912717 0.424145763878053
4.79218 -20.3747406416644 0.198989335279131 6.07946049308912 -0.0213993420426067 -0.905323578684671 -0.0103780937457302 0.424056106202856
4.99971 -20.5566490446948 0.202460081628095 5.92569415867492 -0.020847228970244 -0.905347550082722 -0.0106922718415446 0.424024624198103
5.20733 -20.7335494707757 0.206116577195226 5.77467460522009 -0.0216704450179308 -0.905407593193604 -0.0118033457697029 0.423825628093359
5.41524 -20.9069414933383 0.210501897744925 5.63060222764175 -0.0232419959954284 -0.905415929768636 -0.0133297310924508 0.423679267857595
5.62298 -21.0749101431679 0.215122751760173 5.48871827195632 -0.0253967731799423 -0.905547987969863 -0.013432327637944 0.423269911486757
5.83109 -21.2342852283021 0.219619207054408 5.35510082144154 -0.0258269836126915 -0.905944505443639 -0.0134442749723686 0.422394094945014
6.03818 -21.3876637921361 0.22424815558192 5.22434012069216 -0.027061490580546 -0.906760763341149 -0.0119876110266722 0.420605386287918
6.24592 -21.5333623023942 0.227809887360577 5.0992501392683 -0.0294792766806995 -0.90917926827365 -0.00991833174781745 0.415241685146268
6.45343 -21.6705187525823 0.23153018247943 4.97447193468154 -0.0318045091065826 -0.913664500116132 -0.00895289498000748 0.405124055197301
6.66097 -21.7985173786502 0.235479110052572 4.85036680863692 -0.0340602506197807 -0.919651595577043 -0.00834385484468054 0.391166489063989
6.86831 -21.9180144688087 0.237811152478932 4.72453841771325 -0.037513620266453 -0.927726609099985 -0.0066950219819726 0.371310171881959
7.07556 -22.0238819458206 0.240612956028706 4.59619576729175 -0.0372158321110168 -0.937699428058295 -0.00770041541941677 0.345362806425068
7.28292 -22.1137925610515 0.242924151135673 4.467207599102 -0.0347451149227394 -0.948583765191404 -0.00991835226925951 0.314457061762918
7.49016 -22.1928217504979 0.244803922531951 4.33343191142168 -0.0342561449504278 -0.960287990111116 -0.0113969685870315 0.276665143609588
7.69741 -22.2513393029857 0.246319277699868 4.20142988735524 -0.0283840490620696 -0.972231164666396 -0.0123418196614412 0.2319667814531
7.90491 -22.2963550490124 0.247033226347137 4.06510605872491 -0.0183574373539277 -0.982226411210731 -0.012134578488713 0.186405562199161
8.11229 -22.3287075484227 0.247414642662048 3.92810456754536 -0.014255303235737 -0.990325796471999 -0.00997023266063797 0.137666980908461
8.31978 -22.3475345637953 0.248693022983102 3.7887318553915 -0.0139643721815295 -0.995990548134632 -0.0108329183312039 0.0876953374842731
8.52742 -22.3470071461544 0.24916506259677 3.64710481012653 -0.00547016105558159 -0.99917190967221 -0.0156023456977562 0.0371771309912866
8.73491 -22.3368658157101 0.250425784187929 3.51042639736035 -0.00655036625541622 -0.999727595314329 -0.0172468342134859 -0.0142959637157471
8.94253 -22.3138273037952 0.251443562181266 3.3746103148622 -0.0126262873181356 -0.997656275360333 -0.0151492613971653 -0.0655212406920707
9.04641 -22.2968942241298 0.251185289937818 3.31044193840406 -0.0134681421796784 -0.995693111479384 -0.0145161618589366 -0.0905710657087321
9.15028 -22.275686129585 0.251694952408341 3.24635674061964 -0.0132387186068583 -0.993134389960551 -0.0132089052767524 -0.11547443279238
9.25403 -22.2517707024414 0.253014415138452 3.18344361639769 -0.0140779069024794 -0.989883575884993 -0.0123205489235943 -0.140643246565933
9.35791 -22.2248848102897 0.25437182371555 3.11811705597345 -0.0167512449810332 -0.985984999929426 -0.0123187836302321 -0.165533148570389
9.46178 -22.1955960314506 0.254546173898231 3.05860848380723 -0.0180651082627705 -0.981793050355664 -0.0120181120969003 -0.188710421329618
9.56578 -22.1607350681647 0.254518252663634 2.99672688089496 -0.0158122265467309 -0.977400093864732 -0.0125090041492007 -0.210434205442091
9.66978 -22.1233874309115 0.25460978231668 2.93493384782824 -0.0143761210799446 -0.972785151277509 -0.0145259070357352 -0.230805924147275
9.77378 -22.085008920863 0.254917735736102 2.87266679138236 -0.0154647654229227 -0.968232246828699 -0.0168068256268661 -0.249007405198745
9.87803 -22.0470457126218 0.255341495964621 2.81147346363565 -0.017315372771577 -0.96392552827059 -0.0185041921042532 -0.264962919459715
0.08641 -21.9575617205836 0.256194856623028 2.6898414654806 -0.0165525761040329 -0.95626163933543 -0.019278692037566 -0.291406968676382
0.19069 -21.9119870827115 0.257006143229994 2.62910668245879 -0.0158996169188829 -0.953082604215352 -0.0187732241272458 -0.301708995192029
0.3993 -21.8159138063436 0.25839962757225 2.50730031481821 -0.0150724737963855 -0.948400525833182 -0.0178079099653881 -0.316215340354744
0.50368 -21.7660513761969 0.258728765101733 2.44474625845517 -0.0141307086092036 -0.946707965166814 -0.0171064690038104 -0.321328057415058
0.60803 -21.7145917421231 0.259499946360206 2.38252333743326 -0.0134992100098452 -0.945310407451092 -0.0156552029455706 -0.32551638901059
0.71239 -21.6626784468958 0.26018843025005 2.31827373558909 -0.0140806355341975 -0.944144886393687 -0.0150456131017289 -0.328885692492085
0.92092 -21.5553709937351 0.261336391316647 2.18570037555993 -0.0166996892807502 -0.942509240906815 -0.0154571360197863 -0.333404451273902
1.12953 -21.4406476454977 0.261252495076586 2.0510241608155 -0.0139151870140619 -0.941606756638094 -0.0130664525667063 -0.336173097140707
1.33803 -21.3221846504395 0.263168204344126 1.90942026102759 -0.0135754586795465 -0.941110402877618 -0.0135328386300049 -0.337555593637228
1.44216 -21.2607701873977 0.263202797839074 1.83370984027546 -0.0158370605936058 -0.94115949810107 -0.014432931234749 -0.337282785125284
1.5464 -21.198238780327 0.26276497291722 1.75794061727652 -0.016181574370883 -0.941286615496545 -0.0141088719912488 -0.336925219995586
1.65053 -21.134111398186 0.262808715693007 1.68202362360859 -0.0147761792552868 -0.941356177966689 -0.0114808892953534 -0.336895235810112
1.85878 -21.0006626982337 0.263422304230745 1.52217270725187 -0.0156781916900284 -0.941574814012602 -0.00589173966265794 -0.336387204462672
1.96278 -20.9319113457146 0.26292865298525 1.4379561967573 -0.0168398065525896 -0.941612391522842 -0.00625171088562461 -0.336219334894511
2.06691 -20.8598137997638 0.262205187095177 1.35095086858498 -0.015634444205378 -0.941723262099312 -0.00703340916239797 -0.335951474071737
2.17103 -20.7861501784922 0.261433440450307 1.26422737871785 -0.0122804819629992 -0.941808385297992 -0.00726199412203189 -0.335847314395272
2.27503 -20.7108216538466 0.260741276867039 1.17471024900301 -0.010457057483594 -0.941767962577601 -0.0072258030405891 -0.336023127748134
2.37903 -20.634133002066 0.26050400844835 1.08218130104742 -0.00980820386131953 -0.941740988998963 -0.00782612372504389 -0.336104835674393
2.58716 -20.4762040765876 0.261633889705753 0.890479451193375 -0.00905913044434852 -0.941822652015495 -0.0114307254452613 -0.335793631300368
2.79515 -20.3107957242929 0.261782850406853 0.693326500916754 -0.00608932546344328 -0.94171922543397 -0.0100888193604279 -0.336193450690753
3.00316 -20.1417527356999 0.263945312513217 0.488588400899449 -0.00833114582524864 -0.941496236314783 -0.00965938314561797 -0.336782014560728
3.10716 -20.0555966759182 0.264290367154192 0.383446131360653 -0.00822916856335586 -0.941526105503091 -0.0125712693603275 -0.336604867207247
3.21118 -19.9684340458428 0.26488808057938 0.277226868316671 -0.00951391192044811 -0.941545842575568 -0.014288793460985 -0.336447235372895
3.31516 -19.8802604407833 0.265281357855307 0.169751041911105 -0.0104908137299625 -0.941468373552057 -0.0143194314348552 -0.33663362623468
3.52315 -19.7018021285876 0.26703234400521 -0.04889334158295 -0.0150495279120769 -0.941410280321934 -0.0116854828910662 -0.336724880731146
3.73104 -19.5181072652022 0.266723349403178 -0.271409630088538 -0.01532573897927 -0.94162278042924 -0.0101329451101177 -0.336168089688539
3.93891 -19.3303262134065 0.265774263374653 -0.498495344241132 -0.0135125124090401 -0.941800968008643 -0.0126926872289182 -0.335659417203342
4.14678 -19.1448781472103 0.265880205827575 -0.728227440257285 -0.0161283707269132 -0.941858148383126 -0.0158384778761315 -0.335249528859582
4.35466 -18.9603763101302 0.266390613303775 -0.95544229489488 -0.0201197768894357 -0.941848014971463 -0.0195460119787583 -0.334866338541157
4.45866 -18.8674080390721 0.267495771232809 -1.06979869611594 -0.0206657867631752 -0.94181672513591 -0.0228723843511168 -0.334710375617224
4.56253 -18.7747647728593 0.268959807257349 -1.18406444889905 -0.0212728022979105 -0.941690072048536 -0.0258659125737213 -0.334810738558884
4.66641 -18.6826678135826 0.27056782894881 -1.2971279524436 -0.0224058140152411 -0.941741985415796 -0.0254343939265975 -0.334623824628517
4.77042 -18.5905743502811 0.271612172022563 -1.40853614973359 -0.0227515672858119 -0.941931920664211 -0.0215026905220773 -0.334341527962325
4.87429 -18.4991196161694 0.27232745880344 -1.51977982688781 -0.0241662245653711 -0.942182055255071 -0.017406898913352 -0.333775325954163
4.97853 -18.4074754010011 0.273352733445918 -1.63329929402448 -0.0249863877212795 -0.94228395480087 -0.0162033604228869 -0.333487750996164
5.08204 -18.3162223581078 0.27208189876361 -1.744470172387 -0.0245638917643099 -0.942474816928402 -0.0173769000708892 -0.332920227713927
5.18592 -18.2252504335184 0.271920563618789 -1.85680297243858 -0.0243958461643811 -0.942565543985394 -0.0187137935095687 -0.332603114708692
5.39373 -18.045073324869 0.272191736553512 -2.07983437405532 -0.0225361668618965 -0.943283362337971 -0.0189352275533154 -0.330681231213761
5.49768 -17.95614121455 0.272229585672215 -2.19076962410112 -0.0208905893006653 -0.944398274571834 -0.0186328406606946 -0.327609980790158
5.6017 -17.8685202531938 0.272117266259735 -2.30233857887968 -0.0200428459088426 -0.945868364764861 -0.0185801957075758 -0.32339773838478
5.80969 -17.6991921289185 0.273491770060138 -2.52862666942941 -0.0210682578797284 -0.950017487852911 -0.0190654165045797 -0.310900966831987
6.01793 -17.5418619986187 0.274460840188329 -2.76174483688559 -0.0230864647016702 -0.955648568515959 -0.0229261375948439 -0.292706714743546
6.22619 -17.3947910181004 0.278101447417127 -3.00035142762497 -0.0257985919828373 -0.963022234873758 -0.0243405667971291 -0.267077038695672
6.43467 -17.2616787145353 0.283103163857112 -3.25059694067818 -0.0287225602469448 -0.971071884884334 -0.0257659139313532 -0.235649159980107
6.64303 -17.1505165909603 0.288548370453082 -3.50238787473518 -0.0321002549027867 -0.978295360722281 -0.0212761726029582 -0.203605219245007
6.85143 -17.0527091832077 0.291066565857409 -3.7614706376489 -0.0318905286065727 -0.984689597616841 -0.0130853128912972 -0.170874705901472
7.05965 -16.9716609867962 0.2906420366635 -4.02671917063183 -0.0286663239176438 -0.989555996009764 -0.012442945390257 -0.140720807786863
7.26747 -16.9046285276406 0.291766851186002 -4.30328430039927 -0.0312902582503777 -0.992564387634967 -0.0108050999846064 -0.117132855987422
7.47515 -16.8462931519867 0.292432413895459 -4.5828506987592 -0.0289666865554896 -0.994665348989764 -0.0141704170398838 -0.0979845593447353
7.68293 -16.7977189806661 0.295712210790832 -4.87210905333788 -0.0288035967940927 -0.99627380891716 -0.0150620754681789 -0.0798873228992499
7.89057 -16.7576818186864 0.297760011882791 -5.16417281236928 -0.0300266700607507 -0.997381194776769 -0.0115383957642249 -0.0647766687466704
8.09807 -16.7267589429759 0.302989048223427 -5.46567775648213 -0.0356223160146933 -0.997618766168237 -0.0181127076302896 -0.0562119009909301
8.30544 -16.6918618393127 0.310078278802347 -5.77550972996275 -0.0363164766882756 -0.997629767115075 -0.0227201099788835 -0.0538494000841155
8.51281 -16.655359825651 0.317650856329401 -6.08751636944326 -0.032006284341075 -0.997903600947392 -0.0189471378189766 -0.0529623162954155
8.61656 -16.6355722934905 0.321039262138061 -6.24541910772244 -0.0279638142359506 -0.998057068422136 -0.0177130003725981 -0.0527860103037735
8.72045 -16.6162228969394 0.323949741115201 -6.40592303889628 -0.0254597198221435 -0.99812867154473 -0.0176439586099175 -0.0527223712621302
8.82403 -16.5984157378067 0.327170117436153 -6.56637086299484 -0.0244288329890629 -0.998118621198981 -0.0186413643531064 -0.0530560992694679
8.92782 -16.578675461265 0.330633059125258 -6.73223253347765 -0.0233031772844513 -0.998110936757078 -0.0194081976490407 -0.0534307188644637
9.0317 -16.5596102582244 0.334324161094066 -6.8972940371675 -0.0231680492700992 -0.99807895937706 -0.0196086527865073 -0.0540104904414143
9.13542 -16.5402041665684 0.33785178179911 -7.0632426102889 -0.0221870399956524 -0.998077261511059 -0.0190062110023671 -0.0546651557589417
9.23917 -16.520163332291 0.341186102446502 -7.23029230185393 -0.0214320897654672 -0.998091129827569 -0.018064821325686 -0.055031121361312
9.34307 -16.5000571935415 0.344363711109569 -7.39882742840458 -0.0204232801225231 -0.9981125953548 -0.0169585918290241 -0.0553763739000574
9.44678 -16.4800801960427 0.347156130188109 -7.56668203455761 -0.0188966811890765 -0.998157137430775 -0.0164178149828983 -0.0552783844484199
9.55068 -16.4594381618241 0.349900013185863 -7.73868221899422 -0.01766640194145 -0.998217830676195 -0.0164938074488454 -0.0545620296396248
9.65455 -16.4396532582714 0.352411401350359 -7.90971769770834 -0.0170009281916093 -0.998267187411296 -0.0167873459120675 -0.0537752358971302
9.75842 -16.4203849263476 0.355064292199015 -8.08074459457132 -0.0169247151610478 -0.998306125590096 -0.0169435541914002 -0.0530221613796792
9.86246 -16.4013811518224 0.357598303621187 -8.25254265498228 -0.0164500211785181 -0.998349185901008 -0.0170710409299246 -0.0523151925886719
9.96599 -16.3827629508868 0.360607664595948 -8.42446920917828 -0.0164754745146079 -0.998364412358432 -0.0178658071813907 -0.0517481575467107
0.06969 -16.3642989540847 0.363355516733564 -8.59623922766829 -0.0163905827405319 -0.998369661218993 -0.0189078282737135 -0.0513016801369205
0.17345 -16.3456799146565 0.366375949671014 -8.76786944316141 -0.0159231047507869 -0.998384240155189 -0.0197101844065399 -0.0508613052870448
0.27719 -16.3273229842644 0.369083860797225 -8.93877961825213 -0.0154635346347507 -0.998431347539965 -0.019013059108844 -0.0503411057631264
0.38105 -16.3085160612264 0.371654188955178 -9.1071031374254 -0.0154566595895515 -0.998476995771274 -0.0176969412131394 -0.0499159179180676
0.4848 -16.2913135825392 0.374421838245918 -9.2772136040051 -0.0151118503040163 -0.998513957144414 -0.0170774260481266 -0.0494961704353235
0.58854 -16.2735264223191 0.376698467264138 -9.44570478566673 -0.0148184864144307 -0.998543713015936 -0.0171980658695812 -0.0489396790659642
0.6926 -16.2560606132915 0.379131788366725 -9.61428224010212 -0.0141793820248002 -0.99858811435661 -0.0176597940762946 -0.0480505428095039
0.797 -16.2371185560822 0.381227270767087 -9.7844251800033 -0.0138291222517753 -0.998645023982368 -0.0184326066693896 -0.0466595163323967
0.9002 -16.2224903017402 0.38382822789576 -9.95057406559606 -0.0135186860110375 -0.998717103116148 -0.0184274151453512 -0.0451865405058296
1.00392 -16.2046054949042 0.386242751438203 -10.1198307592447 -0.012969797306482 -0.998805057822739 -0.0178974850572017 -0.0435880815610255
1.1077 -16.1911164798566 0.388988076893986 -10.2852455886371 -0.0127797767672281 -0.998879210941614 -0.0173765134245241 -0.0421314138813941
1.21158 -16.176163420763 0.391419035822256 -10.4522233423474 -0.0124635328988878 -0.99893578818799 -0.0180862282937393 -0.0405566242557758
1.31529 -16.1607774870337 0.393976010804107 -10.6172124920742 -0.0123346885276128 -0.998981405217372 -0.0188578767576411 -0.0390946028633898
1.4192 -16.1482969503566 0.396875155598719 -10.7853267427024 -0.0127700816418267 -0.999018249852358 -0.019431918945036 -0.0377075854823127
1.52295 -16.1350121315423 0.399326978847578 -10.9491187068202 -0.0128897570671122 -0.999058669029626 -0.0196114058389512 -0.0364831846269253
1.62679 -16.1220698173863 0.401692838893968 -11.1124252320483 -0.0127315571656909 -0.999104541469483 -0.0193980942710671 -0.0353798898506221
1.73099 -16.1095074829597 0.404562868770277 -11.2731809841325 -0.0129771701243925 -0.99914066240819 -0.0190513874518385 -0.0344466894526225
1.83451 -16.0975289287113 0.4072205162366 -11.4381128462028 -0.0124206878407453 -0.999172698247808 -0.0190220822621141 -0.0337313796956474
1.93839 -16.0850345910127 0.409995210789259 -11.5967804680224 -0.0119325521350911 -0.999192683797002 -0.0194348018247446 -0.033073906998139
2.04207 -16.0735437536213 0.412348588881462 -11.7620839063281 -0.0116410721319365 -0.999222235606983 -0.0187029721943342 -0.0327048641535079
2.14593 -16.0618824645765 0.414803473814698 -11.92401416623 -0.0114739621042444 -0.999273802676673 -0.0164753449574409 -0.0323848496409219
2.24991 -16.0500509990092 0.416986115920152 -12.0852892385194 -0.0109318379849667 -0.99930525659965 -0.0150701503235912 -0.0322860592176153
2.35366 -16.0383385113358 0.418306190205637 -12.2428357978006 -0.0114218980982503 -0.999303624137341 -0.014544717976615 -0.0324076874952658
2.45742 -16.0274654448228 0.42019928967639 -12.4073677687238 -0.011943640101053 -0.999277155083858 -0.0151455706624432 -0.0327586397452048
2.56129 -16.016034196037 0.421858512143882 -12.5675949659945 -0.0127148493335776 -0.999248652823318 -0.0156113071682819 -0.0331172089057447
2.66529 -16.0050243271268 0.423273792670036 -12.726695193211 -0.0136510415275686 -0.999212894869904 -0.0162235255437113 -0.0335266611796068
2.76905 -15.9933954074758 0.424977951350314 -12.886245333782 -0.0141689662844337 -0.999179937858958 -0.0166411070123967 -0.0340846847132392
2.8728 -15.9817624977038 0.426787914798755 -13.0447909058271 -0.0143656397400232 -0.999154162574711 -0.0170618144610498 -0.034546813048166
2.97667 -15.971807612506 0.428680875461376 -13.2015656462761 -0.0138212005490026 -0.999142725588504 -0.0172915821748861 -0.0349827029379987
3.08066 -15.9575250146193 0.430319336180221 -13.35944925918 -0.0138293261900523 -0.999136133640286 -0.0167500833416489 -0.0354283911505724
3.18446 -15.945373262879 0.432107748457549 -13.5149986908129 -0.0149651827319467 -0.9990983813362 -0.0161474544159123 -0.0363005156033727
3.28824 -15.9336374944352 0.433979660654307 -13.6705460948746 -0.0153542689688398 -0.999044872123128 -0.0156588803673156 -0.037794038875951
3.39207 -15.9193712457349 0.435069632154567 -13.8258312028463 -0.0146722550961838 -0.999005353078617 -0.0153717495061799 -0.0392012597728596
3.49582 -15.9057490080632 0.436270179167367 -13.9802760300242 -0.0146487157792274 -0.998969138520844 -0.0146350923721595 -0.0403966518439385
3.59972 -15.8919627804262 0.43748764069301 -14.1343481950441 -0.0147953208406028 -0.998933314898181 -0.0143454027296678 -0.0413223945128917
3.70364 -15.8794764993282 0.439256303593568 -14.2902952312508 -0.014395256781398 -0.998908860359405 -0.0145848155428223 -0.0419660390465135
3.80744 -15.8637535917925 0.439992312491643 -14.4410343073063 -0.0136468628965455 -0.998904875278477 -0.0156239468699042 -0.0419369236136892
3.91142 -15.8502008310875 0.441454604433697 -14.5922443207656 -0.0132001639966304 -0.998905360773796 -0.0166246233653847 -0.0416828236302816
4.01577 -15.8376104860781 0.443047003061051 -14.7409159308512 -0.0130609199771676 -0.998919776388906 -0.0171242345697967 -0.041175882490699
4.11946 -15.8241304945022 0.444587639694713 -14.8877012583293 -0.0123413931890182 -0.998953947478182 -0.0172285761682512 -0.0405200813810501
4.22341 -15.8116063797795 0.446208330849717 -15.0319725212274 -0.0116048502354048 -0.999007976422238 -0.0171142834468423 -0.0394397236027367
4.32743 -15.8015127586105 0.447982870586106 -15.1750089394699 -0.0113388582989058 -0.999083105908379 -0.017259683391586 -0.0375030813422849
4.53556 -15.7809733076791 0.450448188643115 -15.4492522358783 -0.0118566435494166 -0.999291869453369 -0.0173840242829353 -0.0311925527628583
4.63959 -15.7740450434882 0.452007912865467 -15.582321633056 -0.0128060285482533 -0.999390630398601 -0.0176491778199616 -0.0272558255532165
4.84759 -15.7602706746839 0.455518796414687 -15.8393837582782 -0.0155457140411343 -0.999507764044404 -0.0189256461698182 -0.0196056192700707
5.0555 -15.758525119411 0.458243343498692 -16.0780904634809 -0.0171456649699206 -0.999597107384995 -0.0192352010835314 -0.0119019376391173
5.26346 -15.7563241073681 0.460890734829084 -16.3005275960931 -0.0182148664163441 -0.999640587558798 -0.0189420683623808 -0.00530211209713705
5.47147 -15.7521770860806 0.464913384273046 -16.5079609279184 -0.0193088531870954 -0.999640101224822 -0.0186219343837461 0.000244482382355288
5.7833 -15.7561410272713 0.466181503650473 -16.7820889276901 -0.0214756674659632 -0.999545977744206 -0.0199683819399501 0.006920824009608
5.99117 -15.7658864756253 0.468237129232863 -16.9418720687403 -0.0218824606042753 -0.999497145516585 -0.0205982072336433 0.0101157244357724
6.19908 -15.7698262518194 0.470177571117602 -17.0797486973203 -0.0239450534166071 -0.999415783147955 -0.021042242730189 0.0123268338400161
6.40705 -15.7687985977686 0.472703680725746 -17.2061075627237 -0.0235179054398918 -0.999366688876712 -0.0227711133055638 0.0139501141981787
6.6148 -15.7622022312771 0.47342746982394 -17.3084390248366 -0.0209638271801364 -0.999384505187897 -0.024743397028165 0.0133750904225037
6.82414 -15.7529795936166 0.479646168572826 -17.401702825172 -0.0194802224596375 -0.999457569226606 -0.0237160548030012 0.0119430730194256
7.03161 -15.7518946306012 0.481844183799578 -17.4703897414817 -0.018779954544226 -0.999542825678911 -0.0217235465783548 0.00946258237447686
7.65429 -15.7537821886182 0.486208826966754 -17.6317780503074 -0.0177073670795632 -0.999632091335022 -0.0205116907916547 0.00118391940090226
8.3818 -15.7402386771564 0.487148753991373 -17.7557792265865 -0.0143803946842011 -0.999450631447435 -0.0206848297324415 -0.0215354908695014
9.63032 -15.7351018431758 0.487677701537126 -17.7867934118719 -0.0145109475148705 -0.999270283283795 -0.0187774281996847 -0.0299289414839624
5.66357 -15.7169393461029 0.487930413631841 -17.8249728987417 -0.0144905545325078 -0.997319755434609 -0.0184084111874976 -0.0693142095586695
6.18295 -15.6932512717973 0.488378574691874 -17.8742810016861 -0.0127578755239962 -0.993890226447659 -0.0152754422763036 -0.108563876345676
6.59834 -15.6612230007995 0.489376014416138 -17.9529969884984 -0.0133698084391027 -0.988532746902261 -0.0177825732091693 -0.149358751381471
6.90969 -15.6184861831823 0.491598804545868 -18.0350968778107 -0.0135247076184949 -0.982038386959448 -0.0207635648981802 -0.187046954518482
7.11709 -15.5848331752099 0.493335669104489 -18.0951932666221 -0.0144945748389999 -0.976026607013422 -0.0236147251239668 -0.2158803243916
7.32446 -15.5415802621552 0.494819583285012 -18.1567128358978 -0.0152276058836401 -0.967631420622949 -0.0239924362558503 -0.250762670357402
7.53182 -15.4846320075894 0.495781864450233 -18.2230039143219 -0.0136812421935626 -0.955928039510494 -0.0215403894052608 -0.292490031477886
7.73908 -15.4100745844821 0.49678675414594 -18.2991658794402 -0.0159922999005278 -0.939845534026407 -0.0200076308310749 -0.34063809713982
7.94653 -15.3126515684403 0.49832908686681 -18.3794838524606 -0.0190510744685821 -0.920435571740709 -0.0172895465902811 -0.39004677464972
8.15397 -15.1890676648479 0.500019613813273 -18.4673957515512 -0.0199736469463584 -0.89855688282268 -0.0172812165847461 -0.438061572513502
8.25784 -15.1187752473063 0.500027982859812 -18.508706634026 -0.0204544926401423 -0.886431866576112 -0.0181725324220424 -0.46204969290607
8.36156 -15.0395497915689 0.500603878481322 -18.5513642496894 -0.0196199685791152 -0.873806633239259 -0.0196157385385564 -0.48548145931808
8.46543 -14.9560652782248 0.501010422850456 -18.5902686157949 -0.0194075562504628 -0.860332218444787 -0.021881266256849 -0.508893928882291
8.56931 -14.8639712194557 0.502602220128815 -18.6269242171008 -0.0202074053428127 -0.845954685834407 -0.0246907336075163 -0.5322994438829
8.67306 -14.7718864719631 0.503246787710277 -18.6612409248494 -0.0206059185304183 -0.830914529243748 -0.0269539343836531 -0.55536467895825
8.77693 -14.6709207489113 0.504080090620479 -18.6909741773123 -0.020262552935451 -0.815601246823535 -0.0286072216912114 -0.577551436666504
8.8808 -14.5643010808 0.504952190118943 -18.716851227195 -0.0201053577793285 -0.800135923060058 -0.0302387352676992 -0.598718546653438
8.98486 -14.4515317331068 0.506369890845744 -18.7387542872282 -0.0204361641134636 -0.784749866130796 -0.0313122558355378 -0.618683726502092
9.08883 -14.3344083333697 0.507325954275911 -18.757552414184 -0.0219428932627121 -0.77014945652028 -0.0315717227169321 -0.636703659783312
9.19296 -14.2120254535085 0.508362506882344 -18.771769412079 -0.0226635094731243 -0.757151489062964 -0.0306874992607752 -0.652124424735969
9.29706 -14.0864242966062 0.509617087125844 -18.7838266813648 -0.0227078295832307 -0.746022400403485 -0.0294477693795259 -0.664881765015714
9.40131 -13.9522615997011 0.5100600967507 -18.7906928488319 -0.0231753897503745 -0.736832955210899 -0.0277911772461646 -0.675105730898771
9.50569 -13.8153924657716 0.510249540425912 -18.797496933042 -0.0241950597709472 -0.729510021153132 -0.0268286418301802 -0.683015338112832
9.61007 -13.6738506905784 0.510157906097915 -18.8027504465783 -0.024846836484719 -0.723644129223341 -0.0266191636824473 -0.689212034922593
9.71447 -13.5280186641843 0.509750580804353 -18.8068507239997 -0.0258453875837464 -0.718517334210836 -0.0264472975276582 -0.69452530323429
9.8188 -13.3791845074255 0.508222159328012 -18.8086437560455 -0.0274393979876774 -0.713554205609716 -0.0261674861643766 -0.699573254036057
9.92305 -13.2278196943503 0.506628731551411 -18.8091604691945 -0.0292018194323338 -0.708443481226788 -0.0251077471991461 -0.704716034073083
0.02742 -13.0698428917307 0.504444309192803 -18.8055774531447 -0.0303766284914376 -0.703476057932596 -0.0238469025732047 -0.709668952114133
0.13168 -12.9091543124644 0.501981228315939 -18.8002008378262 -0.0296458230107772 -0.699070583382593 -0.0223369723894529 -0.714088582944447
0.23593 -12.7450823870997 0.498517606141179 -18.7929321727326 -0.0280163390576214 -0.695807502704658 -0.0207479838947969 -0.717381715051351
0.3403 -12.5813340588879 0.494660360671796 -18.7859818727847 -0.0264639101178267 -0.69392035041598 -0.0189945464746087 -0.719314545900514
0.44455 -12.4047451355455 0.491435196744934 -18.7760914070726 -0.0256527810795279 -0.693147603195459 -0.0179248219844192 -0.72011598771594
0.54894 -12.2293083556023 0.487924613068037 -18.7678478074217 -0.0249385370923219 -0.692881134568772 -0.0180036643585193 -0.720395496096451
0.65319 -12.0474024859934 0.485308307983762 -18.7604035308676 -0.0249737588240731 -0.692377350522083 -0.0186751001425013 -0.72086139894496
0.75732 -11.8653376139227 0.481699853979478 -18.7518843755066 -0.0249924743427158 -0.691306057890336 -0.0189556561997875 -0.721880872200107
0.96555 -11.484256521966 0.475089648304784 -18.7315138761154 -0.0254347016484982 -0.68804719531843 -0.0189099988249383 -0.724973478763834
1.06968 -11.2920283045531 0.47100224128292 -18.7208820803892 -0.0255031035489874 -0.686450103616891 -0.0188127931956826 -0.726486012092391
1.17379 -11.0936664003019 0.46729034143381 -18.7068700642732 -0.0252101286929512 -0.684590998037568 -0.0186281830414208 -0.728253119192625
1.27781 -10.8956420126842 0.462910749535067 -18.6926145391732 -0.0246653093904966 -0.682766063085552 -0.0197306007336007 -0.729953991019995
1.38181 -10.694802295231 0.458975992587683 -18.6781393566116 -0.0237988865160531 -0.680948077835337 -0.0216278092328157 -0.731625290815418
1.48593 -10.4888630241558 0.455338778961772 -18.661346505137 -0.0229842062370409 -0.679380273177423 -0.0224212084520053 -0.73308352872819
1.58993 -10.2811867679405 0.45222967639403 -18.6443447092617 -0.0233261115989193 -0.678715124366684 -0.0223696738251933 -0.73369017314296
1.69405 -10.0709326565266 0.449265083275709 -18.6269198821036 -0.0234671579582746 -0.678835311895963 -0.0210350217335205 -0.733613958210408
1.79806 -9.85999158980356 0.445728168243371 -18.6098052558784 -0.0235364218898061 -0.679309862674055 -0.0209909021899372 -0.733173601095699
1.90218 -9.64437912382641 0.442276603078701 -18.593002635348 -0.0230332706035559 -0.679615120163902 -0.0220931657364468 -0.732874238132063
2.00618 -9.43043451510701 0.438235041930392 -18.57659668161 -0.0227307793053539 -0.679826651762291 -0.0232890444734749 -0.732650432084331
2.11018 -9.21754359244809 0.434424304196655 -18.5623037135899 -0.0227230303100477 -0.680000229539266 -0.0243226678433039 -0.732455977891544
2.21418 -9.00402034112434 0.430166468279331 -18.5442978900589 -0.0224793987629908 -0.680224665922498 -0.0245457924515062 -0.73224762517526
2.31818 -8.79142317517827 0.426063763270073 -18.5280042215573 -0.0224911690430802 -0.680474160473098 -0.0246596036392012 -0.732011590203233
2.4222 -8.57957400225106 0.421489448652792 -18.5118167393186 -0.0227868544940221 -0.680731015402308 -0.0239344002222591 -0.731787666210365
2.52618 -8.3681184719796 0.41726809438946 -18.4957449341739 -0.023553937549398 -0.680959210288777 -0.0230883773691908 -0.731578220547374
2.63018 -8.15825723281605 0.412497421688658 -18.481823440688 -0.023548635821697 -0.681142240850693 -0.0229179240514044 -0.731413342944335
2.73405 -7.94394617174648 0.408770942324306 -18.4641511569498 -0.0225936349585108 -0.681370473180888 -0.023563068025054 -0.731210358078892
2.83807 -7.72996683264699 0.404578681301913 -18.4487585073634 -0.0219790028563302 -0.681559992151189 -0.0241825002593178 -0.731032220366189
3.04605 -7.30630612587446 0.396351516507183 -18.4188663275511 -0.0232426859532242 -0.681931300153664 -0.0229638266575915 -0.73068607629108
3.14993 -7.09681815149521 0.391768001137559 -18.4032315502343 -0.023989210790187 -0.682018584369437 -0.0225443153368962 -0.730593541024258
3.25396 -6.88676914076756 0.387160356176035 -18.3878037757045 -0.0225811527337844 -0.682159833740037 -0.0228241391368397 -0.730497851773461
3.35793 -6.6789414152252 0.383084776622689 -18.374554905435 -0.0209442214250587 -0.682315244543959 -0.0237273956858979 -0.730372683871584
3.46193 -6.46901315986214 0.379529556273258 -18.3577417392438 -0.0194233387574462 -0.682541614911581 -0.0238602026463221 -0.730198855487381
3.56593 -6.26139422937867 0.376261774340541 -18.3424657281145 -0.0189060344775491 -0.682724825835797 -0.0223427762820554 -0.730089155100817
3.66981 -6.05463702611758 0.372851308187364 -18.3277588204084 -0.0192482467843957 -0.682839019234274 -0.0216233689398682 -0.729995074450912
3.77369 -5.84724333708137 0.369034106031239 -18.3130913493354 -0.0192806060359228 -0.682906113988875 -0.0213046360809045 -0.729940826498259
3.87756 -5.64022903961163 0.365171338016604 -18.2983888069467 -0.0186024104309938 -0.682979860334166 -0.0212849922562182 -0.729889998430402
3.98156 -5.43402296354993 0.361432276154365 -18.2840792456482 -0.0185616582112686 -0.682997825283832 -0.0221539570073294 -0.72984836623159
4.08558 -5.22934202026566 0.357418811856428 -18.2702877334026 -0.0189179216196991 -0.682994057163462 -0.0222632073803203 -0.72983942050161
4.18966 -5.02376137023655 0.353842973178743 -18.2563071986353 -0.0205150111983964 -0.683062994587325 -0.0223882237047293 -0.729727926819491
4.29337 -4.81975286420441 0.350067472371401 -18.2426499062524 -0.0218712767191615 -0.682826071388191 -0.0227856902118651 -0.729897948900264
4.39714 -4.61661730577093 0.345709823402298 -18.2288235621048 -0.0224835664439412 -0.682225295550028 -0.0237581205939519 -0.730409944522582
4.50097 -4.4132064493233 0.341623606833289 -18.2138487904704 -0.0223229230970759 -0.681200767469424 -0.0245093593952289 -0.731345672582744
4.60469 -4.21063578692653 0.337472706695025 -18.1984423761232 -0.022096131798704 -0.680009170917365 -0.0249511168552301 -0.732445718258691
4.70856 -4.00887329225473 0.333455745190023 -18.1818664128668 -0.021345828715454 -0.678924773710314 -0.0246297006296817 -0.733484072823495
4.81232 -3.80828179096762 0.329337184805044 -18.1644715527518 -0.0208417293160777 -0.677905024113025 -0.0233300368886917 -0.734483566855111
4.91606 -3.6095203364478 0.325233092110142 -18.1467768661852 -0.021090158113277 -0.676868369453336 -0.0223949955473047 -0.735460998176501
5.02009 -3.40841876067554 0.321453544046849 -18.1285140676052 -0.0209424072180849 -0.675970499324518 -0.0221815171239085 -0.736297005236987
5.12372 -3.20880475001418 0.317393013473316 -18.1103548917992 -0.0204861082820992 -0.675207813797824 -0.0225177905218064 -0.736999102213723
5.22744 -3.00837252740563 0.313411787667536 -18.0907954237751 -0.0203521672377328 -0.674534707149183 -0.0228949013714035 -0.737607308553195
5.33118 -2.80950606547115 0.309943976913552 -18.0723854854213 -0.0199942018864505 -0.673996281492685 -0.0229517611424212 -0.738107350651257
5.4351 -2.60910774355148 0.306104063016397 -18.05308621756 -0.0196425997688133 -0.673512309148457 -0.023230683151189 -0.738549709268215
5.53887 -2.40878988352477 0.302189392631801 -18.0334340296738 -0.0190765495827466 -0.673172617515221 -0.0229420214590658 -0.738883195055277
5.6426 -2.21211027143229 0.29841302041654 -18.0137602506115 -0.0186246668153408 -0.673175436656633 -0.0227994605677516 -0.738896567772505
5.74645 -2.01563880862678 0.294524501872428 -17.9945284672674 -0.0182945376886514 -0.673475116380425 -0.0219402464147671 -0.738657703604579
5.8504 -1.81905666889399 0.291212549701321 -17.9755875409424 -0.0182412799448717 -0.673972597454017 -0.0218449841509896 -0.738207958677297
5.95422 -1.62347360570777 0.287696798826249 -17.95705243304 -0.0185200150266071 -0.674598260891938 -0.0222616833344718 -0.737616846947046
6.05806 -1.42558404598179 0.284445128411258 -17.9399683409818 -0.0198051022358569 -0.675373566513501 -0.0232419651164881 -0.736843344706176
6.16194 -1.22924244394813 0.281211535481097 -17.9233652654899 -0.0213366388984534 -0.676165900377595 -0.0238302790490572 -0.736054713188848
6.26642 -1.0334656570995 0.277729562076319 -17.906665939115 -0.0227888844971362 -0.677001183785608 -0.0243757579261598 -0.735225058279291
6.36974 -0.837062624146801 0.274005737789954 -17.8912221891795 -0.0231617709120808 -0.677758434107746 -0.0253621734893067 -0.734481992645109
6.4736 -0.640940474339972 0.270294348187564 -17.8754341336343 -0.0224803956745452 -0.67859082859365 -0.0261394041150567 -0.733706924262958
6.57749 -0.444954789272163 0.266792418678139 -17.8596803948738 -0.021550867310505 -0.679456957639963 -0.0261885854722453 -0.73293107508399
6.68131 -0.24956672683992 0.263915587504675 -17.8443221932835 -0.0211238329818644 -0.680354015114936 -0.0257863160216846 -0.73212516942335
6.78551 -0.0548983570796011 0.260744346607075 -17.8291289062603 -0.0210830282352534 -0.681144415366182 -0.0247447109670957 -0.731427023437778
6.88909 0.139579799373557 0.257287379748714 -17.8145462633787 -0.0217281317785048 -0.681879822804471 -0.0237021931168405 -0.73075714268354
6.99295 0.333563676778283 0.253465081618725 -17.8004886347141 -0.0225632789810408 -0.6824966725281 -0.0225236090075305 -0.730193041234283
7.09669 0.527944470579534 0.2501587979157 -17.7868437091942 -0.0236016701614926 -0.683054257432302 -0.0222395443813533 -0.729647343060266
7.20057 0.721332272996513 0.244638049714147 -17.7738636353883 -0.0236775859742743 -0.683384008363891 -0.022039077371103 -0.729342133777806
7.30443 0.915440910469069 0.240361956589994 -17.7607817862306 -0.0232116635354979 -0.683525807674198 -0.0229447729180279 -0.729196287919097
7.40833 1.1089385337384 0.236241618307704 -17.747619700074 -0.0220797166266971 -0.683408148592828 -0.0236566973189039 -0.72931896261003
7.51218 1.3025139927763 0.232517143298362 -17.7334058329938 -0.0207078167933939 -0.683295602346683 -0.0234261824365824 -0.729472083162737
7.61606 1.49517503493851 0.228884083839724 -17.7188967063242 -0.01900943498447 -0.683101988788632 -0.0225028797403133 -0.729728671971973
7.71979 1.68791816797869 0.225509014956753 -17.7039913131733 -0.0174933400882176 -0.682970225304 -0.0207294637614087 -0.729942424943863
7.82357 1.88053236494038 0.222177219011713 -17.6891246581688 -0.0164297814238776 -0.682885819922211 -0.0193174254116908 -0.730084828158343
7.92732 2.07243890010386 0.219612379515148 -17.6729117106667 -0.0154178976785639 -0.682749818970808 -0.0178151211667681 -0.730272274281528
8.03106 2.26415352470132 0.21518477651887 -17.659752983172 -0.0156884952215939 -0.682627040332198 -0.0170711224232853 -0.730399049632593
8.13505 2.45514648251175 0.211475698996338 -17.6450952491838 -0.0156464986943587 -0.682376469462156 -0.0158273989049061 -0.73066205214646
8.23871 2.64634642820541 0.207609712520983 -17.6310344487419 -0.0164699075194305 -0.682116289279358 -0.0160532863664066 -0.73088193440726
8.3426 2.83700872765916 0.204729665621231 -17.6165108379056 -0.0159727085651572 -0.681806821693907 -0.018981810520189 -0.731111497202801
8.44633 3.03028361378592 0.201511640509758 -17.6034275585224 -0.014672017362833 -0.68144673218215 -0.0213645441369602 -0.731408667817516
8.55019 3.22123396664746 0.199049455616768 -17.5894954883933 -0.0153463185500358 -0.680956460838485 -0.0225248711400164 -0.731816520126057
8.65393 3.41081781760328 0.196679051962078 -17.575286335783 -0.017693946500644 -0.680574550860043 -0.0217869665476879 -0.732141060908028
8.75782 3.60051495041837 0.19356033335023 -17.5606159415385 -0.0192597130775119 -0.680347609728502 -0.0207843703449849 -0.732341589245243
8.86169 3.79033724355646 0.189939722374058 -17.5453394781975 -0.019444772290184 -0.680238498190827 -0.0199946438008251 -0.732460033468686
8.96556 3.978539904196 0.185590903198874 -17.5301941768668 -0.0196241673118611 -0.680055358728597 -0.0200199248037204 -0.732624599459156
9.17332 4.35739368437412 0.176856175972021 -17.5014212072988 -0.0216859422827173 -0.679913207202456 -0.0203610937539115 -0.732689003902832
9.27742 4.544469003172 0.172118843782979 -17.4872733858291 -0.0236692165387736 -0.679964286860995 -0.0204583419799071 -0.732577499671873
9.38118 4.72885676343525 0.167294622673139 -17.46856750425 -0.0243738444028608 -0.680120289540316 -0.0208404751111567 -0.732398786223573
9.48513 4.91813204515021 0.162334435935088 -17.4592361299553 -0.0243128612062468 -0.680371292491206 -0.0224246040803472 -0.732120841299885
9.58899 5.10449985089311 0.158130779663565 -17.4452717720219 -0.0233711913138997 -0.680618470258565 -0.02415985143 -0.731866508960712
9.69287 5.29033884961808 0.15394879340584 -17.4314385387706 -0.023014193470529 -0.681016145706961 -0.0247581456081779 -0.731487792387119
9.79683 5.47513011167344 0.150112922593236 -17.417112997374 -0.0229045760417073 -0.681412825570705 -0.0238685905068375 -0.731151305771463
9.90071 5.65941459881438 0.146265916494944 -17.4030350421226 -0.0227196323881981 -0.681823044444908 -0.0226021605060882 -0.730814816973821
0.00458 5.84415966490471 0.142786248637224 -17.3846655184259 -0.0221987482860456 -0.682286266967944 -0.0225720429134909 -0.7303993211663
0.1087 6.02870723036154 0.138614983760306 -17.3763610171087 -0.0213686774763146 -0.682673574464859 -0.0231420796852924 -0.730044255164114
0.21251 6.21238249275919 0.134883793187176 -17.3635791879497 -0.0208868497433633 -0.68305932633341 -0.0236307467028202 -0.729681631964937
0.31652 6.39490600833046 0.131305904616912 -17.3512178982906 -0.0214634923547657 -0.683347309233785 -0.0239783381283102 -0.729383858307467
0.52433 6.75874923844571 0.124971217516812 -17.3273503832377 -0.0214987689342953 -0.683868549357099 -0.0239282575856442 -0.728895773498133
0.62822 6.93788328569738 0.12171690546883 -17.3151889145189 -0.0202274298503287 -0.684136275489805 -0.0236832059727657 -0.728688900282857
0.8362 7.28788488092574 0.115032771502718 -17.288636412768 -0.0192754737579295 -0.684737687036595 -0.0234447865300834 -0.72815733055964
1.04407 7.62095154769845 0.108054964326095 -17.2692489444627 -0.0173231095008108 -0.685007664679389 -0.0234587795803212 -0.727951986650435
1.14811 7.78331710325298 0.105227663539129 -17.2591442992746 -0.0175647227010327 -0.684622436248368 -0.0239037635303141 -0.728294041161173
1.35593 8.09135639496399 0.100177563344774 -17.2360177001803 -0.0182591705829737 -0.682614530934067 -0.0229911839029945 -0.730188612832345
1.56382 8.38820614534075 0.0934613894164951 -17.2122919826278 -0.0170270708590037 -0.679547865179872 -0.0212144368827542 -0.733126677631628
1.7717 8.66802903496674 0.0870427908813446 -17.1862555119631 -0.01843527761698 -0.675015473891829 -0.0204267211780918 -0.737290308906666
1.97954 8.93130984029043 0.0799625024031986 -17.1568616865394 -0.0210949353461049 -0.667507728499928 -0.0204081468992731 -0.744024155277064
2.18728 9.18071470180551 0.07284936168968 -17.125661341013 -0.0213139739829653 -0.658312003632821 -0.0197258482003672 -0.752184758751977
2.39482 9.40732304977066 0.0650854559991008 -17.0817731107125 -0.0207879913431419 -0.646954051090583 -0.0208340536178793 -0.761960797812623
2.60714 9.61842146627781 0.0576172653546776 -17.0345169738997 -0.0198703968684951 -0.633355188014952 -0.0186531593872262 -0.773381169144755
2.81267 9.81963418487911 0.0507994636295034 -16.9801731482625 -0.019542349069374 -0.617000627406148 -0.0173867135427462 -0.786527828220625
3.01761 10.0176112864965 0.0449454708320229 -16.9239656053127 -0.0185269931578914 -0.598447286216208 -0.0162536218294665 -0.800783001769149
3.22506 10.190130430713 0.0375447987620971 -16.8480334581837 -0.0192143396305491 -0.574883022946053 -0.0141239097041409 -0.81788803283557
3.43244 10.3629560494744 0.030164768924909 -16.7714265577896 -0.0223988641355993 -0.5444238765053 -0.0125960147825362 -0.838416527740225
3.63969 10.5214487343221 0.0221256515468506 -16.6766363069052 -0.023201456202602 -0.504501281942868 -0.0158178171699377 -0.862954196703429
3.84721 10.66759869106 0.0113443387156383 -16.5662810452407 -0.0210741032430146 -0.458940757602797 -0.0120680453952883 -0.888134913998887
4.0544 10.8024845340123 0.00314704356361495 -16.4431476150117 -0.0232955050356915 -0.411319226059208 -0.0102845310571772 -0.911135578352706
4.26183 10.9251087372365 -0.00800808414476023 -16.3064195449483 -0.022893726642469 -0.36287628690469 -0.00925929536756455 -0.931510033833228
4.36572 10.9782298004091 -0.0133221078685103 -16.2294027548878 -0.0199560466352309 -0.339338507191943 -0.0049082721091929 -0.940439813387512
4.46945 11.0277675917761 -0.018325899457851 -16.1503894754952 -0.0174869910352191 -0.314817194343064 -0.00235345371272696 -0.948988303693
4.57325 11.0748476469639 -0.0228333036074542 -16.0622613096301 -0.0145173527595389 -0.289021660658317 -0.00304825859156088 -0.957207623381011
4.67709 11.1179763502534 -0.0263738254845048 -15.9851646223623 -0.0115305843550272 -0.265250478065748 -0.00477079350062958 -0.964098785934148
4.78082 11.1557225746575 -0.0306956214479764 -15.8975357887162 -0.00794212313542239 -0.240618426198197 -0.00385022441285604 -0.970579657434656
4.88479 11.187266075935 -0.0353113559307226 -15.8054458872294 -0.00360906534898589 -0.215013441194823 0.00147215197262315 -0.97660331123821
4.98857 11.2137335073001 -0.0377392568275415 -15.7147054023395 -0.00221514754157488 -0.191189945489117 0.00295270846014346 -0.981546116786158
5.09244 11.2390450092813 -0.039855175602874 -15.6216526195668 -0.00324021778509377 -0.166805071047833 0.00372563502378766 -0.985977529614698
5.19646 11.260993388251 -0.0423669327545725 -15.5263631480245 -0.00420746877860748 -0.144720989621829 0.00342889270149833 -0.98945761660831
5.30044 11.2794882237278 -0.045007879000952 -15.4255359588977 -0.00453414212111899 -0.125079557164881 0.00392145115080656 -0.992128604645353
5.40457 11.2933623934682 -0.0469309565584934 -15.3284486177928 -0.00424321575036854 -0.10653766076262 0.00692385719814378 -0.994275506165582
5.50857 11.3046370179062 -0.0488875808213608 -15.2274964242583 -0.0044408046760421 -0.0896528202009443 0.00995476097919004 -0.995913426868869
5.61282 11.3157800606224 -0.051750425348677 -15.1238514637911 -0.00439554130768915 -0.0757956311135129 0.0107297336383671 -0.997055953463378
5.71708 11.3279145097412 -0.0543590572119492 -15.0135063920377 -0.00367826212540102 -0.0650516683084196 0.0112569152416874 -0.997811621849169
5.92544 11.3409411158834 -0.059930640121692 -14.7990238168206 -0.00357596386364 -0.0454241591548806 0.0103337444519827 -0.998907939688698
6.0297 11.346726742992 -0.06238166498133 -14.6856275097435 -0.00442369714797372 -0.0381479713543549 0.00995614904660739 -0.999212709227246
6.13395 11.3508704665616 -0.0651933680296859 -14.5687595739704 -0.00498889153998284 -0.031151962291913 0.0104105474394535 -0.999447990997319
6.23819 11.3537781680629 -0.0678284394623791 -14.4484958356432 -0.0051692359700394 -0.0238221973032703 0.0107903699221257 -0.999644611765638
6.44646 11.3608531822996 -0.0724851797799831 -14.1980083776462 -0.00535475068509091 -0.0103124922051849 0.0101687867744669 -0.999880780355915
6.65471 11.3526078701294 -0.0795693118661317 -13.9321585383234 -0.00532291670709139 0.00313716268896304 0.00891630912029816 -0.999941160368781
6.86308 11.3467145771709 -0.0853447816404163 -13.6530598630199 -0.00644162819091366 0.0122376033777807 0.0102071566186561 -0.999852269309612
7.07145 11.3325173452537 -0.0934237568551481 -13.3587651197487 -0.00705821318364289 0.0171654889777464 0.00998397669081731 -0.999777899247751
7.17557 11.3275605127269 -0.097200547862256 -13.2060499972794 -0.00705137004849666 0.0188065382117824 0.00961537934990109 -0.999752037647779
7.38381 11.3134414853854 -0.107075293886425 -12.8952287859181 -0.00549076338021205 0.0216220457950856 0.00881226452050649 -0.999712299937916
7.59207 11.2960744212225 -0.113685112795922 -12.5742864452081 -0.0029414205565669 0.0247256180949959 0.00750189053188359 -0.999661799556919
7.80034 11.277277798236 -0.120600601432213 -12.2575921145829 -0.000934591608375115 0.027990898232739 0.00645658832433108 -0.999586888980573
8.00832 11.255819614099 -0.126645431315278 -11.9392164238727 -0.000463440786950059 0.0313458110935942 0.00437906650836509 -0.999498899011918
8.11232 11.2447145122262 -0.129428201919101 -11.7805775184095 -0.000610801898068517 0.0331240441670989 0.00428057657609942 -0.999441894900966
8.21647 11.2319520299813 -0.132252110882734 -11.6214136127831 -0.000787104656146891 0.0347845243742035 0.00408280456899713 -0.999386185634549
8.32032 11.2185019550556 -0.136080229092932 -11.4607337616723 -0.000865879573621026 0.0362248654103888 0.00425391452632586 -0.999334235173481
8.52832 11.1918868582762 -0.141568641959541 -11.1412271590449 -0.000975172480036989 0.0375899500061418 0.00500723244530062 -0.999280227123708
8.73632 11.1647285775147 -0.148023791368352 -10.8213976320518 -0.000885813307161619 0.0379849694585904 0.00561242201644889 -0.999262156868319
8.84032 11.1510448475401 -0.151229418539108 -10.6607052177161 -0.000529890661200119 0.0381589531113243 0.00507567440465283 -0.99925865072196
9.0482 11.1244791147667 -0.15740303080259 -10.3427512038037 0.000477756276153278 0.0382783494677401 0.00515331547828474 -0.99925371305317
9.15222 11.1101058569832 -0.160771485914482 -10.1841592348337 0.000887260772076337 0.0383602506453342 0.00491282009949975 -0.999251503945538
9.36007 11.0841721525915 -0.166099094232773 -9.86780228752222 0.000797332418690459 0.0382225867911227 0.00537308627058036 -0.999254486136509
9.4641 11.0711223455268 -0.169075037897889 -9.71094641131748 0.00039945701863035 0.0377974998363862 0.00522125290375796 -0.99927169876782
9.56794 11.0588473090624 -0.172032773190902 -9.55485644144757 0.000209892897206609 0.0372554536770711 0.00476244778365768 -0.999294404170961
9.67195 11.046392371178 -0.174984949963178 -9.39998151588795 0.00018304220003641 0.0365382412060864 0.00507383932025164 -0.999319358153174
9.77595 11.0340134963929 -0.178254282358336 -9.24674911240711 -8.76010430265612e-05 0.0358231012799763 0.00537296741868456 -0.999343699115504
9.98382 11.0129510231545 -0.184337521097239 -8.9457561258113 0.00132629099675144 0.0347224194444486 0.00338435392781156 -0.999390384528792
0.1918 10.9892430597756 -0.189324397131112 -8.65198058699596 0.00255386853972897 0.0333776667574599 0.00483758342374475 -0.999427839768299
0.2957 10.9796427951574 -0.192165656872588 -8.50993092624703 0.0011375915855539 0.0332743449186431 0.0037858359018805 -0.999438437975118
0.3997 10.9700525399402 -0.194857973963365 -8.3699632517287 -0.000146223585709345 0.0331581837649036 0.0034925693013101 -0.999444003147626
0.6077 10.9481503098941 -0.200863387758746 -8.09497101724387 -0.00259941159544213 0.032485573377413 0.00635504143179022 -0.9994486200051
0.8156 10.9294402137238 -0.208491335756577 -7.82273249573472 -0.0029853484326531 0.0320562713991009 0.00660757627699197 -0.999459765620641
1.0236 10.9089244747806 -0.215716899368622 -7.55582687750151 -0.00402234590009623 0.0318359768532991 0.00737351369479839 -0.999457814320869
1.2315 10.8889716399969 -0.22275753452237 -7.29234690697146 -0.00447521395934295 0.0318710353827611 0.00866300888064397 -0.999444426589484
1.4393 10.8702959938823 -0.229912595369923 -7.03098580769633 -0.00376049690317622 0.0324385401639754 0.00815326481873316 -0.999433401507007
1.6472 10.85168017305 -0.237437554972023 -6.77279042720868 -0.00395066209993685 0.0335467822178392 0.00759380675458473 -0.999400490179375
1.7512 10.8416376044832 -0.240516915510295 -6.64380086016237 -0.00463576090692862 0.0343078094776113 0.00742032979188512 -0.999373014762477
1.8551 10.8315750368269 -0.244031476283185 -6.51648770945393 -0.005085620957413 0.0350416302634982 0.00749283481782232 -0.999344824389633
1.9591 10.8219386133333 -0.248000987718595 -6.39009779185142 -0.00510006209333082 0.0359510157633642 0.00763867748419699 -0.999311345096471
2.1669 10.8005106788714 -0.255583412572436 -6.1380139440048 -0.00515959966497452 0.0378579581042793 0.00693427090874133 -0.999245750266888
2.3748 10.7796503634258 -0.262859149258084 -5.88908755849799 -0.00438580625125988 0.0397965080718241 0.00564875423756477 -0.999182212724176
2.4787 10.7686885673241 -0.266131574848973 -5.76446004720346 -0.00388271433374316 0.0406348120347349 0.00576430102161656 -0.999149893366374
2.6866 10.7455936399025 -0.273222968897433 -5.52167443679891 -0.00279610679176921 0.0422879971961792 0.00630399690990899 -0.999081661678816
2.8944 10.7231158370414 -0.279324375335156 -5.28373775928892 -0.00233950096763516 0.0432258855089089 0.00627272171021782 -0.999042893233088
3.1024 10.7013015279541 -0.284895992315487 -5.05389291866468 -0.00222753787450099 0.0428968598312171 0.00703368110954114 -0.999052263308426
3.3103 10.6829482284296 -0.290021093970306 -4.83328275554944 -0.00249021148202288 0.0414771648174209 0.00760795394857277 -0.999107382958509
3.5183 10.6629306783879 -0.295967974246083 -4.62181210600381 -0.00271675179500375 0.0400752117343467 0.00726491468584842 -0.999166561529527
3.7263 10.6461625254661 -0.301314413494669 -4.41938399165508 -0.00327921798616335 0.0387359452157087 0.00745192551295477 -0.999216313959993
3.9343 10.6298247816553 -0.306478286209319 -4.22696810052962 -0.00329858782039546 0.0376072572277056 0.00774736507156837 -0.999257119992972
4.1423 10.6158939021193 -0.311587970609521 -4.04574194614576 -0.00290122509209862 0.036607739887214 0.00719802648848789 -0.999299577047837
4.3506 10.6017950568968 -0.315608169254283 -3.87834969829684 -0.0018232113365366 0.0356083548626852 0.00749548382131018 -0.999336048927827
4.5582 10.5905365732924 -0.320351703877752 -3.72802515658736 -0.00148114791768844 0.034751513455073 0.00828696322425383 -0.9993605279147
4.7662 10.5814309678578 -0.323897818429295 -3.59556243381036 -0.00206112542147575 0.0340815669423107 0.00721893704207945 -0.999390857224908
4.9742 10.5722323093114 -0.327077926854971 -3.47630824921953 -0.00256717687443018 0.0334915379073328 0.00730474549304257 -0.999409008957183
5.286 10.5608674209054 -0.331994703341498 -3.30976020192793 -0.00481588225783325 0.0328595275494789 0.0066923288212237 -0.999425970976466
5.494 10.5531247043644 -0.335084591556117 -3.20081116575718 -0.00471572065754296 0.0325581858099246 0.00676424914452915 -0.999435826578654
5.7018 10.5459848624241 -0.338427023269814 -3.09337310358787 -0.00427083919480566 0.0324351503845372 0.0062253033757736 -0.99944532944528
5.9097 10.5385847125802 -0.341523916930011 -2.98726240394744 -0.00406575054222681 0.0325322507782444 0.00617986576339463 -0.99944331084408
6.1176 10.5314774826416 -0.344504073119783 -2.88246141640818 -0.00403917943838429 0.0332140772103396 0.00539830189942821 -0.999425519206475
6.3255 10.5226244977201 -0.347486126515435 -2.77908968539727 -0.00388947141689374 0.0370755212082047 0.00462548220001841 -0.999294192244533
6.5332 10.5102900612304 -0.350480186293299 -2.67788364513502 -0.00404901322456544 0.0438584187362071 0.00505006864762302 -0.999016787348702
6.741 10.4956634947829 -0.353178903272426 -2.577901200967 -0.00405086307009155 0.0503363280249699 0.00691435336021529 -0.998700173378858
7.2607 10.4603353140487 -0.359741809898079 -2.33130420732193 -0.004569070391755 0.0605910528035864 0.00825196121170821 -0.998118105763075
7.5728 10.4416033219584 -0.363551169251268 -2.18552054202286 -0.00485046962789529 0.0596842974379278 0.00903957660610751 -0.998164587449641
7.885 10.4254685592556 -0.367673247481118 -2.04284468592426 -0.00445950830103641 0.0563889398263355 0.00843578350899146 -0.998363279476747
8.3011 10.4067729061162 -0.37282302909629 -1.85514611584705 -0.00473999884315677 0.0502047441926554 0.00805707054175813 -0.998695198589541
8.613 10.3954144637898 -0.37607574143304 -1.71233449089539 -0.00610619424237505 0.0440736317858697 0.00799972551119651 -0.998977594225628
8.925 10.3842193881533 -0.380803245302791 -1.54815667204692 -0.00685419374835844 0.0371696127730204 0.00726843772579012 -0.999259030345681
9.5486 10.3672474038342 -0.39040080863398 -1.16217800837489 -0.00424223542490297 0.0227033868894147 0.00412856394913593 -0.999724719421335
9.8605 10.3608768157186 -0.395590141836479 -0.944033362376981 -0.00299283378453839 0.016786665071066 0.00252836983995846 -0.999851418045543
10.0682 10.3553071865786 -0.399514175897241 -0.79280940626692 -0.00494795687520772 0.0147618238535895 0.000874150836121968 -0.999878413678179
10.276 10.351202444311 -0.403194537094819 -0.628320779831696 -0.00605704653689328 0.0126931207676575 0.0033808652441942 -0.999895377838416
10.484 10.3483264477002 -0.406380624830197 -0.45939962286585 -0.00503561686085174 0.00592022802196281 0.00437401589890297 -0.999960229933128
10.8992 10.3494293576538 -0.419189636723134 -0.129874839616069 -0.00928096025611242 0.00839043516863238 -0.00373599710450887 -0.999914749716215
11.1066 10.3314376299735 -0.422816529804084 0.0276743409468541 -0.0128322923579337 0.025537411456242 0.00283800281121847 -0.999587474225742
11.5213 10.2787617656528 -0.433191690398571 0.33529330678693 -0.00720675422588003 0.0715617787840359 0.00419662754456537 -0.997401304805666
11.7287 10.237977972145 -0.436832662684966 0.480760068361385 -0.00429336729475324 0.0975337683981844 0.00806487674044364 -0.995190277676829
11.9364 10.1960288005792 -0.440139455741172 0.62273163057684 -0.00115628811612045 0.119810013336566 0.00838451806384764 -0.992760758470499
12.1442 10.1498077016581 -0.443767338711785 0.762845378780687 0.00190277785809221 0.130471560689937 0.0140887109579285 -0.99135011953956
12.3525 10.1091078862949 -0.445257865314692 0.903682379006621 0.0029026262404266 0.128849362052969 0.0168316174279393 -0.991517076662934
