1461161170.97319 0.00054890005749534 0.00255239094860668 0.00299470440565978 -4.3536776187426e-05 -0.000551638248760998 0.0004063349253097 0.999999764345832
1461161171.17307 -0.0360984728639873 -0.0170864380463685 0.0429749810970476 0.0373493075914086 0.00506698140699264 0.00137790606942332 0.999288475014461
1461161171.33307 -0.0728529671243877 -0.0345410004440624 0.0836074029030496 0.0605610531091585 -0.0069489847117051 0.014642288083408 0.998032902191841
1461161171.47311 -0.110701073656571 -0.0562382966095645 0.120265775425628 0.0806568975873403 -0.0182350678882958 0.0317674070605083 0.99606866179965
1461161171.61302 -0.147369342154833 -0.08051610050495 0.153650330958867 0.0928243083380323 -0.0155029099464626 0.0581205538449758 0.9938638280899
1461161171.75301 -0.189853856334189 -0.104518754621112 0.186499106708673 0.118752629948219 -0.0136343070402756 0.0589389171195869 0.991079271602773
1461161171.89305 -0.235700006272095 -0.124474300911245 0.221428042354716 0.134606911319464 -0.00553343160249546 0.0657453081082382 0.988700113796639
1461161172.03302 -0.285050075438538 -0.146718402512862 0.254860876702146 0.143992561302925 -0.0168305378258931 0.0937366124649385 0.984985442922642
1461161172.13307 -0.324191995681671 -0.163475407511515 0.275246013197626 0.153098368485492 -0.0411786917966777 0.111850187009731 0.980996809666006
1461161172.25299 -0.372178076287241 -0.182367637204435 0.294038386059448 0.161303002829258 -0.0628921035701036 0.114727077852124 0.978194061622899
1461161172.393 -0.427560358618963 -0.20101271250423 0.311457801953772 0.165690651261131 -0.0723620066407824 0.124137406123929 0.975653756452772
1461161172.51303 -0.476825737346486 -0.213638162050417 0.318818992234453 0.183323640875193 -0.0868546555003203 0.135770680961679 0.969749985153589
1461161172.63302 -0.53212589417232 -0.218249444262606 0.322684893373094 0.180114898026633 -0.105988407259298 0.156922974127953 0.965246217929048
1461161172.75306 -0.592145498704572 -0.222581550088032 0.323760683933107 0.181219140322829 -0.119565703434092 0.171547775578268 0.960955267656676
1461161172.873 -0.652932104345455 -0.225953971904777 0.321942460370332 0.167580498110091 -0.119368666758256 0.176159974010739 0.962619115541586
1461161172.993 -0.714715986312832 -0.23021883965264 0.316430588664217 0.167505346930277 -0.121952194866645 0.178246747751927 0.961923966762881
1461161173.11329 -0.780197655705161 -0.232107018172822 0.307490064362968 0.175868060988349 -0.134663877042007 0.178322676036677 0.958716375449659
1461161173.23497 -0.847097707420996 -0.223844945410265 0.297233853473939 0.171749495188795 -0.14575884951345 0.178050619236953 0.957890623025535
1461161173.35296 -0.91538684224074 -0.214715364470014 0.286341879454984 0.160573577034712 -0.149894650809137 0.183912590107465 0.958083440633982
1461161173.4347 -0.962030784733356 -0.207521213779155 0.277210693154822 0.13019687035698 -0.157818445155678 0.201415815897348 0.957900716371116
1461161173.53469 -1.01842313269565 -0.208988786449848 0.262742424387748 0.125720123368276 -0.167459631082945 0.210505909720898 0.954902604724904
1461161173.65292 -1.08710286029144 -0.21161580849254 0.24380445703161 0.131609016022131 -0.175842176700637 0.204924148259307 0.953815857099821
1461161173.75297 -1.15080675600064 -0.205648990747702 0.22723906294687 0.119982840858139 -0.197529693794939 0.199819366525395 0.952186094589854
1461161173.85295 -1.21065727898878 -0.194056489548985 0.209896690727602 0.116628593682494 -0.209532045214456 0.198550866339724 0.950300819025026
1461161173.95292 -1.26948632140738 -0.17676356506306 0.193728723822828 0.111922719389804 -0.216327031981193 0.191526243694369 0.950785789804898
1461161174.05311 -1.32791577267435 -0.159929751885348 0.178803536638934 0.111290107324588 -0.223977090567075 0.1791413282685 0.951502579827815
1461161174.15294 -1.38480339115465 -0.141684221535568 0.16641909886975 0.101268818064836 -0.23042073924444 0.160548678008696 0.954397732291657
1461161174.25304 -1.44048624809922 -0.116791159536076 0.158019654770617 0.0747146958619824 -0.23813341785695 0.134394620033319 0.958982938131914
1461161174.33473 -1.48441007479482 -0.0957260058404912 0.151059434647339 0.064438067806127 -0.255880769438312 0.110833727685911 0.958169427636008
1461161174.43497 -1.53385577293031 -0.0656806435482542 0.143607171559128 0.0413759886669307 -0.269078475694088 0.0969496251785859 0.957332529300928
1461161174.55296 -1.57808868441969 -0.0326561098480606 0.136763594642593 0.0307745997248704 -0.261940149936375 0.0837995789219012 0.960946362933746
1461161174.67307 -1.60769786064344 -0.00156201576592405 0.133266474124121 0.0195999606585406 -0.24176708165341 0.0698356474251114 0.967619502759061
1461161174.83293 -1.62880163113895 0.0388875187162736 0.128072304482067 0.00549973677384197 -0.227017493593135 0.0352761718868288 0.973236046493922
1461161174.99282 -1.63152872593486 0.0758639015685809 0.121330238716583 -0.0103878583848535 -0.215820855838334 -0.0140751039296258 0.976276263171832
1461161175.19303 -1.61044683794078 0.111375648215217 0.114256990259356 -0.0372571980282018 -0.189905674852328 -0.0239982745723225 0.98080162044703
1461161175.35298 -1.57461988712036 0.126904269676464 0.112777360503498 -0.0554573386516604 -0.160899782699498 -0.0190786229959601 0.985226750378565
1461161175.51282 -1.52342118795441 0.132145273118606 0.118203442967906 -0.0645892769759346 -0.128174255442325 -0.0124197142966383 0.989568257493298
1461161175.63298 -1.47439220660742 0.136885093125552 0.123792671892109 -0.0645769121513314 -0.100890743377035 -0.0237091239818786 0.992516376569092
1461161175.75279 -1.42097456032349 0.145379776757484 0.12758351891448 -0.0733743237705077 -0.0841551143553718 -0.0218537286278249 0.993507191662001
1461161175.85268 -1.37044264661127 0.155301578051557 0.128743856439816 -0.0940873769845863 -0.0589734938066637 -0.0183609620055678 0.993646097760478
1461161175.99274 -1.30253592623828 0.160932319874012 0.129436721183008 -0.110607206744648 -0.0562300526270093 -0.0173441425402989 0.992120661873974
1461161176.11278 -1.2401904818679 0.149716060184524 0.136377568644991 -0.0827180632607219 -0.0411264372215645 -0.0353434283170247 0.99509656830212
1461161176.21269 -1.18580396775575 0.141286914982668 0.144640373693632 -0.0833448823363448 -0.0353391494131146 -0.0219991321404254 0.995650949526071
1461161176.31273 -1.1301239356016 0.133138697642416 0.156902328813225 -0.0785011076608712 -0.0167766356125049 -0.0295606087618609 0.996334427289938
1461161176.39268 -1.08374104383738 0.126770597450221 0.169336773593332 -0.0682902282479405 0.00954905326916608 -0.0349364331720666 0.997007876571053
1461161176.49272 -1.02917714082332 0.119271611701645 0.188308842786466 -0.0461058521976191 0.0176565348110851 -0.0344472270357674 0.998186298103286
1461161176.59289 -0.976603571316002 0.111760541105251 0.208430743419518 -0.028422402313605 0.0238458736453802 -0.03979464262625 0.998518867010064
1461161176.67278 -0.935373912182541 0.102165379512566 0.223318141476986 -0.00303892509722835 0.0467266516504847 -0.0437638174493473 0.997943942935698
1461161176.79271 -0.882499715281843 0.0943489405572354 0.247604508791183 -0.00809180151818262 0.0665171091878753 -0.0530532954421623 0.996340978167718
1461161176.87265 -0.844029418028484 0.0894939076486003 0.265565118467238 -0.0161488479578591 0.103395573580136 -0.0474062327009664 0.993378688705758
1461161176.97347 -0.80263713935968 0.0843178015505028 0.294080834894653 -0.0172933573421953 0.129280919360552 -0.0477464815547733 0.990306850011786
1461161177.09362 -0.758852048861827 0.0825743675071857 0.337406019348499 -0.0100554113918705 0.140020016364853 -0.0267962011827026 0.989734937910703
1461161177.23478 -0.71105085758564 0.0841112653881424 0.392906309130257 -0.0165460248876672 0.150104702445161 -0.0202950136158778 0.988323287081002
1461161177.35268 -0.677750664157036 0.0774384887815026 0.438659869630906 -0.0109078415311349 0.169367444165725 -0.0137636066670814 0.985396494301363
1461161177.49282 -0.654296135018529 0.0692456766866318 0.497467927638713 -0.0163916995841908 0.157455801905829 -0.0158380868052349 0.987262952630799
1461161177.63503 -0.631067599090548 0.0702572930001896 0.562737554226919 -0.0176776320455159 0.165335959880513 -0.00260214666481035 0.986075428417313
1461161177.75317 -0.611481873010848 0.0791820378171851 0.622992911641281 -0.0253009607366005 0.179904378376139 -0.0259775701198023 0.983015484047719
1461161177.87264 -0.588507410737526 0.0879622665834152 0.682794519524993 -0.0306379613994123 0.201453791225969 -0.0284708610415096 0.978604667571909
1461161177.95306 -0.568853626109231 0.0905732730217792 0.721723567651227 -0.0361554785157532 0.237513173989092 -0.0263004725322646 0.970354862253755
1461161178.05279 -0.550060811530152 0.0906907915536462 0.770355785655454 -0.0336508922752858 0.259350342833369 -0.0133499153483588 0.965104552305854
1461161178.17283 -0.53378505631336 0.0906544270464354 0.829970645171699 -0.0371165272346167 0.260267540110339 -0.0111490770261146 0.964758451143301
1461161178.27268 -0.518152176904289 0.0921794100201322 0.882055761283569 -0.0351975048416715 0.256793009884419 -0.00818550352573855 0.965790600109284
1461161178.35274 -0.504244481458342 0.0922323006876485 0.923275969085015 -0.0211311116523263 0.263013327908701 -0.00710584742605134 0.964534588490783
1461161178.43454 -0.491761900581286 0.0938937958930101 0.963067949028055 -0.0135980739991864 0.259270580730263 -0.000473917094092379 0.965708876294452
1461161178.49271 -0.478612045130939 0.0952223603110831 0.992112189269994 -0.0192927771039093 0.278613491601755 -0.00705339923803756 0.960183607758582
1461161178.57297 -0.468129450835434 0.0938417288980968 1.03279424139831 -0.0187927755449852 0.25590667600547 -0.00413271162644253 0.966509971732191
1461161178.65286 -0.456022795997839 0.0885393955253519 1.06840709116895 -0.0182902593419038 0.256373264262545 -0.0170615216112822 0.966254169597669
1461161178.71268 -0.449966292979678 0.083221862422116 1.09495052803746 -2.49880114103137e-05 0.231975706379333 -0.00856166299236101 0.972683899811349
1461161178.77268 -0.440465034215265 0.0811966314259748 1.11963928108178 -0.00483245114164625 0.237255593975582 -0.00726445066398585 0.971408080211302
1461161178.83469 -0.431347112656551 0.0789705790310548 1.1439450294328 -0.00459913872295092 0.236988367619153 -0.0101785817925645 0.971448278607208
1461161178.89261 -0.422537601757657 0.0761891075184645 1.1673637296233 0.00538172761843659 0.236402864721091 -0.00871453313726678 0.971601142172909
1461161178.95263 -0.415638586642192 0.0741179258477728 1.19162818238369 0.015706436690278 0.224935740649296 -0.00891472319522132 0.974206214379379
1461161179.01261 -0.40813365175445 0.0725019395737791 1.21492937664456 0.0226508043584903 0.219893562686952 -0.0100915704029619 0.975208655805287
1461161179.07266 -0.399080271669555 0.0693431051332261 1.23718740489022 0.0400423722031939 0.230397506150305 -0.0155414900798482 0.972148167551716
1461161179.13494 -0.391571673244434 0.0689814978473519 1.25919766865036 0.0420504043434987 0.234534376471159 -0.0199733490955757 0.970992510307746
1461161179.17268 -0.386823754472537 0.070246309249954 1.27330137890956 0.0331553763999289 0.238075440798912 -0.0231522975188467 0.970404439717678
1461161179.23484 -0.379480046841139 0.0708762698238676 1.29407179902794 0.0276124175488909 0.246903254404327 -0.0234026337476486 0.968363905820189
1461161179.29262 -0.373852996588608 0.0714863891871513 1.31577244577131 0.023644248577203 0.242585925297455 -0.0209376690731532 0.969615713760137
1461161179.37264 -0.365206252203242 0.0727502216835772 1.34231528514567 0.0168283211071616 0.241208903277949 -0.024125983284733 0.970027324109331
1461161179.47261 -0.354577748703768 0.0747156633048724 1.37328982070139 0.0143372012825323 0.235182541995197 -0.0271722168021574 0.971465535793277
1461161179.57254 -0.345557799048961 0.0782062417833968 1.40141172581849 0.0125446185504571 0.22789366574308 -0.0330450979214129 0.97304425961154
1461161179.67267 -0.342800775187368 0.0810492062888183 1.42862872679993 0.0149190194058927 0.201770240448787 -0.0364492513084888 0.978640712932104
1461161179.77312 -0.341175864076805 0.0817210614782577 1.45511446845907 0.0305290620791281 0.171201943502396 -0.0294492254522162 0.984322413658165
1461161179.8726 -0.341483241900703 0.0899873396221023 1.48119775965156 0.00146050557844756 0.138852783231928 -0.0375989872941519 0.98959794243251
1461161179.97255 -0.344490428581489 0.094109599870658 1.50554757091887 -0.00837667561009354 0.0969174737277414 -0.0456649252494631 0.994209006795813
1461161180.13463 -0.346155045571158 0.0923400976946678 1.53896802731419 0.00844978923728094 0.051318739618895 -0.0456630071404701 0.99760206385345
1461161180.27254 -0.346006358268988 0.0965632940099396 1.56531794676181 0.00250267675550351 0.0108491727380595 -0.0228879201335202 0.999676035109334
1461161180.41258 -0.348565314446647 0.103140527128672 1.58988486963289 0.0116889159409337 -0.0390378917060384 -0.0145738726980394 0.999063068324445
1461161180.61261 -0.34886354943097 0.11527367741991 1.62301398337583 -0.00336034955566451 -0.0786558736431106 -0.0255258603978401 0.996569311208835
1461161180.7929 -0.354215081154263 0.114546332329169 1.64462368302464 -0.0111262721328731 -0.125979293988759 -0.0278352574860523 0.991579861632539
1461161180.97297 -0.359078416683697 0.121489415137899 1.66661171536945 -0.0192706691766145 -0.181478901470201 -0.0427322521615107 0.982276948857022
1461161181.11252 -0.363507366983586 0.129872434644632 1.68448299318628 -0.0343184194290286 -0.229309537367012 -0.0438151681677346 0.971761088539181
1461161181.23564 -0.370635648058249 0.139895985443795 1.69751415908622 -0.0636000196514918 -0.268998053659672 -0.0578157898511394 0.959297878175245
1461161181.37248 -0.38020726693676 0.145914045789123 1.71211293771984 -0.0746918719662325 -0.310752895477601 -0.0600878875885713 0.945644334821295
1461161181.53469 -0.394836070325336 0.152121139685039 1.7300730870417 -0.0780996983260971 -0.354575915872839 -0.0657749442483681 0.929435319811677
1461161181.67244 -0.415810540356151 0.160744673160139 1.74640036581771 -0.0812040901314741 -0.401955131190059 -0.0699897656975101 0.909362084624991
1461161181.85248 -0.445713433252349 0.167892338507195 1.76645884057364 -0.0766157482037439 -0.445743447824379 -0.0671037402410961 0.88934801618628
1461161181.91277 -0.456563253346131 0.170262097302122 1.76978588930327 -0.0818985317874165 -0.464531352855225 -0.078613768821309 0.878250037322669
1461161182.03442 -0.480332749573615 0.17182553218111 1.77709988239118 -0.0822017223673476 -0.490374634142176 -0.0786681610437429 0.864052611516084
1461161182.13459 -0.502891653744323 0.173287231756884 1.77920980133477 -0.080062216836859 -0.523952209231198 -0.0747224588377083 0.844677854582539
1461161182.23425 -0.527298190541946 0.176610246429948 1.78054858341902 -0.080664657510918 -0.553735134469238 -0.0802573203382137 0.824881431731319
1461161182.33439 -0.554393118078153 0.179342575502095 1.7827631896069 -0.078017501878144 -0.581110029336939 -0.0749460108149003 0.806602441521006
1461161182.43429 -0.581721401754957 0.18019755503522 1.78552153514804 -0.0727204125686255 -0.606199262210722 -0.0685306185140321 0.789010614895078
1461161182.47248 -0.593067857095565 0.180264011035723 1.78682736250747 -0.068988197672582 -0.61207688722766 -0.0634185574039078 0.785226463690822
1461161182.57238 -0.620726137474545 0.182942763895111 1.78684898958376 -0.0728148466480232 -0.640514565387483 -0.0679181150436486 0.761463209408719
1461161182.69241 -0.653630867100467 0.185556840554858 1.78686985976771 -0.0677200498031291 -0.663736013220332 -0.0741837669134995 0.741191789171713
1461161182.77248 -0.677865749887107 0.186780936394825 1.78440282034282 -0.058474997594966 -0.680435018878365 -0.0763251668069604 0.72647321261844
1461161182.89248 -0.719325949334268 0.192810543661581 1.78159059473805 -0.054750385635328 -0.700408626174308 -0.0796489264767147 0.70716773128057
1461161183.07297 -0.794293106452385 0.198845943914739 1.78131711707426 -0.0460774842274602 -0.706710217976535 -0.079752404026871 0.701482064850386
1461161183.21336 -0.856733891071035 0.197402717470679 1.77870053656064 -0.0374217013814257 -0.715990924803909 -0.0794570431768826 0.692562769829385
1461161183.35317 -0.921612623390903 0.195668977281724 1.7784522095916 -0.0408257098394765 -0.719747746009419 -0.0763795015882896 0.688812467415906
1461161183.45236 -0.97031406024082 0.192797547616258 1.78262823963886 -0.036461588795883 -0.716410044138573 -0.0552623346879032 0.694530975237743
1461161183.55245 -1.01875611043924 0.193496850237687 1.78609922295464 -0.0314610290971774 -0.715478832189019 -0.0412176830255331 0.696707504583947
1461161183.63425 -1.05706902770355 0.194789477211725 1.78580764589574 -0.0323635477280709 -0.724366699286205 -0.0307395258895081 0.687968434807695
1461161183.73404 -1.10592019148233 0.195377746079487 1.78331719284432 -0.0338303702624591 -0.735894540947982 -0.0210271507981886 0.675923508675481
1461161183.81232 -1.14088655056009 0.193595758511094 1.77864419033892 -0.0369716274752687 -0.755069002558163 -0.0299710914462806 0.653915616739017
1461161183.93411 -1.19596504219236 0.180660078272819 1.77231579472643 -0.0296507542797025 -0.770578329346557 -0.00948962252264435 0.636584494137653
1461161184.03467 -1.24224631130459 0.167183902547814 1.76718305392332 -0.013973214647855 -0.782322961396216 0.0142805215458501 0.622552487786403
1461161184.1127 -1.28130059303564 0.156687517249582 1.76348402843715 -0.0116703441732721 -0.784512326083369 0.0562723176048776 0.61744444248978
1461161184.2125 -1.32820021836525 0.152756875554394 1.75686041862031 -0.00276673971686887 -0.787504213864854 0.0738302145544733 0.611864819805223
1461161184.31242 -1.37863881305064 0.150413983541607 1.75164398511556 0.00936612495246649 -0.791368592213702 0.0904164146441823 0.604543545928637
1461161184.41236 -1.4255782943771 0.151473406843316 1.75038521831812 0.0111644756537346 -0.793624241189576 0.0786333991032462 0.603202044778627
1461161184.51234 -1.46881140130134 0.146989541781306 1.74892897901036 0.0247305837839916 -0.802303688416361 0.0797206563382994 0.59105144169708
1461161184.61236 -1.5102527520629 0.13999253462589 1.74748663311524 0.0465785104123275 -0.810196438702089 0.0936030878996104 0.576758732069034
1461161184.71235 -1.55130605978868 0.136565375141854 1.75060361844172 0.0597914740279029 -0.812630703427757 0.115722471065792 0.568035763988947
1461161184.81248 -1.59335212980971 0.137649189465071 1.75314989149259 0.0582285573565123 -0.819901834304112 0.124949584722252 0.555659984604496
1461161184.8927 -1.62721824406698 0.137534681699494 1.75555952261372 0.0571898913384529 -0.823755178672107 0.133156315783688 0.54811140975763
1461161184.97234 -1.66076517366265 0.13696000868175 1.75798543935177 0.0550690961045259 -0.826980183406353 0.139436210995244 0.54187518301793
1461161185.05236 -1.69075275986244 0.137557597787441 1.75918727529418 0.0495225533763826 -0.831194053071272 0.135323324634298 0.536983762003989
1461161185.1523 -1.72897298139574 0.134891672002628 1.7605173204274 0.0486598686030445 -0.837796905485798 0.141037941198256 0.525201734087496
1461161185.2524 -1.76672226100413 0.133125602896489 1.76372569900014 0.0556957115816014 -0.837050874522521 0.154594567853396 0.521866209638758
1461161185.334 -1.79965198160301 0.137211354836881 1.76903071756065 0.0581706036885724 -0.829875656265202 0.153678475339676 0.533203059089292
1461161185.41232 -1.83027670888164 0.145098362261203 1.77351085572181 0.0621790078466282 -0.820950973160762 0.149218813196783 0.547637668936087
1461161185.51234 -1.87443610890003 0.155043977776632 1.77598114142115 0.0645489838628419 -0.816397517658427 0.133719636369993 0.558074888068358
1461161185.61241 -1.91828862862263 0.162951561550155 1.77525736978071 0.0591453514006888 -0.813384671324303 0.128784555221685 0.564200090569559
1461161185.71247 -1.96108128196725 0.168813419488955 1.77580425165038 0.0586454719552665 -0.802427005186849 0.119421773018417 0.581730221060542
1461161185.81236 -2.00083049519944 0.172762019182121 1.77629778622516 0.0520797389957749 -0.79925317577635 0.100470262493147 0.590243837877287
1461161185.89237 -2.03251093748731 0.174666426767346 1.77999181385514 0.0493889618464248 -0.786772895120283 0.101623103605289 0.606812892715216
1461161185.99239 -2.0714877496628 0.176793638374953 1.78161807181453 0.0462356908970835 -0.780297679113105 0.118894490942674 0.612259661321447
1461161186.07239 -2.10486889094041 0.181027819467923 1.78240218107402 0.0458526145133948 -0.777200818234482 0.120844587990025 0.615835214510715
1461161186.15234 -2.13970174831698 0.183133511017926 1.77893685922058 0.046450537556388 -0.777417090404905 0.125567452221668 0.614571257096892
1461161186.23412 -2.17352581607921 0.185246755782589 1.77785196671053 0.0465230018035155 -0.779104506447521 0.130738257884459 0.611342200622281
1461161186.31225 -2.20950128513295 0.188218838634966 1.77031888753462 0.0339505444262872 -0.786525115861169 0.124783627320972 0.603866416523848
1461161186.39223 -2.24201892651923 0.187911854410412 1.75974601464056 0.0312854173221278 -0.797305729691846 0.121473637905946 0.590397282647395
1461161186.47225 -2.27234823555404 0.185914012882001 1.74917028915625 0.0311712260594956 -0.810470235577358 0.118483515502191 0.57282458786558
1461161186.55223 -2.30228233130056 0.185295592407356 1.74329985898017 0.0308901478571235 -0.814097706934147 0.122640087089058 0.566789318326234
1461161186.63418 -2.3326155819818 0.188568652820986 1.73683184493676 0.0323921759637087 -0.82215130026198 0.12135717450202 0.555239067979513
1461161186.69223 -2.35545587827796 0.192061450871094 1.72920630910776 0.0354394983757671 -0.829237416185382 0.119048716384569 0.544919033141853
1461161186.77225 -2.38739467600516 0.198284475748196 1.71960208606781 0.0396955270622149 -0.834473735807259 0.108898295877496 0.538719788511716
1461161186.87218 -2.42704476053549 0.203172574138976 1.7063615590897 0.0434520004240089 -0.84110773952836 0.107050968146671 0.528384125786823
1461161186.97219 -2.46562502136411 0.205923125885344 1.69354045249779 0.0429902385676869 -0.850625965377065 0.095103443355572 0.515308297503682
1461161187.09226 -2.51059528848146 0.207586824975399 1.68398093926946 0.0355934203089574 -0.85254916342824 0.0896516810691996 0.51366877309214
1461161187.21232 -2.55482535182124 0.210243072253142 1.6772629122989 0.032208831669241 -0.85432165516338 0.0936342358738566 0.51022517632289
1461161187.33404 -2.59966925007481 0.215570376536986 1.67153190355457 0.0239586686965885 -0.859359911192915 0.097146631392001 0.501486846525389
1461161187.45219 -2.64043600060322 0.218266881062077 1.66463446993418 -0.0237275475064579 0.872058613892711 -0.108480103087951 -0.476637015619727
1461161187.55221 -2.67132011964811 0.218649341607294 1.65621133250899 -0.0193484463269378 0.886455183437691 -0.111586575411214 -0.448744115915942
1461161187.65215 -2.69719883637728 0.217345130760037 1.64537005071283 -0.0146253936441621 0.90354273967788 -0.108642319220024 -0.414238411920766
1461161187.77214 -2.72277012842133 0.215275798145217 1.63248201354068 -0.00855775081711412 0.920146674209802 -0.108416517166043 -0.376168475084208
1461161187.89221 -2.74675847152853 0.215989804271484 1.61901438040288 -0.0117113205119173 0.93334958647927 -0.107925254567368 -0.342160099686406
1461161187.99224 -2.76644546495302 0.216817828353306 1.60649458935166 -0.0192796435679445 0.942610977398701 -0.112720969004364 -0.313698619343593
1461161188.11217 -2.7896405177105 0.219053014158385 1.59005882487414 -0.020741246729124 0.952601249714548 -0.121833836555729 -0.277987726341497
1461161188.21232 -2.80879774623049 0.220699084605481 1.57618835849446 -0.0228908382705916 0.958702383961103 -0.132004200211279 -0.250879731419556
1461161188.3125 -2.82782729301084 0.223034095711847 1.56039640924853 -0.022979128782403 0.966765536840057 -0.124802342841723 -0.221947587596657
1461161188.39214 -2.84169356605126 0.217367670407708 1.54729042058905 -0.0083091574588413 0.969624045036722 -0.148104621679625 -0.194486992434157
1461161188.51231 -2.86260758170619 0.211009349356049 1.52683163931989 -0.00786054481112299 0.974774877367402 -0.149248230800597 -0.165762226974454
1461161188.61214 -2.8797765278846 0.20766872766973 1.50814158189653 0.00461923312337846 0.976863516162252 -0.16031330299145 -0.141477836993799
1461161188.69208 -2.8916787182266 0.209424830204108 1.49116560430533 0.0140516757945501 0.98123046127127 -0.159034717696134 -0.108154014479568
1461161188.77216 -2.90257772124916 0.212356212483777 1.47198153096794 0.0279712904734589 0.983427890296848 -0.160140828585232 -0.0802627342891786
1461161188.85214 -2.91127703946214 0.212900492548351 1.45240224213866 0.0290412660989457 0.985217567742282 -0.162589389829787 -0.045471302929757
1461161188.91218 -2.91716142578072 0.205805524057406 1.4414074316122 0.0431993010482104 0.979173416646488 -0.197507875977339 -0.0185439868612159
1461161188.99211 -2.92370810773162 0.199462327532113 1.42631823823257 0.0445521297126713 0.977678180059054 -0.204791020848431 0.0148701632249898
1461161189.07217 -2.93031651778174 0.192715486396341 1.41045379065232 0.0591475846044168 0.974173323353391 -0.21412368116134 0.0404839285147898
1461161189.15216 -2.93619683534072 0.190074258787911 1.39255398408702 0.0672474512812624 0.974632912200994 -0.204826467806031 0.0601214174557517
1461161189.23389 -2.93903907198599 0.188992510446244 1.37331896667864 0.0677981667153996 0.974183146304848 -0.199193350097214 0.0818084061858367
1461161189.31212 -2.94093052421344 0.189430712626462 1.35291353244662 0.0678520093419204 0.972492017228377 -0.19659031193262 0.104917255537788
1461161189.37209 -2.93914605599562 0.191978288365071 1.33659012872254 0.0594530000933619 0.973732607741056 -0.185814850487434 0.117400982704719
1461161189.4339 -2.93712381559472 0.194020373891661 1.3193378419376 0.0556349546614493 0.972792000418619 -0.18265271538843 0.131219134666375
1461161189.49211 -2.93702354463513 0.197052613736696 1.29993406029535 0.0511593823714886 0.97428029146841 -0.176385724097162 0.130570699570455
1461161189.55201 -2.93699401081722 0.201710799545966 1.27941192491311 0.0418379570211591 0.978009164930283 -0.160410475832335 0.126554881011801
1461161189.63426 -2.93622367495293 0.203890557989631 1.25587660507505 0.0386974262301452 0.978647451046682 -0.15255704112875 0.132204481637481
1461161189.71222 -2.9397813118885 0.203462064405898 1.232415638871 0.0409981259320005 0.981049100922888 -0.151795732825911 0.113224868047181
1461161189.8121 -2.93657735560783 0.204148558084669 1.20360117023386 0.0467938519383636 0.981641504237386 -0.135631345367796 0.12567589559281
1461161189.93394 -2.93062843128518 0.194356270004748 1.17800906292513 0.0632707910080454 0.973383519382575 -0.160246360706994 0.151137139974836
1461161190.07221 -2.92387258199876 0.190852777145753 1.14569438528438 0.0677436867793 0.970297117480756 -0.164463606097438 0.163969567235848
1461161190.17229 -2.92086420786407 0.188512016513771 1.11936174182317 0.0799561493483953 0.967563825995105 -0.17329544338687 0.165517207892232
1461161190.27228 -2.91818287162462 0.187508779658726 1.08980072692216 0.0856004116262695 0.966891013516949 -0.173274317012573 0.16664437756314
1461161190.37207 -2.91292433790383 0.183789637127077 1.06155799754088 0.0937682311692361 0.960832435028464 -0.184632677449897 0.184171998518632
1461161190.47213 -2.90899840631826 0.183199072207866 1.03100791496504 0.100244093245276 0.961927537042788 -0.170847835969179 0.188301758337188
1461161190.59207 -2.90064081743986 0.176152048546135 0.998175126152441 0.111018571836765 0.957126635570161 -0.177079871512957 0.200564701017962
1461161190.71209 -2.89538316673932 0.169720584335571 0.967325253975332 0.113804781321861 0.954126147522764 -0.179891718628671 0.210548654544442
1461161190.81218 -2.89073959085827 0.166870379638836 0.941570134479291 0.117016960384668 0.951973226852155 -0.182869033980632 0.215900261116141
1461161190.8921 -2.8880567274635 0.167768799832316 0.917884007115156 0.117021741539503 0.953903535081665 -0.179036009809762 0.210523312146571
1461161190.97211 -2.88271755836417 0.171033323357008 0.891677574563007 0.115164548556333 0.956671618458905 -0.171087036027985 0.205537751506124
1461161191.0721 -2.87796071058998 0.172414647949309 0.85661314294118 0.114780069069166 0.957919059956916 -0.169368820629079 0.201322658720896
1461161191.15207 -2.87148411554764 0.173490676395028 0.827247181912981 0.108770141383981 0.957942249208231 -0.166719401779235 0.206689004534731
1461161191.21221 -2.86753667369871 0.172724148077342 0.805528331779366 0.110721503177439 0.958680178470619 -0.171062196119727 0.198521508155581
1461161191.29247 -2.86345007692921 0.171874951537017 0.776473353178224 0.106647825249572 0.959778137832508 -0.168098044166201 0.197977814554556
1461161191.35228 -2.86034816492849 0.169915820211283 0.75483707674433 0.108303011916839 0.960974354617815 -0.16782120614131 0.191402168602894
1461161191.41214 -2.85456481061117 0.16944116540808 0.734025711120773 0.104812507778018 0.961246815375549 -0.163917658225766 0.195319992487784
1461161191.47195 -2.84929949966515 0.171279946320637 0.712868268382163 0.101988623875925 0.963104200819235 -0.150903796482292 0.198132943175709
1461161191.5345 -2.84316422982557 0.173890102320248 0.692306773785696 0.0971728272267446 0.965016922606593 -0.140050962070079 0.199212220395503
1461161191.63417 -2.83164584876448 0.177493790405985 0.658810052638265 0.0881336317482854 0.967558268351111 -0.123352769461243 0.202107779579357
1461161191.75204 -2.81815287850943 0.183153584423899 0.619629686136751 0.0796095005722783 0.966879003901736 -0.107764821511334 0.21724194456239
1461161191.83411 -2.80886265315238 0.187481547534459 0.592339883562589 0.070995317400485 0.96556560498999 -0.0904026430151894 0.233388280561359
1461161191.91198 -2.80415561305519 0.190158074822604 0.563940080352434 0.0694724971608285 0.967427387368697 -0.0808038351094937 0.22962700742468
1461161192.03198 -2.78901901388633 0.19304796879365 0.526588882195623 0.0628645281121471 0.96075148823175 -0.0719685149196381 0.260432643549106
1461161192.13198 -2.77616429737924 0.199352253065686 0.499978169619887 0.0476719023687783 0.953850289125808 -0.0449164233378114 0.29305209532384
1461161192.23389 -2.7609472027666 0.203259254473111 0.480846223979395 0.0344995898759607 0.938720559420134 -0.024780879977155 0.342051746973902
1461161192.35287 -2.74806466317213 0.203873032210717 0.455734392158051 0.0247103328133541 0.93016733527881 -0.0238794230652609 0.365524145559005
1461161192.47186 -2.73492936346553 0.207822937719788 0.43140515028749 0.0171973064457617 0.917231761174978 -0.0191876761092017 0.397519788222407
1461161192.57191 -2.72379616391172 0.213705392084431 0.412555103655863 0.0097913895266967 0.901567585019823 -0.0115783553601214 0.432372478332994
1461161192.6719 -2.71492667293653 0.220547781364641 0.389683416600894 -0.00221062782143383 0.894221622837738 -0.000687721151529859 0.447618508792583
1461161192.77189 -2.70731768310774 0.226810376264651 0.365734687551759 -0.0159021215454274 0.886603467610735 0.0101984583197683 0.462144355368401
1461161192.87196 -2.69779565224924 0.229679368213971 0.346038463415423 -0.0217964253034323 0.871073554046643 0.017612490533179 0.490352505307926
1461161192.97206 -2.69033571541092 0.232492447769269 0.32844835741709 -0.0329835466633357 0.852638492069155 0.0277469020912363 0.520720459475028
1461161193.05194 -2.68632245821023 0.236169151663205 0.313845405931222 -0.0496500094683639 0.839369906481384 0.0393187988074488 0.539858378386002
1461161193.15197 -2.68273540244653 0.23822002354128 0.294840707541738 -0.0486482502055262 0.822553497859222 0.0446389705100216 0.564841971903031
1461161193.23381 -2.67982004791469 0.241068966371403 0.277732537123305 -0.0527518093705308 0.810148627059249 0.0495979420204076 0.581735758596195
1461161193.31201 -2.67489413791777 0.242743607997063 0.260826681539087 -0.0480818956222723 0.792397356518112 0.049976899098092 0.606050220900064
1461161193.39196 -2.67332204527708 0.245194115253131 0.24467657270546 -0.0563513148087962 0.773256689738673 0.0523914483671518 0.62940746518587
1461161193.47194 -2.67243779815566 0.246521420497361 0.229916217473077 -0.059508019515827 0.755001003157292 0.0546735903801697 0.650725041288353
1461161193.55236 -2.67117671057677 0.247465818845285 0.217184678417311 -0.0776529360438851 0.732260469615371 0.0609471036469454 0.673832380284214
1461161193.63388 -2.66845098839588 0.243322631979613 0.203532171721918 -0.072468728035364 0.715759180280866 0.0581397295067184 0.692139329292509
1461161193.71198 -2.66498179184619 0.241516196834027 0.189726622140205 -0.0803730439911385 0.699182837056337 0.0591661625026787 0.707942723234131
1461161193.792 -2.6600871203303 0.240223638585429 0.177912328274523 -0.083113647589136 0.677840833765037 0.0590305970432723 0.728106664080107
1461161193.87195 -2.65347999792387 0.241759608573474 0.166196363822856 -0.0947579741437982 0.657427340513425 0.0566690253636227 0.745385027919092
1461161193.97193 -2.64314516013245 0.244458582635514 0.152210434649978 -0.105441288437017 0.631424244949261 0.050403330664425 0.76658010790845
1461161194.05212 -2.63231163575306 0.246813547742671 0.14048064707408 -0.117775268634714 0.615244218469428 0.0450310064062409 0.778187474969885
1461161194.13376 -2.62032505512736 0.246492152809853 0.13190124578773 -0.123550456198845 0.594062329045631 0.0339546854513057 0.794148797970406
1461161194.21188 -2.61106284117438 0.246666213701035 0.124113449631748 -0.141032005392187 0.567774078100309 0.030335027180725 0.81044577598896
1461161194.29193 -2.60160267799158 0.244858200649588 0.114247049045517 -0.139680928322309 0.553517703294144 0.0278899636401328 0.820566597133435
1461161194.37204 -2.59178583839161 0.244983044336404 0.105808014581967 -0.141445815313842 0.53520697600848 0.031784189645559 0.832187682828
1461161194.4719 -2.58207696384371 0.245135099023297 0.0970707678094668 -0.15110745991775 0.508300924271547 0.0344625330204629 0.847118078994723
1461161194.57196 -2.57377853330795 0.243831176238018 0.0899892466851098 -0.153950205806729 0.482917154986317 0.036081478625668 0.861271433667791
1461161194.69228 -2.5640110264538 0.242478107712224 0.083892407756161 -0.154443000032553 0.448146591676632 0.034453578542253 0.879843703753795
1461161194.79188 -2.55628780925034 0.241334836312387 0.0809001044207247 -0.149180749231599 0.412876126341005 0.0293500294185001 0.898007229441656
1461161194.93186 -2.55354542824033 0.238816911188136 0.079228877649463 -0.145536870416101 0.356661619432298 0.0286765869106162 0.922382329588211
1461161195.1119 -2.55228679649684 0.230018219682348 0.0782674093018312 -0.141710642075898 0.305938190589711 0.0258789596231498 0.94108989842095
1461161195.23373 -2.54861391607205 0.215925418636261 0.0803253950075638 -0.11804556776158 0.300699581506993 0.0226403549111788 0.946114379947193
1461161195.33366 -2.54982707910432 0.201958184401303 0.0840301152807551 -0.0906889550189652 0.294230344811077 0.0264047400075303 0.951055627886748
1461161195.4337 -2.55667068492432 0.190668657171967 0.0897787470238367 -0.0762489250129208 0.281123762524505 0.0283610221014432 0.956217121789712
1461161195.53374 -2.56570635401331 0.178526116927175 0.0958151424099635 -0.051991096868055 0.28732211112168 0.0240819635855177 0.956118710902001
1461161195.61189 -2.57884811212908 0.170039077406488 0.103148991114004 -0.0356614632049374 0.2777461217353 0.0288805911771488 0.95955784784261
1461161195.71187 -2.59447808737835 0.161783031219322 0.113733759468792 -0.0238347642492263 0.281157419982526 0.0223009030268734 0.959106396040679
1461161195.79183 -2.60797579528082 0.157300134438057 0.123699055781189 -0.0186752451331574 0.284307434529862 0.0192304623431396 0.958358339666502
1461161195.87189 -2.622249902716 0.154881655303713 0.134767995347272 -0.0209399804184254 0.284242134821848 0.016456498891872 0.95838254870183
1461161195.95184 -2.63669331942959 0.153865923818809 0.145817567443499 -0.026177198677001 0.284481605926925 0.0109673554631264 0.958261283404901
1461161196.03381 -2.65517306244224 0.153020209142367 0.158034788665642 -0.0279767205603142 0.268100328087771 0.00797434848886777 0.962951674255826
1461161196.1119 -2.67214468757418 0.153157254525431 0.168959578530065 -0.0285696477071069 0.265715870563434 0.0047092223752867 0.96361645616149
1461161196.19187 -2.68959427215677 0.156808172922983 0.180115933941276 -0.0386670252843119 0.259287035427946 0.00323735698605424 0.965020525136328
1461161196.29178 -2.70903130324635 0.164985624816551 0.193068131978344 -0.0545793443005319 0.258300927770506 0.00812661453032171 0.964487264832924
1461161196.39181 -2.72705789382052 0.175214670165588 0.205169137253492 -0.0636284532582722 0.25407586803333 0.0116769691387929 0.965018404804179
1461161196.49183 -2.74885839961882 0.186583932567377 0.214412526819017 -0.0816570515232783 0.240850464043233 0.00954294582908858 0.967073995148038
1461161196.5718 -2.76722386663227 0.194422652933567 0.222280208937598 -0.0930392710199663 0.226296143020903 0.00447686566793006 0.96959460981161
1461161196.67186 -2.78780870466503 0.204142812563405 0.229812585906273 -0.104079315587779 0.21176786411995 0.00246285656664893 0.971759127629057
1461161196.79185 -2.81023605651929 0.214058039910931 0.2354110017084 -0.112518373209289 0.189037889409125 0.00312515078348545 0.975497065854459
1461161196.9337 -2.83730755375799 0.22136272190625 0.237283313288466 -0.113066448902581 0.15802502300801 0.00116976640226518 0.980939703489691
1461161197.07183 -2.86309708194112 0.223725655846344 0.232487422266591 -0.112216553333274 0.124004021317982 -0.00752823534450708 0.985887302650545
1461161197.27176 -2.8952955105611 0.228312603464383 0.217885967150386 -0.0998546313847174 0.0871462237680255 -0.00218885975505774 0.991175966802549
1461161197.43178 -2.92486830083357 0.229521307395283 0.198989133954367 -0.0945331806507456 0.0507521892271877 -0.0114579555429173 0.994161158112445
1461161197.61181 -2.95474147077907 0.224347372344185 0.17663668641814 -0.0832425166616974 0.0156958691532012 -0.00534485380811162 0.996391366707441
1461161197.77177 -2.97389752413753 0.212758544468678 0.156672862799183 -0.05253319801616 -0.0239162530669915 0.00435461870841127 0.998323250876856
1461161197.95179 -2.98350506729256 0.196516606283627 0.140299216629797 -0.0270689451594815 -0.0685301546381455 0.00601029879720498 0.997263639376064
1461161198.19174 -2.97074805011548 0.178017970189674 0.133251424805539 -0.00076742221503499 -0.0956169771452485 0.0238966629507886 0.995131023656968
1461161198.43349 -2.94434953855124 0.177865267350577 0.142599860672523 -0.00643235804629577 -0.122713681133 0.0481535133221709 0.991252347481449
1461161198.63341 -2.9175816452558 0.188062394460713 0.159419829959671 -0.0292689053527194 -0.126259273386641 0.0417924338342057 0.990684268340597
1461161198.87167 -2.89642258113717 0.207724958804458 0.191505554289227 -0.0602850217439217 -0.113969322443226 0.032098319326846 0.991133899930559
1461161199.11167 -2.89076018448319 0.221077483413082 0.244892852629413 -0.0739827049767372 -0.084067845598639 0.012933571196098 0.993625623379774
1461161199.31169 -2.89865790594175 0.222128114295435 0.299003141685345 -0.0674818021452588 -0.0822321009228673 -0.008569422919536 0.994289018820919
1461161199.47198 -2.90474792844754 0.221360436432689 0.342575667895646 -0.0618776849840045 -0.0789342165885412 0.00307256030143298 0.99495281341668
1461161199.59161 -2.90873275079925 0.221564881887066 0.377125177729909 -0.0559050818420157 -0.0731937726042649 0.0163620465157286 0.995615175110348
1461161199.71165 -2.91250377529888 0.224269910746703 0.413678765250096 -0.0481472665335407 -0.0721454309680891 0.0300240278046995 0.995778808405843
1461161199.81166 -2.91852574687887 0.229357950857789 0.446424199549715 -0.0526385911091095 -0.0833925148114285 0.0360143644628 0.994473646082094
1461161199.89196 -2.92092072158327 0.232736214359337 0.475376930424565 -0.0534677124508558 -0.0917059382067287 0.0448370444763662 0.993338242526442
1461161199.97158 -2.9267461458135 0.236707465330632 0.500904100180521 -0.0614492310264818 -0.0898592905168364 0.0444325721458255 0.993063465467626
1461161200.07163 -2.93583346605388 0.239885948882473 0.530548832614622 -0.072025187682767 -0.109569129907517 0.0467141516060175 0.990264997942622
1461161200.17164 -2.9412891208987 0.238636361204497 0.559217763045302 -0.0697263334038162 -0.112214802883577 0.0485408438593695 0.990045384273509
1461161200.25203 -2.94768598489946 0.234571182252566 0.581658659899999 -0.0548536158201827 -0.127721021845582 0.0520605830659426 0.988922705321809
1461161200.33345 -2.95147848426811 0.234051284560871 0.604468979358714 -0.0539129332729882 -0.132286318471212 0.0489383567053887 0.988533642732614
1461161200.39161 -2.95394217515292 0.235036162276119 0.621333897069107 -0.0544827084206033 -0.14002068501378 0.0401858884538449 0.987831431277929
1461161200.47159 -2.95028703087071 0.236512670759593 0.645432215772896 -0.0515088644667894 -0.135214820201346 0.0297228106868691 0.989030001468172
1461161200.57166 -2.95317666808181 0.241733892026359 0.674350804145766 -0.053849098035115 -0.136797043644568 0.0203486082971294 0.988925061686314
1461161200.67161 -2.95624762031909 0.247004348218141 0.706107713120193 -0.0533395021063448 -0.136189138455617 0.0118499645211194 0.989174905879952
1461161200.75171 -2.95897166810798 0.251563419400257 0.731383844343728 -0.063366939453624 -0.141010750847075 0.000772885575840032 0.987977733442263
1461161200.83329 -2.96006727702076 0.254903132970552 0.754280684162347 -0.0703337265272359 -0.14519235624038 -0.00575225667044405 0.98688360921912
1461161200.93333 -2.95787153458496 0.258919786912439 0.781406581384223 -0.0769130256564113 -0.14687330558662 -0.0100406319925286 0.986109428156747
1461161201.07158 -2.95905172881278 0.260411722223026 0.817357907155944 -0.0773374874651994 -0.168136799926491 -0.00188988871250289 0.982723439154528
1461161201.23158 -2.95666296126967 0.261953773292668 0.858186536032606 -0.0792251199020369 -0.187512924263471 0.00136654509839264 0.979060986948803
1461161201.39158 -2.95783294086717 0.263990237346587 0.898762210938932 -0.0824543227074862 -0.214476394695232 0.00497668436468354 0.973229876955141
1461161201.53153 -2.95528963224242 0.26675031897882 0.931524082599439 -0.101798702961791 -0.244957013872282 0.0019519658661092 0.964172845116128
1461161201.67153 -2.9549798597395 0.268441398239495 0.961450912090311 -0.1116746324741 -0.269111230361366 -0.00484791094472056 0.956600449463954
1461161201.81159 -2.95754938326236 0.269538419762345 0.987577647812813 -0.11803974012421 -0.289793000094932 -0.019576940491564 0.949580633884441
1461161201.93155 -2.96818281387549 0.27018840254294 1.00722661979485 -0.113405064660315 -0.314579336199749 -0.0243848175992229 0.942117037960872
1461161202.05163 -2.9763081247863 0.274426257072048 1.02803789883007 -0.111954471507986 -0.333121075251226 -0.0386987110170882 0.935413788276852
1461161202.13334 -2.98233417974965 0.279119082066111 1.0425974648213 -0.117641869634063 -0.337971293161089 -0.0541973530493226 0.932200859488163
1461161202.21149 -2.98950464633843 0.279283054991941 1.05619277693282 -0.112853665046953 -0.344101705862881 -0.0513341651655781 0.930710948573443
1461161202.29147 -2.99593967481275 0.281671310091941 1.07044147429008 -0.116063533690011 -0.342035772413494 -0.0536286777602491 0.930948307618946
1461161202.39152 -3.00550291337475 0.282985845308202 1.08735918981146 -0.116853107019373 -0.335397243898768 -0.0495416695069802 0.933487901982394
1461161202.49156 -3.02019808770741 0.284748470816603 1.09941433585445 -0.120238108994522 -0.339119726717705 -0.0429132883390063 0.932040266179667
1461161202.61152 -3.03241448710448 0.285873628837937 1.11185067553478 -0.124848048164931 -0.352216142134188 -0.0396908373697154 0.926704586973868
1461161202.73317 -3.04474524247621 0.285492949882692 1.12311610711132 -0.123486694266096 -0.361900545285775 -0.0313507351035287 0.923469632998053
1461161202.91156 -3.05944421084475 0.287776565968145 1.13992538863755 -0.126807802424434 -0.382157607382673 -0.0332715253325716 0.914750430426726
1461161203.07137 -3.0724591093585 0.292888328575034 1.15664931970752 -0.128695190171943 -0.409006509520217 -0.0479938208405712 0.902135143067722
1461161203.21152 -3.08783208787984 0.299081686838911 1.1728567834692 -0.135624257008393 -0.435900570392658 -0.0509483957390765 0.888257290774408
1461161203.35183 -3.1030768261979 0.304847355363655 1.19054327961736 -0.141759399128506 -0.472136241234944 -0.0573696871833638 0.868159179795818
1461161203.45142 -3.11275062681627 0.307897616986216 1.20146364372604 -0.145135136359117 -0.497449227542503 -0.0657614821401727 0.85273412367403
1461161203.63307 -3.12850090483172 0.31116161328327 1.22226743248529 -0.14556286940106 -0.532688810072354 -0.0890333865729387 0.828931323301746
1461161203.79145 -3.14527540633013 0.307312643800945 1.24247399618683 -0.133351551501879 -0.554356535143375 -0.0883007167125121 0.816767518382024
1461161203.95151 -3.16198837864904 0.303773030602155 1.26279988978429 -0.118884857365977 -0.572956693942793 -0.0873423063852947 0.806199937404185
1461161204.1331 -3.1859680800756 0.302707578231424 1.28469150395711 -0.101246478097487 -0.598100698950185 -0.08596401075966 0.790338467646785
1461161204.3514 -3.21600526779004 0.307464420318804 1.31406689382526 -0.0955287981997069 -0.624573997142599 -0.0867193672751335 0.770234589035858
1461161204.59136 -3.25163477726409 0.309821691811858 1.34121929418543 -0.0970095583482624 -0.653502117628808 -0.0810490845025214 0.746294294327005
1461161204.81132 -3.27958473120505 0.312287583557056 1.3590274579601 -0.0957595557114681 -0.68506407178015 -0.0859200473859666 0.717032126548829
1461161205.01131 -3.30427257180937 0.317705638129387 1.37332126404559 -0.0906190676969671 -0.722722858461647 -0.0879239961194783 0.679506604333718
1461161205.19137 -3.32384316314221 0.324103144268072 1.39063522835169 -0.0891240408059432 -0.759624731820981 -0.0964173971878013 0.636970060266456
1461161205.35135 -3.33830069208827 0.322381053218205 1.40456204779946 -0.0856299842233486 -0.794972879701867 -0.101064642675747 0.592006388767261
1461161205.53132 -3.35677821850395 0.317305112391299 1.41648579524873 -0.0743652634849518 -0.82363407513185 -0.101168055994184 0.553047685389672
1461161205.73137 -3.38551523066026 0.319191350765582 1.4240432303679 -0.0641381883329152 -0.849519301606762 -0.0979467930114841 0.514402249930631
1461161205.93124 -3.42126400485577 0.323265571875314 1.42845923165507 0.0500358943476874 0.870917965340499 0.09432560846946 -0.479688426492508
1461161206.13132 -3.46114288316394 0.326137878746582 1.42980393987238 0.0543880250784547 0.886804760622141 0.0940835364455976 -0.449185426562197
1461161206.41129 -3.51837879497057 0.325025987106729 1.43373012638924 0.0579663473128185 0.895020118395356 0.0872113660937042 -0.433558609499157
1461161206.59133 -3.55373042325428 0.328831054546693 1.43294825575503 0.0550879569162472 0.912226450426421 0.0857749690202212 -0.39680079994222
1461161206.75129 -3.58693982846176 0.333166247721872 1.43442610971192 0.0504712298515145 0.927639984904841 0.0859915970577513 -0.359919655754556
1461161206.89119 -3.61572882489789 0.337017162852377 1.43592254076821 0.0514360915092807 0.942034478172551 0.0948275557486186 -0.317699708994453
1461161207.05139 -3.64424927346015 0.338999090342455 1.43590843062494 0.0432306252270742 0.954974721982308 0.108606919216169 -0.27268833953006
1461161207.25143 -3.67376242303888 0.340086549296898 1.4265193161675 0.0315399002876961 0.967588797346469 0.108772264570699 -0.22571164879026
1461161207.43167 -3.69744157656668 0.350121593168939 1.41036060073187 0.0190244009399941 0.976448568303332 0.118470883837054 -0.17930676314661
1461161207.63112 -3.72227271271006 0.357158542509423 1.38699481896765 0.0113150713459308 0.983388608417888 0.123834345829665 -0.132226581243356
1461161207.81108 -3.73065585248355 0.358563555624697 1.36253332573772 0.00554437477793489 0.988443728266156 0.130855051618842 -0.0763230726939934
1461161207.97109 -3.72957657033586 0.354840435708693 1.33999628055978 0.00222685389869151 0.991282156929045 0.12809423437499 -0.0307667612156211
1461161208.09112 -3.72444761614036 0.35238715148531 1.31955890566526 0.00276711885046448 0.99181210482039 0.127595576980905 0.00452333062309035
1461161208.23116 -3.72029267379687 0.351333313483402 1.29418215163587 0.00477434003671453 0.990497259402502 0.131494097375627 0.04002108380237
1461161208.39108 -3.7179026622879 0.349241616270745 1.26048505040873 -0.000252702793944474 0.987770259239705 0.140278912402542 0.0680564312756934
1461161208.53334 -3.71515600704235 0.344427092539371 1.23094765118956 -0.00416100892972106 0.984561457203593 0.139985624170166 0.105002133404576
1461161208.67107 -3.71019239347111 0.341186682049727 1.20185302460642 -0.0115546413395141 0.979426461087337 0.142551510777311 0.142370517876968
1461161208.83277 -3.7066551833013 0.340454568771965 1.16107002498919 -0.016490543627782 0.976341601700665 0.14121163519474 0.162924561822543
1461161208.95098 -3.69873133588394 0.341531383679543 1.12891824766609 -0.0288557283180737 0.971036103090172 0.139858866404607 0.191561298092031
1461161209.07102 -3.69089306243683 0.341192440847796 1.09585785875365 -0.0425581865524743 0.968369359196295 0.129437300344667 0.209034854047373
1461161209.21103 -3.68654471070464 0.342877692943739 1.06003770912246 -0.051383748446857 0.965886225550474 0.140867981642766 0.211139104467416
1461161209.3511 -3.67985597514437 0.345389553914409 1.02775196144599 -0.0558759202504301 0.958785509051688 0.152701453644673 0.233003208611958
1461161209.47153 -3.67766246958158 0.348411778224831 1.00250441320433 -0.0608174490501623 0.952844875036822 0.160451460777622 0.250286257596022
1461161209.59103 -3.67620237120167 0.352500797209259 0.978933464705763 -0.070346706194423 0.94323203055757 0.16467159615143 0.279728337639895
1461161209.69101 -3.67559001833607 0.356119862117041 0.959802727822976 -0.0812963806510746 0.931309257673327 0.169925949481384 0.311735684126542
1461161209.79106 -3.67423645934275 0.35537862668432 0.9426485219036 -0.0860470339887085 0.919056391289754 0.164560995948328 0.347636212417081
1461161209.91101 -3.67337908982791 0.357019465166757 0.927032878944471 -0.100142479507445 0.900968190767878 0.173717774342145 0.384772579454629
1461161210.05183 -3.67354591264551 0.353227873411071 0.91073363274236 -0.108931210073462 0.886064890572766 0.17281324256201 0.416123280244457
1461161210.17191 -3.66925517302506 0.34914060807013 0.896460428864869 -0.114642962791557 0.871839244157192 0.163403455008173 0.447272438588811
1461161210.29173 -3.66318386840247 0.34671748610211 0.881627520918188 -0.105988615290125 0.855342834882081 0.156927904737218 0.482212277902123
1461161210.41095 -3.65902017636115 0.349623440743822 0.864940044094637 -0.11693333367324 0.839749494011784 0.160138558792778 0.505473070272578
1461161210.53279 -3.65476923147675 0.347944810700895 0.846970983874227 -0.113826540896265 0.828723684780067 0.16262470030724 0.523272185121777
1461161210.63276 -3.64997177794512 0.346742701706441 0.834706392664364 -0.127362807628659 0.817615272248023 0.172298074030936 0.534413094436286
1461161210.75094 -3.64183417681822 0.341749112907442 0.822813702272568 -0.117101053023807 0.808265232161987 0.177874958967193 0.548958246892478
1461161210.89097 -3.63289966532239 0.339046759849818 0.815775051525356 -0.124937565034261 0.783798538120589 0.188365973311929 0.578419153021049
1461161211.03336 -3.62739701839671 0.336338099910194 0.80838142903118 -0.137379456217665 0.757071358465764 0.19131905011207 0.60939877277884
1461161211.151 -3.62395194829013 0.331802954398258 0.802029026516182 -0.13376722449703 0.728795255877456 0.187879620192672 0.644720910919703
1461161211.25147 -3.62565868911434 0.330824228254758 0.797932005915262 -0.142465194853225 0.688267621101772 0.192800377976171 0.684703851493904
1461161211.35108 -3.63279202299201 0.330133267599516 0.791306423276322 -0.156082799666694 0.645409715440803 0.201940161748055 0.71993376774256
1461161211.43322 -3.63972438240446 0.328171150607508 0.781387211230656 -0.162515057080859 0.619843477812669 0.210558249025474 0.738273758847236
1461161211.53292 -3.64454405419113 0.323935473684421 0.764870038518546 -0.169136539546246 0.602205050177082 0.206702912460506 0.752340225238478
1461161211.63414 -3.64745923381219 0.321368848303698 0.748881908034756 -0.172242147476773 0.580610046329965 0.20609894324471 0.768601224515495
1461161211.73268 -3.64940111482947 0.321188094180709 0.732604465080263 -0.174362788216685 0.558799251085205 0.205505945895059 0.784288417148752
1461161211.85099 -3.64953451605421 0.325868929689034 0.715695600135745 -0.185654359746092 0.526348354198339 0.197707828279307 0.805854505091985
1461161211.97087 -3.64682044666603 0.332691741376904 0.698171384182156 -0.200882189693694 0.490901441909801 0.183276679294552 0.827690630019156
1461161212.07108 -3.64566056605989 0.338088510245965 0.682955996749422 -0.223171460046393 0.457320223022851 0.176344829531211 0.842588401375606
1461161212.19093 -3.64202193257959 0.3362856667338 0.66351310744361 -0.228245057231744 0.438354988821615 0.161693975654538 0.854168692859618
1461161212.31111 -3.63835343279476 0.325931181195967 0.647378241385122 -0.216084771989203 0.418561635698605 0.141434994476019 0.870694935538993
1461161212.43088 -3.636463353147 0.312763547744194 0.633176011550607 -0.201073658172306 0.394668133778561 0.125568988560062 0.88771553849246
1461161212.57123 -3.63412019728058 0.295843846032597 0.619134480171439 -0.180598160726621 0.367352143909424 0.125414350994364 0.903718953697428
1461161212.71092 -3.63598721741374 0.28102071344922 0.608452862668105 -0.164951113818549 0.322406061637812 0.127381391803278 0.923373945101049
1461161212.89073 -3.64517513968425 0.275039319072984 0.598831447436856 -0.180264488194921 0.25488681076369 0.10608942958914 0.944077571454798
1461161213.05095 -3.6569633806784 0.281651918967232 0.59969872594749 -0.202274766880913 0.196797607509608 0.0915666971756343 0.954971811275135
1461161213.19084 -3.66964762099274 0.288320353669574 0.608124209845584 -0.216099567683456 0.151391978386087 0.0785982235075687 0.961355171093818
1461161213.33255 -3.6824563946044 0.292493473912402 0.62123727894349 -0.216396734881628 0.114165773861002 0.0576166754450015 0.967894078875346
1461161213.51127 -3.69908997191186 0.299756013635498 0.640628946268458 -0.218887370751062 0.0882314044188772 0.0437363416321384 0.970768082819268
1461161213.65083 -3.71156745246736 0.30379454678703 0.66008652629424 -0.220726169123103 0.0653043946688035 0.0329717037599627 0.972588382129021
1461161213.79083 -3.72212950452973 0.305386345768841 0.685829626572437 -0.218999574258737 0.0594500358534028 0.0338818671855289 0.973322607765556
1461161213.93294 -3.73416634316515 0.30653821448518 0.719481456001048 -0.213306794785768 0.0565403921682188 0.0400154716784127 0.974526632462161
1461161214.03263 -3.74536027627718 0.305694355334504 0.747750913795261 -0.209192969184201 0.0459028013862407 0.042883625767469 0.975854614740243
1461161214.13272 -3.75725703257348 0.302575887840818 0.775609710131312 -0.202565653257341 0.0323563207323584 0.0398112359133894 0.977923969500769
1461161214.29105 -3.7680607930022 0.303720325187012 0.815331633118811 -0.20882554295004 0.0299996316375309 0.034726801841794 0.976875613344439
1461161214.45106 -3.77876844473681 0.305728297013275 0.855090697191023 -0.208340656938279 0.0314329080670447 0.0398692258161575 0.97673772722763
1461161214.61078 -3.78687404661677 0.309343614706812 0.891509252848989 -0.203531740686734 0.0495767042850636 0.039774299396521 0.977003063471541
1461161214.77068 -3.79794490227843 0.317610318533822 0.929241088972275 -0.209569908758249 0.079227258273976 0.0401403093699771 0.973751636945033
1461161214.89077 -3.80488726474849 0.317474066527532 0.958706123070165 -0.200679613909289 0.114700386754679 0.0446547888352472 0.971893751226761
1461161215.03077 -3.8134625553176 0.310296404561316 0.99548698999837 -0.171815614863257 0.14880666186025 0.0470860885196002 0.972686420252228
1461161215.17075 -3.81957213938319 0.304789128072243 1.03001942937344 -0.149811682514262 0.183529216208524 0.0529472000005695 0.970087666446817
1461161215.33266 -3.82783280036167 0.300196352727563 1.07117662718978 -0.127652571877708 0.213634174617453 0.0481438293243943 0.967340390982673
1461161215.51076 -3.83333351084942 0.295599334399353 1.11929191488782 -0.0963638505020797 0.232736924789158 0.0447744042766138 0.966717531069843
1461161215.69138 -3.83250150771952 0.28741207592826 1.17186659648203 -0.0706282591880032 0.253582494365089 0.0445067153514642 0.963704684975784
1461161215.85105 -3.82530289372923 0.274557551677166 1.2183462479413 -0.0484727589624107 0.282997900880979 0.046055916190411 0.956787036032258
1461161216.01076 -3.8153256014811 0.266424145770291 1.26146490158792 -0.0273772019936274 0.31412767386243 0.0380915856578199 0.94822113688045
1461161216.17071 -3.80320733966765 0.263519079153617 1.299559007647 -0.00375951905311665 0.3562372423502 0.0180036633103405 0.934214515668977
1461161216.31156 -3.79324241303948 0.263369393810705 1.33300584161683 0.0225013030645802 0.403442749890109 -0.00471856470118077 0.9147160073316
1461161216.45066 -3.78302642412274 0.264263622778165 1.36896659692159 0.0383682462273377 0.449489849796309 -0.0279305233807324 0.892023900170398
1461161216.57057 -3.77342799665303 0.261443210395868 1.39880329337153 0.0401673895233642 0.491062100007304 -0.0469037855922357 0.868933040948733
1461161216.73368 -3.75325235554256 0.25458784201745 1.43915179281072 0.0491644066638141 0.537167579520201 -0.0497762214144676 0.84056896231749
1461161216.89085 -3.72171201619384 0.251459869698282 1.4758274116634 0.0654768310933383 0.574348253095279 -0.0522857771702055 0.814311406196722
1461161217.0507 -3.68210194997045 0.258380884246494 1.51004046352499 0.0624839505730369 0.600435117679625 -0.0454948198816571 0.795929423216516
1461161217.21068 -3.63832635874669 0.265098151531256 1.544838697554 0.0270614139802589 0.611538355093547 -0.0378316770151758 0.789846367553265
1461161217.33358 -3.59921086480914 0.263193209078602 1.56232285722394 0.0294320386371312 0.644679380473262 -0.0296653566345839 0.763310040619155
1461161217.47064 -3.54776095509139 0.269939934621687 1.5836266616462 0.0154737230452629 0.662448153183023 -0.019345506128628 0.748698043026792
1461161217.61062 -3.49009327995946 0.27693168412907 1.60371837921936 -0.00486163465346565 0.671898578051815 -0.0236124059640879 0.74025071401859
1461161217.73294 -3.43467058958832 0.278093422789217 1.61953842424521 -0.0133087810921956 0.689450647272424 -0.0326912191176035 0.723472159460252
1461161217.85056 -3.38337823038837 0.278349741966589 1.63138936851252 -0.0296893517862172 0.705886631761675 -0.0336393590548311 0.706902397091036
1461161217.95103 -3.33815454736545 0.279839830809826 1.64301492397294 -0.0409697178224031 0.711502894912026 -0.0242356000344984 0.701069004053329
1461161218.07066 -3.28239454105313 0.278770950695796 1.65588980144593 -0.0373907105425984 0.712022241237362 -0.0239780324694888 0.700750538142737
1461161218.17068 -3.23382469916809 0.280738049369221 1.66256360129625 -0.0370734937212285 0.714206366964873 -0.0220624597915481 0.698604372530036
1461161218.27056 -3.18456525875506 0.281725409339686 1.66865849134077 -0.0296350097625009 0.712731861844135 -0.0301198871802028 0.700162732302156
1461161218.35083 -3.14508277495044 0.283633030897958 1.67692785882276 -0.0374929903815332 0.695700750561665 -0.0351508970047679 0.716490862314341
1461161218.43248 -3.10661620928686 0.285318609974781 1.6843586621074 -0.0415591965361606 0.686685619883777 -0.0275953269669928 0.72524078109114
1461161218.5106 -3.06718473148474 0.285695302290156 1.69376488231848 -0.0527262876618071 0.671355269788587 -0.0199977871820218 0.738987231841201
1461161218.59094 -3.02854424713301 0.284443567183645 1.70231545216401 -0.0682482159478461 0.658467949909378 -0.0208264041137845 0.749218526768904
1461161218.67052 -2.98589287558227 0.283153194850474 1.70939933942214 -0.0530395209809194 0.656196490709421 -0.0129183822986499 0.752612842166237
1461161218.75063 -2.94382803579241 0.283199567243953 1.71645653994354 -0.0492153119350105 0.651743459577875 -0.0183082317340805 0.756619537561233
1461161218.83358 -2.89913468508134 0.28415750924155 1.72496755560786 -0.0492378271007226 0.644757950698715 -0.0338097548677708 0.762049684645938
1461161218.91059 -2.8534008695315 0.286204550792017 1.72942323617654 -0.0530777451778443 0.649209565160354 -0.03906580908081 0.757749005959098
1461161218.97052 -2.82019425841465 0.284457672015899 1.7308945051117 -0.0540869771127583 0.657759964279167 -0.0507557901450002 0.749566726892963
1461161219.05075 -2.77676739509023 0.282896381866482 1.73918728700537 -0.0682705055534326 0.643878010781884 -0.049028380902194 0.7604975102978
1461161219.13733 -2.73341440647146 0.277463765894042 1.7450399844659 -0.0551791138234878 0.641525707977909 -0.0409970844805118 0.764015229210253
1461161219.21067 -2.69005812331466 0.27462677846621 1.75190753642422 -0.0670965993011928 0.634550475260717 -0.0391261454208416 0.768968715523019
1461161219.31143 -2.6322781434531 0.272237864677973 1.7600254746804 -0.052046899508427 0.63489605576282 -0.0379961842084564 0.769905454334473
1461161219.41067 -2.5743544265774 0.273764846660489 1.76773205236136 -0.048268774097322 0.633561134147993 -0.0395605683247176 0.771171431121561
1461161219.49065 -2.52800232664861 0.274309120196008 1.77602268410369 -0.0424476761860675 0.627050661144846 -0.0374833140165737 0.776917411514602
1461161219.5706 -2.4832287252593 0.27368237077298 1.78360282228819 -0.0401774432900963 0.6261902483625 -0.033038361730602 0.777933167155469
1461161219.71064 -2.41022295028394 0.269654763202442 1.79981941138906 -0.056645875232504 0.612705207159225 -0.0185065838667195 0.788061596763031
1461161219.8708 -2.32373809567741 0.260886887070073 1.81692203172931 -0.0454085297328167 0.612718666800677 -0.0190910827023306 0.788764496756008
1461161219.99055 -2.25605692262802 0.257523357418702 1.83093498200261 -0.037593029866255 0.610305031606051 -0.0318092700030356 0.790634367355535
1461161220.13241 -2.17706358693709 0.258559942455265 1.84361200090551 -0.0422946121012235 0.616569526164367 -0.0395838087118763 0.785166420117746
1461161220.2505 -2.11212764972434 0.258213700338168 1.85692294789867 -0.0529055305165957 0.619103082668047 -0.0361284642336677 0.782692220444151
1461161220.3508 -2.06016831885883 0.258251419861071 1.86955197265876 -0.0716452595437312 0.610105925755462 -0.029631080977696 0.788517415903463
1461161220.45044 -2.00799727299073 0.25722569451339 1.8793318550721 -0.0681063066123863 0.605464289837483 -0.0266466816622816 0.79250519183637
1461161220.55048 -1.95572437409669 0.259707171961284 1.88610123736183 -0.0722034015757252 0.602445984404378 -0.0260899435334241 0.794458821791512
1461161220.67045 -1.89460328483046 0.264091133539703 1.89169492358773 -0.0774706285631471 0.597129072757147 -0.0229393685100177 0.798065760166781
1461161220.83216 -1.8182885673414 0.261384262928152 1.90257914324722 -0.0701903496396646 0.593413059642221 -0.00410393562244959 0.801821310003623
1461161220.99173 -1.74145731644642 0.256037303679572 1.91742660212867 -0.0717678351137836 0.602212463091856 0.00580727018435687 0.795082261626384
1461161221.11189 -1.68184686471309 0.255022414322518 1.92698433838235 -0.0646235125231092 0.61215859275137 0.00677082466551614 0.788060793900564
1461161221.23292 -1.62036479225095 0.253690150444159 1.93527357029025 -0.0572929246089471 0.628183790923961 -0.00192667519633518 0.775950342182309
1461161221.29119 -1.58980605483984 0.25295455451573 1.93955461773667 -0.0689918315313287 0.635569842788859 -0.0108101274720449 0.768878562104144
1461161221.3706 -1.54919418452956 0.24667747665317 1.94340018604279 -0.0607469260856208 0.655033436496228 -0.0182520780153677 0.752932845406023
1461161221.43226 -1.51944314444456 0.241735925899656 1.94650624208619 -0.0637435004006514 0.661300708735053 -0.0172718597910415 0.747208017651409
1461161221.4905 -1.48870955368921 0.233997195869711 1.94988532296428 -0.0506292805694783 0.671535013263334 -0.0194858334002194 0.738984238131728
1461161221.61044 -1.42729185407027 0.218893288645843 1.95652121528087 -0.042273592470508 0.682710122363012 -0.0306880558961861 0.728819645336232
1461161221.71039 -1.37582784387761 0.210887037879221 1.9628696937561 -0.0370731059348885 0.688581481128095 -0.0385995283287027 0.723181308577995
1461161221.81043 -1.32282470872715 0.202808006332781 1.96886088493477 -0.0215390012682972 0.69430403836044 -0.051358412405774 0.717523718922174
1461161221.91047 -1.27104325521665 0.197118712998697 1.9742664820586 -0.0113241715321961 0.699816378284199 -0.0608838173284779 0.711633304878157
1461161222.01052 -1.21933625002182 0.194549762783477 1.98068935289339 -0.020309070177985 0.699151606470647 -0.0641010389781266 0.711804488353329
1461161222.09047 -1.17881794168245 0.188940383223571 1.98137849339666 -0.0200852525423814 0.711592529311037 -0.0662544519887247 0.699173084758491
1461161222.19054 -1.12996530214557 0.179984887664144 1.98067977511814 -0.0119831825648864 0.723214729004487 -0.0704652378080379 0.686914484741179
1461161222.27042 -1.09172780008168 0.173493965930265 1.98169030800681 0.000684033098585115 0.723170855125227 -0.0788354255110563 0.68615480912157
1461161222.35041 -1.05255625713498 0.170431720161762 1.9767671692624 0.00104493670653367 0.736623348198896 -0.0916294713593921 0.670066407883521
1461161222.43242 -1.01264985920809 0.171015044543604 1.97188345501012 -0.000748802112495854 0.746730967897274 -0.101899699453481 0.657273726943263
1461161222.51044 -0.974026663022225 0.173434770657334 1.96711437163699 -0.0147095187592212 0.757540556847431 -0.107236010778114 0.643751794390938
1461161222.59041 -0.936382310296654 0.173970487455888 1.9642306976301 -0.0251570424655741 0.767130945914888 -0.108664601636789 0.631719272608674
1461161222.67045 -0.897766345954242 0.170308291316087 1.96602973697702 -0.0250876834688908 0.763380822212681 -0.115311000185864 0.635077713080999
1461161222.77041 -0.851288447759924 0.166718607755454 1.96308626065813 -0.0312218415147998 0.774199288375674 -0.10796805023157 0.622883262433835
1461161222.87042 -0.806326131910769 0.161374321572091 1.95876020064523 -0.0242686438923321 0.786639627801607 -0.11058953092138 0.606942406284455
1461161222.97038 -0.762227726235274 0.15912024904012 1.95296024113886 -0.0162237335836541 0.799368803640423 -0.117988609835399 0.588918495366036
1461161223.09045 -0.70846040515708 0.16107240323707 1.94825797508922 -0.0191784928731295 0.802104697449013 -0.126590764652357 0.583296680983249
1461161223.19041 -0.66618570249905 0.161892310201187 1.94268274149042 -0.0178721685183666 0.807335097481084 -0.129086952851463 0.575523400541788
1461161223.29037 -0.625353224345396 0.161541560722786 1.93712493200727 -0.0202010513031846 0.816474019459527 -0.119042810111926 0.564615712174666
1461161223.41039 -0.576483571313549 0.155241153959262 1.93532300300156 -0.0129391339646781 0.8210338682504 -0.116830381821466 0.55864714076193
1461161223.49029 -0.54343768348225 0.149794577197871 1.93702372922489 -0.0108383431952534 0.81920893596827 -0.123900610274798 0.559846307766739
1461161223.57039 -0.510609516166583 0.145202794555605 1.9380718814468 -0.00810514187567885 0.818867990166264 -0.134314666169779 0.557986641245056
1461161223.65044 -0.478803758961129 0.142232550753856 1.93634360697393 -0.00329590576264819 0.828245755981163 -0.141189199873289 0.542276418944744
1461161223.73228 -0.447814490356882 0.139561633634812 1.93529960025117 -0.000498605250227396 0.837498078473178 -0.14863506185628 0.52583679819267
1461161223.83219 -0.410734297415688 0.137933014413954 1.9327933816607 -0.00761388366289386 0.849869469289932 -0.149254220783043 0.505358379294203
1461161223.95041 -0.369999194072749 0.133568019020096 1.92668743917947 -0.0126498538649677 0.86557295844314 -0.148720625201302 0.478022604537608
1461161224.0704 -0.334338932703282 0.129566712078451 1.91441744024314 -0.00824393316800272 0.880632794007997 -0.148622812166524 0.449810159275337
1461161224.1704 -0.309523647749022 0.129700162809007 1.89866796040536 -0.00626429846321862 0.897499271178934 -0.149737216023531 0.414770518402127
1461161224.29039 -0.279983028191116 0.132138161551684 1.8777209004816 -0.00808151320100071 0.911723330461629 -0.147700484972955 0.383249037278753
1461161224.43204 -0.247331102107346 0.133759679942105 1.85448594785419 -0.000606072245496003 0.923247863271428 -0.135694647149422 0.359443985032674
1461161224.53213 -0.230215950338745 0.134485288920304 1.83785703063233 -0.00269242225710272 0.938388412259477 -0.118769333564956 0.324520852957194
1461161224.63028 -0.215660153047268 0.13210236156576 1.81942112691005 0.0107147453581658 0.954523436207051 -0.109244204490651 0.277192907103697
1461161224.73217 -0.199087220606769 0.128951794843527 1.80026637595491 0.0205106460008869 0.965235341522217 -0.105408583545004 0.238304593728597
1461161224.83031 -0.181740996978171 0.129712042404335 1.77986501835575 0.0184076969026048 0.975486897133258 -0.0960628994675769 0.197125314361076
1461161224.91032 -0.167888037986466 0.133268401843546 1.76338542503587 0.0109538236682511 0.983924374016045 -0.0812822093707781 0.158638086233993
1461161224.99026 -0.155478098405893 0.134776381442745 1.74783834829091 0.00635182148952981 0.990303188205971 -0.0706855230337899 0.119426992871354
1461161225.09026 -0.141620919280678 0.133599153835286 1.73007232586161 0.0147706437542556 0.994372853570596 -0.0700821678833842 0.0780573245103885
1461161225.19029 -0.130488084595914 0.136917761644162 1.71193240435165 0.0136948410739985 0.997815453487875 -0.0510092304266745 0.0396841343614993
1461161225.31025 -0.122937259565271 0.140685539601734 1.68920479075052 0.00871318808102198 0.999496864221119 -0.0297163783814136 -0.00685825207376253
1461161225.43207 -0.119865390021582 0.139008546479005 1.66695709084953 0.00805508466391856 0.998096183521507 -0.0348462353221889 -0.0502480241873194
1461161225.551 -0.117339509714967 0.141271207274546 1.64401125339385 0.0119703336458563 0.996160226916847 -0.0300809193574289 -0.0813428036890494
1461161225.6909 -0.113321811099367 0.141810722838755 1.61971394717882 0.0178328746978471 0.993591952415493 -0.0330351661693719 -0.106610029881533
1461161225.8319 -0.10855376150376 0.143619752311565 1.59634075264833 0.0246000458976159 0.991953433829358 -0.0198212506530626 -0.122598290683557
1461161225.95015 -0.107925827724219 0.147449192380211 1.57576314598346 0.0276434334680436 0.988939365825534 -0.000190760699572159 -0.145721429162094
1461161226.09018 -0.107813528750617 0.149636589312459 1.55187619473747 0.0290312859094197 0.984776241318624 0.0119247266212239 -0.170969996981396
1461161226.21018 -0.109218920704966 0.154069986922995 1.53047426975153 0.0303794068426542 0.979945932046409 0.02878399768813 -0.19481925824382
1461161226.2902 -0.111882208602599 0.157256062647998 1.51682373269154 0.0316648760357437 0.975373565213609 0.0412534243645409 -0.214340614178308
1461161226.39018 -0.116210240217233 0.15993805133166 1.50038341317318 0.033963546273976 0.969080564403461 0.0499725143369999 -0.239232282584945
1461161226.51019 -0.121972243002341 0.163353509758693 1.48153656219708 0.0373215582874495 0.960862226519543 0.0610895942675444 -0.267617160150708
1461161226.63196 -0.128823195881736 0.167875651909313 1.46424325750185 0.0419809372460158 0.953848358824939 0.0751604290094843 -0.287683539998428
1461161226.73198 -0.135953527439815 0.175595703964276 1.45105468735143 0.0466457193171288 0.946950349766668 0.0980919029645995 -0.302468495084952
1461161226.85007 -0.144646103178238 0.184516324116851 1.43538515094031 0.0491563944225051 0.939885649491865 0.116920339062917 -0.317061901022573
1461161226.97014 -0.155352989652622 0.193281424447567 1.41931013768756 0.0575924028173421 0.931747018912995 0.133972908224566 -0.332538520695459
1461161227.13281 -0.170720683780956 0.19952317684976 1.39783971403403 0.0781159187218021 0.919883454637404 0.147216767969136 -0.355020501316932
1461161227.27023 -0.185380575552211 0.202018537741503 1.38017175333428 0.100194539609352 0.906394597085763 0.151379357107869 -0.381436991976152
1461161227.47017 -0.205934260006558 0.206353297236194 1.36143694289248 0.132045614597362 0.887868974366963 0.153378587440009 -0.413192024290244
1461161227.73022 -0.224162812606305 0.217478793736709 1.3383948764855 0.162590732309173 0.869259165325444 0.175952907937086 -0.43242725567818
1461161227.9501 -0.241376523405103 0.229728797325796 1.31771598389315 0.176438554043371 0.849930767862963 0.19762377305784 -0.455447001098198
1461161228.15015 -0.258723169546887 0.242186578414496 1.28610029822827 0.177864695937164 0.847876781446888 0.212123730795853 -0.452186506052199
1461161228.31011 -0.274284697379726 0.248097931662691 1.25372397275467 0.170492290912312 0.848086224594725 0.220753408301837 -0.45049979702022
1461161228.47011 -0.290440211948672 0.247788828237865 1.22007937541352 0.168392016838114 0.850407676929324 0.224537293702148 -0.445010017215095
1461161228.57008 -0.299204962132701 0.239245145807014 1.19304304287332 0.166437374618161 0.86200740818881 0.206307814065507 -0.432063553673919
1461161228.67007 -0.308827056957864 0.225243454229117 1.16440739174711 0.14852264440073 0.87655708852294 0.185524355867773 -0.41853244562429
1461161228.77015 -0.319041245375997 0.212303748886087 1.13174534517866 0.139727699502605 0.893296651411233 0.160869545693848 -0.395750239213374
1461161228.87005 -0.332800310768767 0.202869072197195 1.09841633608163 0.129404628888523 0.905488730123161 0.139057079173312 -0.379483504745537
1461161228.96998 -0.349472185498785 0.198864044760055 1.06301539401451 0.119660326367269 0.915635011583579 0.124437477317631 -0.363055431160095
1461161229.04998 -0.362229376686187 0.195479569633212 1.03082090153214 0.115194095893318 0.928471818424055 0.114379638305329 -0.33404745322303
1461161229.15088 -0.377728323780337 0.187704147595522 0.99145897099003 0.103267805992768 0.938821031522642 0.106785330113328 -0.310721296805981
1461161229.22998 -0.385147203027134 0.17820670901724 0.958678170088758 0.0992004112674671 0.950751459413523 0.0964436921489851 -0.277361776515966
1461161229.33043 -0.392340261299105 0.163083128787955 0.920222907823742 0.0909795649124119 0.962545340773612 0.0825079856778681 -0.241705643340696
1461161229.41001 -0.396222355095034 0.147492670611967 0.889332288406384 0.0820358029109714 0.973211586931563 0.0639799128411673 -0.205026595483948
1461161229.50991 -0.403721793859794 0.132738095316986 0.851438953825867 0.0868260972119309 0.979118155277927 0.0532147724042738 -0.175946170308011
1461161229.63165 -0.413513805317535 0.128649772903292 0.801326571007112 0.086066734010498 0.98478997329885 0.0624696895854754 -0.137400013354838
1461161229.73488 -0.420166576945213 0.130950189836593 0.757687083029482 0.0727048904988037 0.98897313022827 0.0743721894644887 -0.105427339994482
1461161229.84999 -0.430067376306562 0.129619920742702 0.703014605250325 0.0554120246116023 0.992823799691065 0.0705178060169063 -0.0791053053214564
1461161229.97003 -0.441988408069312 0.12288023761375 0.65217331723468 0.0489911236425511 0.995243254781576 0.0546793207425488 -0.0640383127443988
1461161230.11004 -0.454451532894929 0.11602041272683 0.595684450502001 0.051154513030428 0.996302225588541 0.0550310666698356 -0.0416734062097057
1461161230.25004 -0.466351764357741 0.110045257366071 0.539811848676878 0.0634404833200921 0.995865311098358 0.0632114509189992 -0.0152282533403792
1461161230.35017 -0.474110904525597 0.106000948155655 0.4990122100694 0.0747227099852641 0.995374550462631 0.058727262006825 0.0140402849314259
1461161230.45045 -0.480015134801635 0.100305053729376 0.460210616276939 0.0736642924219582 0.994516063595198 0.0563491093025182 0.0483337268777911
1461161230.5499 -0.491914677106212 0.0877875037135473 0.423281682947601 0.0659601445808525 0.993679517447107 0.0442726558758638 0.0793108307525143
1461161230.64993 -0.503594338094352 0.0656402853507531 0.393760997879036 0.0691532911012049 0.990593475798274 0.023125149390503 0.115791258311814
1461161230.77024 -0.522177596897872 0.0351485959010227 0.36161156719329 0.0669349494307814 0.987764924618322 0.00895072668128507 0.140570447571089
1461161230.88999 -0.543411366196697 0.00196678822978861 0.331092076657807 0.0817895091834236 0.983320875627085 -0.012186277102579 0.161993908508611
1461161231.01028 -0.573355359634483 -0.0267751122993525 0.299493137176999 0.0887397340512296 0.978391053558997 -0.0378438725255532 0.1828771369759
1461161231.1305 -0.612486584336232 -0.0495620266719861 0.268777836331532 0.0965453507175769 0.973565622665979 -0.0637209638236746 0.196948247992224
1461161231.23173 -0.654016091105665 -0.066328848492191 0.242955446542398 0.103518439593151 0.971872119618023 -0.0892271759426065 0.191799444333601
1461161231.32991 -0.698837440421942 -0.0865393236185155 0.218747037854778 0.103377142312217 0.97039695042016 -0.111583753422774 0.187595285214471
1461161231.45038 -0.750092351241024 -0.106493999629118 0.191728340348138 0.114047886291651 0.966852458283984 -0.122646642400398 0.192736101056686
1461161231.54992 -0.799366639205564 -0.123510023609127 0.17167248525183 0.119588922158704 0.966886769027241 -0.132326117160387 0.182532912906789
1461161231.64999 -0.855357308710369 -0.140810535505414 0.152659307567907 0.128271019649374 0.966723537537009 -0.142213970607901 0.169609357212321
1461161231.74989 -0.916617119720103 -0.154435834834555 0.141449976581529 0.129423881746003 0.964398160451781 -0.165042651533298 0.161079390754606
1461161231.83061 -0.970406458542197 -0.164233964363152 0.134755513798458 0.125332299396049 0.964045771474831 -0.178023595712693 0.152365234220676
1461161231.91019 -1.03127866185216 -0.173294521338011 0.129462118237742 0.139399020718893 0.96307307510905 -0.188881054862798 0.131841238376039
1461161231.99 -1.08822420210624 -0.185971672125846 0.124240301550773 0.139718204215852 0.962843694194142 -0.199057419581688 0.117418004031559
1461161232.06986 -1.14059249775572 -0.202515494448786 0.117568291838217 0.132001519017185 0.962728521931499 -0.206985807139988 0.113517697648226
1461161232.16995 -1.20476160110057 -0.213069165251646 0.111444817446769 0.138017141645155 0.962812810114408 -0.206866492073791 0.105588899742269
1461161232.24989 -1.25234324128809 -0.222958706907937 0.107127684654168 0.126990576534195 0.962922645883315 -0.216826186711637 0.0981823623299004
1461161232.3302 -1.29941318868885 -0.221388203815948 0.101903402989116 0.124813260010964 0.96369482518664 -0.218621377210406 0.0889866701284637
1461161232.40988 -1.34655581989487 -0.213906284136214 0.0981326132644687 0.118772552748058 0.964101075638409 -0.225236184680434 0.0753050979494325
1461161232.48983 -1.39440418808146 -0.203861990344952 0.0935968618620898 0.115041567952853 0.965047379131333 -0.228123700665246 0.0583829672891557
1461161232.57013 -1.44198833441852 -0.187281326485119 0.0877709183967127 0.129725110179257 0.965963963421974 -0.220056301683476 0.0407460580729257
1461161232.66987 -1.49182242523017 -0.170892261357903 0.0838537279874116 0.134419346966844 0.967293947603178 -0.213299283655303 0.0278796284660077
1461161232.76983 -1.53559642850519 -0.152122878706528 0.0834612167818771 0.12096648817422 0.971767186943439 -0.202261205467604 0.011227104774771
1461161232.86977 -1.57296323310191 -0.127520187696762 0.0852585348307908 0.12252469386161 0.975139126692198 -0.184422726989429 0.00892416706915896
1461161232.98988 -1.60896741763824 -0.0985875574652671 0.0957084472856951 0.104944548020841 0.978880686885765 -0.175145056102016 -0.0101711359137536
1461161233.13031 -1.63774009888647 -0.0523820402526695 0.115577802600043 0.08062247188933 0.984340086413911 -0.156759418962132 0.00104683893835853
1461161233.23244 -1.64570549961105 -0.0156786372194984 0.133664652702789 0.0742000934258923 0.989595383162276 -0.12139367200737 0.0214219550009794
1461161233.33167 -1.64512165355396 0.0186127132657376 0.157200915898138 0.0555760567918387 0.993247517658251 -0.093431285201732 0.0405125353778848
1461161233.43222 -1.63817956346613 0.0511882962813375 0.186643910914379 0.0386717676251679 0.994721324067826 -0.0677075084154274 0.0667058853300941
1461161233.55034 -1.62587620923878 0.0877184724349226 0.227583745537698 0.0262614848169756 0.99514298972804 -0.0452869204015696 0.0833658158413119
1461161233.68982 -1.59957332946048 0.123026625308414 0.284969781538918 0.0157267769579822 0.994147024018358 -0.0255636558365536 0.103782766499195
1461161233.78975 -1.56728635553378 0.141221290280826 0.335330355676195 -0.0166180656876774 0.990419296048117 -0.0127808000834442 0.136492157494779
1461161233.88981 -1.52807269686438 0.149795202850579 0.389683540469775 -0.013710383412626 0.98525586512005 -0.00605508846943826 0.170429579407003
1461161233.96983 -1.49111800424386 0.152665565074114 0.434163227658376 0.000817012158679026 0.978714031623976 -0.003076293987589 0.205204076978938
1461161234.05205 -1.44970252444432 0.149695233218957 0.479207120867112 0.0124048458589118 0.968930922769853 -0.0105360744468382 0.246795416964797
1461161234.12991 -1.4039761677736 0.148228337858871 0.520579916361437 0.0125316174662001 0.955915517592005 -0.00848216713316916 0.293251657508042
1461161234.18985 -1.36711468745499 0.147121761721011 0.549999912804368 0.0204839269507526 0.940816492831226 -0.00173433783283778 0.338292370037679
1461161234.26968 -1.31946050731601 0.145449936938746 0.584906305804871 0.00629691154836679 0.925978748763195 -0.00498559982612577 0.37749019793668
1461161234.33161 -1.28248600851749 0.143289524682006 0.609677620900015 0.00345893880818573 0.910867388859888 -0.00322531862232306 0.41267206468778
1461161234.40983 -1.23270813942205 0.140286941247333 0.638616650841549 -0.00564070957184579 0.897611236576861 -0.0108292968577279 0.440618856491698
1461161234.48966 -1.18606002527204 0.134931609510072 0.664873513835288 0.0125011773559127 0.885310591752491 -0.00684052283663386 0.464781759477382
1461161234.56981 -1.13805932213973 0.125569185613823 0.687000084741942 0.0242013694588635 0.875649149766066 -0.0132946534423483 0.482157767146947
1461161234.66975 -1.07924395869193 0.111057127338011 0.70990370205923 0.0448989745892411 0.8612048818268 -0.0174686551717991 0.505969445406549
1461161234.76969 -1.02349130779221 0.0950503736517203 0.725877510755157 0.0600934135069564 0.848955764514443 -0.0365547573407845 0.523762008231348
1461161234.88982 -0.953672821171783 0.0926324218340816 0.735814859944315 0.0430290447203443 0.840828180212253 -0.0153646008782424 0.539370375262916
1461161235.02974 -0.869129425851783 0.097175627729503 0.733335393967523 0.0368067249613887 0.841534150030514 0.00351894377782199 0.538937061598778
1461161235.16966 -0.790288504794592 0.0940058943489153 0.720636991980736 0.041841744642194 0.850028929415615 -0.0119776038432938 0.524934876501851
1461161235.26986 -0.740498599413541 0.0888200350724062 0.704010973386851 0.0379852755752229 0.867503990066468 -0.0247384577104775 0.495360429150672
1461161235.38968 -0.679903862007428 0.0849703498257665 0.684656483925101 0.0296060850815694 0.876525292129343 -0.0114556326153295 0.480307880910875
1461161235.50966 -0.6202568204402 0.0840019607541132 0.66035128338818 0.0199008399839799 0.885947641280788 -0.00885920504151748 0.46327340519716
1461161235.6098 -0.571545262666995 0.0869239142940898 0.633733472625746 0.013551257910291 0.897931558092268 -0.00828702704392094 0.439848389304558
1461161235.7317 -0.509885338237214 0.0901023481785687 0.599019147257179 0.034596405690935 0.908750353891179 -0.00322265295579568 0.415891208759998
1461161235.82959 -0.460289468944105 0.0868354207705918 0.568601313025206 0.041809780926774 0.921590761380318 -0.0111030660539491 0.385744906228848
1461161235.94963 -0.40037686945002 0.0803755290766939 0.537613730409828 0.0382742970389288 0.925478509322706 -0.00260653880161257 0.376852508182544
1461161236.06958 -0.343783146867874 0.0686089167107091 0.507373100675744 0.0375263178722864 0.927951996202002 -0.00337319790101965 0.370790358218208
1461161236.18958 -0.285742838644955 0.0630271871941977 0.469919114521553 0.0421017287348089 0.931765192493607 -0.0107696254367697 0.360451225081624
1461161236.28965 -0.236900588775316 0.0636710495684131 0.433431303912084 0.0402576130385611 0.939190881956946 -0.0187968179343952 0.340509165040992
1461161236.38968 -0.191924415991138 0.0620813734566422 0.395711263006501 0.0234666258644301 0.946901341924065 -0.0345411590530754 0.318800995080338
1461161236.49032 -0.150962300246454 0.0587797959959755 0.35715570479971 0.0084854922383844 0.954113421321607 -0.0381558371881316 0.296883323485713
1461161236.56959 -0.121580855153793 0.0562661425915119 0.326450413710338 0.014758334996704 0.961076720483114 -0.0210660359158576 0.27508171699395
1461161236.66961 -0.0830737377643847 0.0519017182255766 0.290341143108559 0.0124380244842312 0.961623722714271 -0.0127091758596504 0.273794792333682
1461161236.76961 -0.0472354604688153 0.0513002761741054 0.252079387905123 0.00779558114498949 0.96228788217023 -0.00911252453370117 0.271768693266109
1461161236.86961 -0.0168855089230536 0.0544207980056347 0.20929046054477 0.00889148283651275 0.969655396072305 -0.00713165693689549 0.244209938106874
1461161236.96964 0.0169724051387933 0.0557938596635307 0.170542112880348 0.0079677822324852 0.969010728112099 -0.0115078021098438 0.246621762503952
1461161237.0697 0.0449249015706411 0.0545802299051394 0.136679249766213 0.00143994507645276 0.970808200310071 -0.00458550448824367 0.239808961295208
1461161237.16963 0.0734072311883842 0.043071659476033 0.109018772542618 0.0139620383124653 0.970136679218641 -0.0189646109858631 0.241412983600599
1461161237.26972 0.10335715755425 0.0383582843149092 0.0826168772616553 0.0178015431971841 0.969347691621628 -0.0110225720121524 0.244799225313024
1461161237.36966 0.132243775619814 0.0385771317716365 0.0534209476848866 0.0226140102207778 0.971168976523862 -0.00989215100151733 0.237110883191584
1461161237.46979 0.162203191100586 0.0410218605046751 0.0248265875661267 0.0146659137598366 0.97257568817357 -0.025707669800958 0.230695811536968
1461161237.56967 0.194404534805528 0.0464490269984603 -0.00148311503880426 -0.0102359536278878 0.969187951257709 -0.0324931922483277 0.243955186146401
1461161237.66991 0.217400861813191 0.054202681499951 -0.0286820736002106 -0.0192119770744759 0.973728136690587 -0.00743611178347673 0.226779893278728
1461161237.78972 0.243407989622262 0.0563726787150966 -0.0560948786356928 -0.0189414556931357 0.973495014210859 0.0137913348895268 0.227504895869936
1461161237.88971 0.265661072580344 0.0536840243055645 -0.0761116796023918 -0.0259879206035598 0.96830205107572 0.00811608183785562 0.248293969078708
1461161238.00978 0.286754821892045 0.0515941190397836 -0.10023641693583 -0.0294204821504853 0.965480512708562 -0.000193166404954132 0.258808379881305
1461161238.10969 0.307112292499122 0.0480082480510829 -0.115278535924004 -0.0364336903106264 0.95885674358379 -0.0136302454826842 0.281212638233635
1461161238.18956 0.326051594343911 0.0435127326363704 -0.121084798421385 -0.0336188821486742 0.946794477617039 -0.0276138442477601 0.318884718233427
1461161238.26965 0.344071043525261 0.038607377178454 -0.121921831460028 -0.0180363996550493 0.933470584164724 -0.0385319494412663 0.356121672548734
1461161238.33383 0.359531301985401 0.0361660343468906 -0.117882366904947 -0.0211521376973904 0.916456865821566 -0.0381563918774171 0.397748023148124
1461161238.38957 0.374096140099492 0.0327459041465093 -0.112658734921792 -0.0134109849508504 0.897474416901046 -0.0408196868397031 0.438968757039819
1461161238.47027 0.39075576430227 0.0292878826455372 -0.106640357710035 -0.00608792105669393 0.870627211980758 -0.0359875615214367 0.490587495143894
1461161238.54983 0.403549119034713 0.0271110666050732 -0.103510695069725 -0.0011252521462685 0.844663151959772 -0.0313249733717203 0.534379677357074
1461161238.65001 0.415852167502238 0.0293240299867825 -0.105555245309165 -0.00899013590708134 0.818424601815076 -0.0319796153671592 0.573652902721825
1461161238.73199 0.422953722040807 0.0340383529365204 -0.107543870383515 -0.0144162761753418 0.791330948966477 -0.0299536702700071 0.610483642554333
1461161238.8695 0.431881792533501 0.0449112989577917 -0.116530390721998 -0.0370272965675387 0.762112617358349 -0.0510563892609208 0.644365255804302
1461161238.96956 0.436266496679975 0.0553807529600567 -0.119686389293768 -0.0443504210399832 0.72732734033595 -0.0400619163173079 0.683683423094633
1461161239.07002 0.438773609520407 0.066995627217474 -0.122848317097562 -0.0483781744963978 0.68957471614874 -0.0177894122225756 0.722377878878884
1461161239.18957 0.441125291456344 0.0793560156744464 -0.130874728818473 -0.0589534590771958 0.662079544949309 0.0144834163418815 0.746970813669194
1461161239.3313 0.441817891368352 0.0888076465642539 -0.137655953581904 -0.0700104185697734 0.62514792273592 0.0198133136262584 0.777107488442749
1461161239.44971 0.440475461198237 0.0964330199100054 -0.141829675576943 -0.0686382981470776 0.586885079983015 0.0193653516710118 0.80652319872119
1461161239.56936 0.438371107937486 0.105186118711153 -0.146910874953258 -0.0657850655964327 0.549650665993985 0.0139887310659724 0.832682884368356
1461161239.6695 0.436573315981375 0.114128142193852 -0.150220865636423 -0.0682463578886193 0.516331035872345 0.00168219895348328 0.853663789929391
1461161239.78941 0.436821335472238 0.127246776988048 -0.156270003978947 -0.0679196466199823 0.493313108651025 0.0178737052351016 0.867011896744933
1461161239.90962 0.435897967020939 0.137857351773233 -0.161174458284 -0.076574239769948 0.468141978354611 0.0231961926419318 0.880023528408646
1461161240.40984 0.441163893229246 0.13716240833321 -0.167318309484245 -0.0340938032290567 0.458825610793703 0.0083287554857734 0.887832925326168
