0.000000 0.0000067 0.0000008 -0.0000358 -0.0000006 0.0000412 0.0000023 1.0000000
0.519499 -0.0041790 -0.0002153 0.0436092 0.0018174 -0.0211895 -0.0011244 0.9997732
0.623377 -0.0061089 -0.0002328 0.0545380 0.0022319 -0.0279047 -0.0010549 0.9996076
0.830874 -0.0106749 -0.0005314 0.0793611 0.0021885 -0.0454219 -0.0003723 0.9989654
0.934622 -0.0136037 -0.0006451 0.0932614 0.0023111 -0.0554964 0.0002459 0.9984562
1.453253 -0.0407260 -0.0026990 0.1685398 0.0052203 -0.1200426 -0.0059232 0.9927374
1.660772 -0.0562344 -0.0033277 0.2017943 0.0049713 -0.1522800 -0.0079766 0.9882927
1.868002 -0.0742880 -0.0038060 0.2342058 0.0048471 -0.1873576 -0.0103765 0.9822250
2.282875 -0.1193347 -0.0040047 0.2990352 0.0049697 -0.2647061 -0.0078365 0.9642845
2.490144 -0.1502521 -0.0049183 0.3301291 0.0027229 -0.3115146 -0.0112107 0.9501714
2.904641 -0.2286118 -0.0054917 0.3898546 0.0001607 -0.4154182 -0.0079874 0.9095954
3.112001 -0.2771025 -0.0053990 0.4154801 -0.0027298 -0.4679585 -0.0067821 0.8837202
3.319374 -0.3330573 -0.0048796 0.4375946 -0.0048939 -0.5205165 -0.0067682 0.8538107
3.526893 -0.3954542 -0.0039838 0.4541669 -0.0068115 -0.5709373 -0.0078715 0.8209277
3.734395 -0.4661662 -0.0041134 0.4667723 -0.0113709 -0.6167693 -0.0076996 0.7870241
3.942122 -0.5434062 -0.0033262 0.4721549 -0.0115153 -0.6554375 -0.0083208 0.7551157
4.150266 -0.6271173 -0.0013186 0.4722638 -0.0095173 -0.6854327 -0.0091399 0.7280164
4.358512 -0.7186753 0.0001666 0.4686171 -0.0078758 -0.7090661 -0.0068334 0.7050649
4.566885 -0.8160132 0.0018778 0.4607581 -0.0057826 -0.7256181 -0.0058789 0.6880482
4.775500 -0.9198059 0.0035611 0.4505705 -0.0059866 -0.7356538 -0.0053270 0.6773103
4.984250 -1.0297061 0.0042594 0.4382246 -0.0060226 -0.7411754 -0.0070203 0.6712477
5.192878 -1.1456525 0.0056115 0.4249917 -0.0072413 -0.7430812 -0.0070439 0.6691251
5.401501 -1.2680376 0.0071980 0.4124321 -0.0093328 -0.7422503 -0.0080711 0.6700091
5.610008 -1.3948545 0.0085879 0.3986747 -0.0071513 -0.7410990 -0.0086025 0.6713026
5.818377 -1.5288162 0.0112720 0.3856964 -0.0080024 -0.7401278 -0.0094592 0.6723521
6.026772 -1.6685430 0.0127658 0.3717923 -0.0092467 -0.7388249 -0.0122794 0.6737221
6.235023 -1.8127210 0.0155212 0.3574040 -0.0065465 -0.7375709 -0.0125105 0.6751220
6.443143 -1.9615257 0.0184651 0.3441105 -0.0077806 -0.7365600 -0.0123318 0.6762151
6.651280 -2.1135609 0.0207938 0.3306067 -0.0101584 -0.7356761 -0.0127271 0.6771377
6.859377 -2.2664704 0.0226814 0.3177623 -0.0067065 -0.7354478 -0.0078851 0.6775023
7.171256 -2.5029054 0.0245928 0.2974876 -0.0095214 -0.7357059 -0.0076423 0.6771911
7.483251 -2.7432423 0.0279166 0.2759480 -0.0122121 -0.7360241 -0.0141443 0.6766974
7.795131 -2.9818616 0.0314384 0.2538265 -0.0099745 -0.7362397 -0.0130558 0.6765213
8.107005 -3.2182128 0.0350980 0.2337685 -0.0075862 -0.7361954 -0.0124111 0.6766127
8.418880 -3.4544647 0.0370654 0.2131072 -0.0071178 -0.7358055 -0.0123651 0.6770427
8.730751 -3.6897268 0.0413113 0.1930903 -0.0122182 -0.7354421 -0.0167560 0.6772702
9.146631 -4.0016813 0.0471028 0.1660528 -0.0068572 -0.7352476 -0.0141320 0.6776166
9.458529 -4.2345724 0.0497991 0.1460409 -0.0050487 -0.7361692 -0.0105617 0.6766964
9.770380 -4.4655719 0.0516432 0.1260639 -0.0103128 -0.7377173 -0.0110256 0.6749409
10.082130 -4.6928902 0.0539342 0.1036128 -0.0095014 -0.7391826 -0.0111930 0.6733450
10.393880 -4.9169903 0.0561828 0.0795056 -0.0047746 -0.7404142 -0.0134170 0.6720000
10.705630 -5.1381340 0.0580202 0.0561604 -0.0042238 -0.7412336 -0.0147279 0.6710723
11.017510 -5.3543105 0.0610744 0.0342690 -0.0081128 -0.7416170 -0.0169766 0.6705597
11.433260 -5.6330614 0.0646702 0.0054358 -0.0074492 -0.7423274 -0.0153293 0.6698205
11.849140 -5.8902426 0.0665583 -0.0196734 -0.0046235 -0.7398942 -0.0147279 0.6725461
12.265510 -6.1255541 0.0682624 -0.0368551 -0.0063663 -0.7285575 -0.0173109 0.6847363
12.682390 -6.3341603 0.0710256 -0.0351799 -0.0062391 -0.7006613 -0.0196785 0.7131954
13.204380 -6.5482836 0.0738547 0.0000719 -0.0086912 -0.6304569 -0.0169398 0.7759908
13.517630 -6.6598477 0.0739142 0.0460072 -0.0116420 -0.5681630 -0.0078593 0.8227961
13.726510 -6.7286534 0.0754003 0.0868394 -0.0124308 -0.5208163 -0.0046772 0.8535655
13.935130 -6.7931390 0.0766600 0.1356649 -0.0154905 -0.4740342 -0.0004172 0.8803701
14.143650 -6.8496304 0.0772790 0.1910219 -0.0173921 -0.4261001 0.0060432 0.9044886
14.352150 -6.9023275 0.0779860 0.2505791 -0.0074947 -0.3749264 0.0070220 0.9269977
14.560630 -6.9513435 0.0781462 0.3202465 -0.0010108 -0.3196074 0.0061040 0.9475299
14.769010 -6.9974790 0.0780211 0.4023292 0.0016531 -0.2632534 0.0050688 0.9647120
14.977150 -7.0375185 0.0762801 0.4944794 0.0013357 -0.2129570 0.0011377 0.9770600
15.185010 -7.0748630 0.0750191 0.5953207 0.0022005 -0.1714735 -0.0039291 0.9851785
15.392480 -7.1072278 0.0729951 0.7058917 0.0001965 -0.1431480 -0.0035697 0.9896948
15.599910 -7.1368451 0.0732741 0.8251033 -0.0018076 -0.1230498 -0.0045518 0.9923884
15.807320 -7.1656914 0.0724699 0.9500374 -0.0029430 -0.1085152 -0.0088512 0.9940510
16.014760 -7.1912498 0.0722080 1.0821289 -0.0027172 -0.0950663 -0.0080354 0.9954348
16.222360 -7.2145929 0.0719890 1.2207096 -0.0032219 -0.0805406 -0.0091480 0.9967042
16.429890 -7.2349329 0.0704441 1.3635349 0.0007271 -0.0686100 -0.0097404 0.9975957
16.637520 -7.2536879 0.0692334 1.5130873 0.0038528 -0.0597550 -0.0089620 0.9981654
16.845140 -7.2726340 0.0668070 1.6664619 -0.0032851 -0.0536489 -0.0119650 0.9984828
17.052630 -7.2889810 0.0657755 1.8190423 -0.0045648 -0.0498379 -0.0116397 0.9986790
17.260280 -7.3036942 0.0640844 1.9706758 -0.0053954 -0.0469336 -0.0111368 0.9988214
17.467890 -7.3168283 0.0632674 2.1223617 -0.0075582 -0.0443110 -0.0087956 0.9989505
17.675510 -7.3305006 0.0623698 2.2724133 -0.0019968 -0.0421607 -0.0100049 0.9990588
17.883140 -7.3437843 0.0602829 2.4218702 0.0038758 -0.0406644 -0.0108277 0.9991067
18.194760 -7.3630133 0.0559227 2.6455083 -0.0014412 -0.0372181 -0.0146316 0.9991990
18.506260 -7.3796296 0.0527108 2.8685508 -0.0024150 -0.0347334 -0.0107910 0.9993354
18.817760 -7.3940549 0.0509100 3.0891762 -0.0007824 -0.0336220 -0.0090963 0.9993929
19.129390 -7.4098577 0.0483143 3.3140388 -0.0007643 -0.0341828 -0.0101374 0.9993639
19.440890 -7.4282699 0.0447469 3.5445907 -0.0009145 -0.0381856 -0.0117761 0.9992009
19.752390 -7.4491405 0.0422422 3.7766924 0.0042543 -0.0416023 -0.0120295 0.9990528
20.064010 -7.4713950 0.0385540 4.0151567 0.0024268 -0.0445811 -0.0114858 0.9989368
20.375760 -7.4942594 0.0354574 4.2615771 -0.0028900 -0.0454776 -0.0107695 0.9989032
20.687510 -7.5153213 0.0326142 4.5058928 -0.0012611 -0.0429586 -0.0108070 0.9990176
20.999260 -7.5345931 0.0299983 4.7562194 -0.0016925 -0.0409344 -0.0073363 0.9991335
21.311120 -7.5527105 0.0279201 5.0018845 -0.0011913 -0.0400191 -0.0065548 0.9991767
21.726890 -7.5798168 0.0207519 5.3203869 0.0078679 -0.0383993 -0.0108220 0.9991729
22.038660 -7.5988274 0.0151135 5.5583453 -0.0036185 -0.0392638 -0.0080449 0.9991899
22.350390 -7.6166525 0.0117288 5.7885237 -0.0000997 -0.0432355 -0.0040295 0.9990568
22.662270 -7.6391606 0.0073181 6.0143695 0.0046823 -0.0481646 -0.0063764 0.9988081
22.974020 -7.6635656 0.0010001 6.2354980 0.0059546 -0.0534292 -0.0110515 0.9984927
23.181990 -7.6802292 -0.0026254 6.3817239 0.0003343 -0.0576766 -0.0123408 0.9982590
23.389770 -7.6981926 -0.0043398 6.5230403 -0.0018380 -0.0636016 -0.0119588 0.9979020
23.597640 -7.7183456 -0.0060209 6.6617737 -0.0035178 -0.0697977 -0.0111067 0.9974931
23.805540 -7.7413907 -0.0074680 6.7985959 -0.0008951 -0.0755904 -0.0145531 0.9970323
24.013390 -7.7637691 -0.0095833 6.9324908 0.0012133 -0.0814453 -0.0148210 0.9965669
24.221270 -7.7880049 -0.0110306 7.0664377 -0.0032602 -0.0869695 -0.0158350 0.9960798
24.429140 -7.8132443 -0.0127872 7.1973572 -0.0024802 -0.0936505 -0.0146086 0.9954948
24.740760 -7.8542333 -0.0151425 7.3910117 0.0005000 -0.1081063 -0.0118940 0.9940681
24.948510 -7.8859997 -0.0160908 7.5189424 -0.0063917 -0.1198295 -0.0120083 0.9927013
25.156270 -7.9206433 -0.0175183 7.6432991 -0.0056227 -0.1313267 -0.0140414 0.9912238
25.467890 -7.9772902 -0.0181759 7.8282466 -0.0009713 -0.1500790 -0.0124516 0.9885951
25.675640 -8.0196152 -0.0190466 7.9533014 -0.0072026 -0.1622063 -0.0123540 0.9866532
25.987390 -8.0874786 -0.0199306 8.1350222 -0.0009031 -0.1793458 -0.0092195 0.9837425
26.195270 -8.1355629 -0.0210641 8.2561655 0.0029229 -0.1872093 -0.0076945 0.9822856
26.507020 -8.2130566 -0.0236896 8.4374657 -0.0010472 -0.1995998 -0.0099099 0.9798269
26.714890 -8.2680321 -0.0249429 8.5584459 -0.0076623 -0.2063906 -0.0148169 0.9783275
27.026890 -8.3517427 -0.0247993 8.7371111 0.0016655 -0.2150214 -0.0143017 0.9765032
27.234770 -8.4107256 -0.0258830 8.8577566 0.0001215 -0.2193872 -0.0176973 0.9754773
27.442660 -8.4693346 -0.0272354 8.9779301 -0.0012282 -0.2251183 -0.0166789 0.9741879
27.650520 -8.5294380 -0.0286187 9.0959854 0.0052855 -0.2302666 -0.0159498 0.9729825
27.858410 -8.5920391 -0.0307939 9.2146235 0.0041721 -0.2348323 -0.0176223 0.9718672
28.066150 -8.6542492 -0.0327402 9.3320541 0.0031391 -0.2396437 -0.0188045 0.9706737
28.377890 -8.7488585 -0.0357088 9.5053015 0.0031219 -0.2465914 -0.0167541 0.9689697
28.689660 -8.8450251 -0.0390311 9.6736202 0.0050532 -0.2536382 -0.0167900 0.9671403
28.897520 -8.9079962 -0.0414289 9.7828770 0.0083239 -0.2582239 -0.0149726 0.9659332
29.209390 -9.0033731 -0.0445071 9.9454365 -0.0026696 -0.2634763 -0.0159702 0.9645299
29.521140 -9.0944595 -0.0458932 10.0984135 -0.0037316 -0.2685554 -0.0131793 0.9631668
29.832900 -9.1813517 -0.0464550 10.2404251 -0.0019478 -0.2730213 -0.0105459 0.9619482
30.144650 -9.2615919 -0.0476045 10.3692369 -0.0035692 -0.2768896 -0.0094953 0.9608482
30.456270 -9.3334665 -0.0475533 10.4816818 -0.0010515 -0.2804925 -0.0083259 0.9598196
30.871790 -9.4172268 -0.0489985 10.6086988 0.0001038 -0.2892296 -0.0037777 0.9572523
31.183270 -9.4743757 -0.0501289 10.6873150 -0.0047002 -0.2987856 -0.0101673 0.9542545
31.494660 -9.5226545 -0.0511424 10.7529173 -0.0089730 -0.3128433 -0.0071800 0.9497352
31.805770 -9.5672197 -0.0515147 10.8048677 -0.0098252 -0.3369588 -0.0070801 0.9414415
32.116900 -9.6082106 -0.0517132 10.8447399 -0.0033995 -0.3683209 -0.0052798 0.9296775
32.428170 -9.6504841 -0.0514017 10.8772488 0.0020876 -0.3999138 -0.0106844 0.9164881
32.842900 -9.7105312 -0.0511667 10.9172955 -0.0020806 -0.4500529 -0.0116066 0.8929240
33.154020 -9.7594433 -0.0505293 10.9407358 -0.0035397 -0.4902793 -0.0167368 0.8713974
33.465270 -9.8092937 -0.0512937 10.9589615 -0.0044993 -0.5315612 -0.0208732 0.8467507
33.776420 -9.8692799 -0.0501986 10.9743137 -0.0005718 -0.5792639 -0.0183651 0.8149330
34.087400 -9.9442034 -0.0494403 10.9833488 -0.0003282 -0.6334864 -0.0167378 0.7735727
34.398420 -10.0320787 -0.0476328 10.9819431 -0.0016686 -0.6905220 -0.0164402 0.7231226
34.605900 -10.0972080 -0.0460959 10.9747410 -0.0058369 -0.7284943 -0.0160954 0.6848379
34.813400 -10.1654892 -0.0443578 10.9589148 -0.0093918 -0.7640950 -0.0153469 0.6448528
35.021020 -10.2410221 -0.0411840 10.9353485 -0.0117683 -0.7966116 -0.0146758 0.6041987
35.228670 -10.3184128 -0.0383576 10.9019003 -0.0155567 -0.8257987 -0.0122024 0.5636183
35.436400 -10.4002075 -0.0360209 10.8587341 -0.0192180 -0.8514402 -0.0102653 0.5239990
35.644400 -10.4849949 -0.0329645 10.8034420 0.0204489 0.8722259 0.0096142 -0.4885810
35.957050 -10.6200590 -0.0280853 10.7038527 0.0187813 0.8915625 0.0095911 -0.4524065
36.165670 -10.7165079 -0.0247171 10.6273108 0.0188051 0.8984197 0.0099935 -0.4386211
36.374170 -10.8183031 -0.0215077 10.5452108 0.0202496 0.9032789 0.0102353 -0.4284535
36.582670 -10.9235172 -0.0181229 10.4553232 0.0198429 0.9065045 0.0111042 -0.4215833
36.791110 -11.0334644 -0.0142497 10.3594990 0.0204808 0.9085320 0.0112134 -0.4171624
36.999490 -11.1484938 -0.0102713 10.2598543 0.0212172 0.9093971 0.0112812 -0.4152341
37.207650 -11.2685413 -0.0059929 10.1560459 0.0213474 0.9098738 0.0104086 -0.4142048
37.415890 -11.3931694 -0.0010787 10.0464325 0.0213650 0.9102126 0.0102528 -0.4134627
37.728150 -11.5872488 0.0049960 9.8756638 0.0216090 0.9108527 0.0127605 -0.4119680
38.040280 -11.7890081 0.0131283 9.6966944 0.0224735 0.9113789 0.0101626 -0.4108287
38.352280 -11.9966373 0.0192739 9.5116596 0.0218732 0.9122024 0.0063465 -0.4091064
38.664150 -12.2112827 0.0237938 9.3174372 0.0187338 0.9123858 0.0064142 -0.4088521
38.976020 -12.4302731 0.0280433 9.1211462 0.0213321 0.9124754 0.0094841 -0.4084650
39.183930 -12.5778751 0.0313241 8.9878254 0.0217509 0.9125730 0.0098972 -0.4082149
39.495830 -12.7962112 0.0383953 8.7887211 0.0216000 0.9126784 0.0112705 -0.4079517
39.703630 -12.9425478 0.0428415 8.6576958 0.0219883 0.9129408 0.0113370 -0.4073415
40.015280 -13.1593685 0.0490461 8.4601278 0.0227395 0.9135172 0.0103485 -0.4060321
40.326930 -13.3736286 0.0551027 8.2642021 0.0215874 0.9140893 0.0095615 -0.4048252
40.534990 -13.5154076 0.0588759 8.1343498 0.0198476 0.9142046 0.0105121 -0.4046300
40.742540 -13.6575813 0.0616167 8.0034132 0.0187281 0.9137203 0.0104643 -0.4057771
40.950400 -13.7992859 0.0645011 7.8750963 0.0181404 0.9130166 0.0101467 -0.4073925
41.158230 -13.9424133 0.0687689 7.7465954 0.0212380 0.9124129 0.0123413 -0.4085331
41.365930 -14.0860519 0.0734987 7.6181202 0.0246021 0.9120210 0.0154376 -0.4091139
41.573580 -14.2270508 0.0784833 7.4905224 0.0224203 0.9120147 0.0114480 -0.4093843
41.781210 -14.3684263 0.0832860 7.3638468 0.0230296 0.9120378 0.0128108 -0.4092585
42.092740 -14.5775766 0.0897973 7.1763492 0.0235013 0.9123893 0.0115674 -0.4084845
42.300170 -14.7164841 0.0942635 7.0517607 0.0244192 0.9127435 0.0141419 -0.4075574
42.611550 -14.9182396 0.1014721 6.8676190 0.0263108 0.9130190 0.0144666 -0.4068105
42.922920 -15.1195765 0.1094936 6.6863341 0.0237931 0.9131789 0.0135138 -0.4066395
43.234430 -15.3173447 0.1161727 6.5056939 0.0215601 0.9127253 0.0145506 -0.4077449
43.545910 -15.5137081 0.1221759 6.3289475 0.0209083 0.9123769 0.0136317 -0.4085896
43.857500 -15.7085915 0.1283327 6.1557798 0.0235235 0.9120553 0.0133048 -0.4091758
44.169050 -15.8958740 0.1346360 5.9894590 0.0225584 0.9116873 0.0091083 -0.4101638
44.376660 -16.0190392 0.1368241 5.8807249 0.0215622 0.9115592 0.0107736 -0.4104616
44.688220 -16.1963463 0.1409582 5.7236018 0.0209735 0.9115897 0.0105087 -0.4104314
44.999710 -16.3649426 0.1449468 5.5729551 0.0201911 0.9116498 0.0107492 -0.4103308
45.207330 -16.4741459 0.1474376 5.4760551 0.0210549 0.9117332 0.0119018 -0.4100704
45.518940 -16.6320171 0.1516655 5.3356152 0.0234814 0.9118848 0.0137262 -0.4095440
45.831090 -16.7813931 0.1561654 5.2029333 0.0252197 0.9124379 0.0135675 -0.4082119
46.245920 -16.9627991 0.1611121 5.0355487 0.0289737 0.9154515 0.0101940 -0.4012545
46.557220 -17.0869598 0.1651722 4.9145684 0.0324186 0.9224865 0.0088144 -0.3845646
47.075560 -17.2604313 0.1693008 4.7110591 0.0371082 0.9429414 0.0080097 -0.3307876
47.386540 -17.3394165 0.1716742 4.5848947 0.0333823 0.9589114 0.0108777 -0.2815247
47.801160 -17.4073601 0.1737332 4.4174519 0.0221152 0.9806012 0.0123364 -0.1943708
48.112290 -17.4362850 0.1726435 4.2893062 0.0139427 0.9922904 0.0102289 -0.1227224
48.423630 -17.4468536 0.1737923 4.1585312 0.0100397 0.9987594 0.0130133 -0.0470050
48.631190 -17.4397335 0.1743470 4.0722709 0.0041516 0.9998291 0.0176537 0.0035993
48.838780 -17.4282341 0.1755880 3.9877229 0.0105074 0.9982698 0.0165226 0.0554434
49.046410 -17.4068813 0.1757485 3.9064212 0.0130593 0.9941700 0.0145539 0.1060363
49.254030 -17.3773804 0.1772910 3.8285270 0.0136376 0.9875636 0.0122665 0.1561461
49.461780 -17.3413773 0.1785525 3.7505536 0.0178928 0.9785596 0.0121463 0.2048256
49.669780 -17.2951603 0.1784101 3.6755586 0.0142942 0.9687195 0.0146531 0.2473125
49.878030 -17.2448711 0.1788557 3.6005416 0.0169718 0.9591494 0.0185483 0.2817809
50.086410 -17.1880741 0.1797530 3.5266280 0.0163924 0.9509078 0.0192651 0.3084389
50.295050 -17.1273384 0.1803595 3.4530816 0.0153748 0.9448080 0.0185567 0.3267370
50.503680 -17.0625534 0.1811157 3.3782387 0.0138598 0.9408078 0.0171727 0.3382213
50.712390 -16.9955616 0.1820747 3.3018084 0.0137064 0.9381187 0.0150549 0.3457149
50.920920 -16.9254951 0.1827693 3.2211385 0.0161753 0.9363925 0.0155028 0.3502384
51.129530 -16.8515110 0.1823363 3.1388707 0.0135142 0.9353343 0.0132312 0.3532593
51.338030 -16.7726727 0.1836989 3.0511932 0.0130723 0.9349260 0.0136181 0.3543401
51.546400 -16.6917000 0.1839445 2.9592242 0.0157017 0.9351061 0.0141799 0.3537358
51.754650 -16.6060276 0.1845128 2.8637495 0.0147370 0.9352885 0.0079839 0.3534891
51.962780 -16.5164909 0.1845868 2.7619476 0.0165658 0.9354726 0.0062302 0.3529558
52.275030 -16.3728714 0.1831097 2.6028447 0.0103386 0.9356598 0.0072976 0.3526763
52.483160 -16.2728348 0.1831858 2.4901590 0.0093208 0.9355500 0.0093424 0.3529477
52.691180 -16.1671600 0.1837628 2.3718348 0.0070621 0.9356460 0.0117261 0.3526744
53.003160 -16.0037556 0.1849999 2.1887536 0.0080631 0.9353427 0.0095244 0.3535227
53.315160 -15.8334980 0.1859576 1.9961667 0.0100764 0.9353230 0.0141854 0.3533668
53.627040 -15.6579208 0.1869136 1.7982373 0.0151539 0.9353796 0.0105948 0.3531615
53.938910 -15.4762888 0.1858805 1.5936732 0.0129005 0.9357326 0.0125066 0.3522522
54.250800 -15.2984066 0.1859415 1.3881350 0.0187583 0.9357826 0.0175534 0.3516402
54.562530 -15.1206284 0.1879147 1.1837497 0.0209270 0.9355651 0.0260775 0.3515678
54.874290 -14.9471703 0.1898092 0.9879751 0.0241049 0.9361214 0.0177215 0.3504021
55.185920 -14.7754765 0.1895243 0.7915998 0.0244393 0.9364997 0.0190616 0.3492961
55.393730 -14.6615152 0.1898358 0.6605563 0.0226235 0.9372876 0.0192387 0.3472896
55.601700 -14.5500813 0.1899584 0.5314465 0.0198910 0.9401174 0.0186647 0.3397577
55.809690 -14.4473839 0.1899730 0.4018106 0.0210716 0.9444520 0.0193115 0.3274039
56.122050 -14.3012619 0.1915473 0.1983080 0.0234848 0.9541950 0.0239779 0.2972970
56.330510 -14.2163668 0.1952039 0.0567622 0.0265090 0.9625211 0.0252777 0.2687217
56.538940 -14.1384449 0.1979754 -0.0901251 0.0290458 0.9707714 0.0255443 0.2368686
56.747290 -14.0739841 0.2010144 -0.2372546 0.0324533 0.9781724 0.0167664 0.2045593
56.955550 -14.0152273 0.2007910 -0.3852921 0.0287877 0.9845915 0.0126600 0.1720189
57.163560 -13.9672613 0.2001713 -0.5390644 0.0284247 0.9889852 0.0118929 0.1447716
57.371290 -13.9268665 0.2007835 -0.6958318 0.0293866 0.9917243 0.0116635 0.1244320
57.579070 -13.8901739 0.2018206 -0.8566012 0.0278211 0.9939116 0.0154604 0.1054832
57.786690 -13.8596392 0.2035642 -1.0187329 0.0274288 0.9956172 0.0131009 0.0884449
57.994890 -13.8342514 0.2064011 -1.1857747 0.0320728 0.9964794 0.0134206 0.0762894
58.201850 -13.8107681 0.2095650 -1.3577400 0.0360093 0.9965568 0.0227520 0.0711350
58.409230 -13.7854137 0.2139086 -1.5314573 0.0336663 0.9967417 0.0214970 0.0700741
58.616560 -13.7577057 0.2181107 -1.7085952 0.0268647 0.9970793 0.0177148 0.0692626
58.824030 -13.7304325 0.2220256 -1.8895414 0.0233955 0.9971388 0.0185758 0.0694395
59.031700 -13.7042971 0.2261026 -2.0730438 0.0220145 0.9970720 0.0194785 0.0705932
59.239170 -13.6773052 0.2303189 -2.2584598 0.0202675 0.9970521 0.0177761 0.0718358
59.446780 -13.6485968 0.2337812 -2.4463780 0.0178766 0.9971045 0.0159443 0.0721715
59.654550 -13.6209049 0.2360963 -2.6357293 0.0160303 0.9972312 0.0164693 0.0707231
59.862460 -13.5933304 0.2394607 -2.8236110 0.0151172 0.9973577 0.0165284 0.0691072
60.069690 -13.5672302 0.2423428 -3.0092950 0.0147720 0.9973902 0.0185715 0.0681886
60.381050 -13.5287399 0.2464362 -3.2810583 0.0135571 0.9975212 0.0175947 0.0667695
60.692600 -13.4913254 0.2498752 -3.5503945 0.0128511 0.9976411 0.0176371 0.0650835
60.900200 -13.4661484 0.2527327 -3.7289126 0.0117870 0.9978440 0.0181956 0.0619463
61.107700 -13.4418631 0.2555315 -3.9056282 0.0111581 0.9980645 0.0173073 0.0586792
61.315290 -13.4214592 0.2577701 -4.0761800 0.0106374 0.9982098 0.0188860 0.0557437
61.522950 -13.4035006 0.2610731 -4.2444072 0.0113976 0.9983093 0.0196514 0.0535016
61.834510 -13.3751688 0.2654423 -4.4960041 0.0113556 0.9984862 0.0188543 0.0504078
62.042070 -13.3576956 0.2687876 -4.6613650 0.0103240 0.9985540 0.0182577 0.0494978
62.249910 -13.3411903 0.2705956 -4.8220363 0.0100962 0.9986265 0.0147733 0.0492444
62.457420 -13.3234301 0.2723397 -4.9833918 0.0106370 0.9986125 0.0148194 0.0493995
62.665290 -13.3067884 0.2745086 -5.1432319 0.0121613 0.9985486 0.0157598 0.0500452
62.872800 -13.2904587 0.2761106 -5.3023486 0.0128397 0.9984720 0.0166250 0.0511123
63.184460 -13.2635193 0.2787687 -5.5374560 0.0135394 0.9984030 0.0156273 0.0525739
63.288240 -13.2542257 0.2796480 -5.6154485 0.0138693 0.9983351 0.0150114 0.0539382
63.495820 -13.2350664 0.2807768 -5.7703838 0.0130101 0.9982224 0.0140353 0.0564437
63.703640 -13.2166224 0.2820577 -5.9220805 0.0130171 0.9981393 0.0137797 0.0579543
63.911420 -13.1977386 0.2825921 -6.0704446 0.0114716 0.9981370 0.0159802 0.0577543
64.119460 -13.1790113 0.2836406 -6.2148190 0.0106828 0.9982141 0.0165686 0.0563909
64.327430 -13.1617661 0.2848052 -6.3534217 0.0092759 0.9984043 0.0165988 0.0531733
64.535560 -13.1468859 0.2858403 -6.4884610 0.0098348 0.9987254 0.0167002 0.0466044
64.743580 -13.1359491 0.2869072 -6.6155291 0.0118487 0.9990275 0.0178576 0.0385332
65.055500 -13.1258221 0.2886918 -6.7951555 0.0152663 0.9993393 0.0187944 0.0271063
65.367480 -13.1191311 0.2903796 -6.9552851 0.0167384 0.9995399 0.0183525 0.0174075
65.575320 -13.1170454 0.2917489 -7.0513878 0.0184155 0.9995989 0.0177322 0.0121853
65.783300 -13.1150942 0.2923177 -7.1378937 0.0192079 0.9995949 0.0195461 0.0076845
65.991170 -13.1145058 0.2928004 -7.2141337 0.0199017 0.9995849 0.0203835 0.0043003
66.199080 -13.1143570 0.2941823 -7.2816911 0.0216916 0.9995461 0.0208093 0.0020274
66.407050 -13.1139135 0.2959257 -7.3398018 0.0219350 0.9995238 0.0216918 0.0006792
66.614800 -13.1130095 0.2957583 -7.3866935 0.0200625 0.9995619 0.0217198 0.0013428
67.031610 -13.1105843 0.2963884 -7.4558945 0.0179129 0.9996359 0.0193767 0.0056300
75.767480 -13.0855646 0.2992236 -7.6391921 0.0133376 0.9956252 0.0159078 0.0911018
76.079100 -13.0785608 0.2992465 -7.6535287 0.0125773 0.9931713 0.0134136 0.1152069
76.495070 -13.0620422 0.3002169 -7.6897745 0.0128688 0.9879522 0.0146195 0.1535288
76.805830 -13.0430384 0.3006984 -7.7265749 0.0115991 0.9815920 0.0177456 0.1898098
77.117090 -13.0173111 0.3012520 -7.7676101 0.0134003 0.9724964 0.0213190 0.2315529
77.428190 -12.9823990 0.3018778 -7.8116260 0.0132721 0.9577903 0.0205916 0.2864220
77.739080 -12.9299936 0.3024644 -7.8656015 0.0143639 0.9341362 0.0178442 0.3561810
78.050250 -12.8521814 0.3042538 -7.9249840 0.0173467 0.9028283 0.0148143 0.4293957
78.361560 -12.7436457 0.3050640 -7.9847193 0.0176163 0.8656641 0.0173264 0.5000151
78.673060 -12.6092167 0.3056614 -8.0357571 0.0185299 0.8215311 0.0254678 0.5692932
78.880800 -12.5052185 0.3061288 -8.0609894 0.0183973 0.7897467 0.0293205 0.6124557
79.088830 -12.3892269 0.3069324 -8.0782423 0.0201033 0.7589743 0.0309302 0.6500748
79.297060 -12.2623425 0.3083975 -8.0867968 0.0208616 0.7341567 0.0286676 0.6780538
79.505690 -12.1239958 0.3085893 -8.0893450 0.0224697 0.7174250 0.0262995 0.6957763
79.714470 -11.9751186 0.3079945 -8.0890026 0.0239125 0.7062281 0.0261187 0.7070982
79.923050 -11.8187380 0.3065859 -8.0833035 0.0272529 0.6962315 0.0248322 0.7168698
80.131680 -11.6538639 0.3036653 -8.0727253 0.0275682 0.6867415 0.0222754 0.7260371
80.340300 -11.4789276 0.2996770 -8.0583067 0.0245613 0.6815669 0.0191286 0.7310933
80.548940 -11.2977581 0.2969204 -8.0427980 0.0232457 0.6806086 0.0180762 0.7320552
80.757320 -11.1068306 0.2937650 -8.0275402 0.0230964 0.6790933 0.0191287 0.7334391
80.965550 -10.9076948 0.2903301 -8.0099192 0.0234241 0.6758204 0.0190718 0.7364472
81.173790 -10.7013311 0.2873961 -7.9891248 0.0234427 0.6724319 0.0186311 0.7395530
81.381810 -10.4893503 0.2830104 -7.9647641 0.0217403 0.6689960 0.0214573 0.7426381
81.589930 -10.2716284 0.2802599 -7.9397287 0.0214256 0.6667764 0.0221822 0.7446194
81.798060 -10.0478563 0.2769130 -7.9149799 0.0214949 0.6671963 0.0207614 0.7442822
82.006180 -9.8215771 0.2730507 -7.8882318 0.0206445 0.6679955 0.0231966 0.7435172
82.214180 -9.5957365 0.2690686 -7.8616753 0.0200805 0.6688551 0.0242105 0.7427271
82.422200 -9.3734303 0.2638741 -7.8348160 0.0201814 0.6697414 0.0238003 0.7419385
82.630180 -9.1517506 0.2600446 -7.8115754 0.0208809 0.6701295 0.0227443 0.7416017
82.838070 -8.9281902 0.2563860 -7.7838984 0.0193407 0.6713758 0.0240513 0.7404742
83.046050 -8.7076492 0.2527246 -7.7607245 0.0205554 0.6718692 0.0228341 0.7400323
83.253960 -8.4874115 0.2480622 -7.7370796 0.0197815 0.6723472 0.0227630 0.7396213
83.461930 -8.2670622 0.2447773 -7.7141924 0.0167504 0.6728564 0.0236586 0.7392049
83.565930 -8.1581554 0.2440163 -7.7024503 0.0165342 0.6731156 0.0221224 0.7390214
83.773690 -7.9412050 0.2392185 -7.6795640 0.0166511 0.6735598 0.0214300 0.7386343
83.981560 -7.7241106 0.2368970 -7.6568089 0.0156277 0.6740025 0.0217326 0.7382439
84.293370 -7.3999028 0.2314653 -7.6271014 0.0190352 0.6739390 0.0227150 0.7381923
84.500970 -7.1853018 0.2275039 -7.6062288 0.0195788 0.6724697 0.0245638 0.7394577
84.708560 -6.9736242 0.2237220 -7.5842299 0.0186155 0.6701059 0.0248893 0.7416145
84.916060 -6.7632561 0.2198877 -7.5592017 0.0180896 0.6683871 0.0225590 0.7432513
85.123720 -6.5527010 0.2166432 -7.5353937 0.0174987 0.6665884 0.0226188 0.7448772
85.331180 -6.3466392 0.2130862 -7.5096731 0.0167201 0.6655819 0.0231003 0.7457799
85.538870 -6.1421881 0.2097679 -7.4821734 0.0151058 0.6653208 0.0225655 0.7460635
85.642600 -6.0421200 0.2083371 -7.4694796 0.0146069 0.6655105 0.0224113 0.7459090
85.850400 -5.8417025 0.2063416 -7.4449492 0.0143737 0.6665180 0.0211098 0.7450514
86.058060 -5.6439800 0.2037893 -7.4216175 0.0159440 0.6681808 0.0226384 0.7434835
86.266420 -5.4465532 0.2010041 -7.4010525 0.0187857 0.6699807 0.0239855 0.7417531
86.577490 -5.1520128 0.1966552 -7.3706965 0.0172371 0.6726323 0.0256776 0.7393304
86.681310 -5.0537176 0.1958611 -7.3603172 0.0169675 0.6736472 0.0252940 0.7384252
86.889090 -4.8601780 0.1936474 -7.3413615 0.0175117 0.6752896 0.0229481 0.7369875
87.096690 -4.6670742 0.1903759 -7.3243093 0.0194326 0.6764692 0.0217535 0.7358931
87.200570 -4.5709777 0.1884715 -7.3153358 0.0194280 0.6769448 0.0214949 0.7354633
87.408330 -4.3787889 0.1856936 -7.2996216 0.0177261 0.6769578 0.0229128 0.7354515
87.616060 -4.1899695 0.1837475 -7.2825332 0.0147200 0.6766052 0.0216015 0.7358818
87.823570 -4.0016952 0.1820420 -7.2641315 0.0123363 0.6764889 0.0182721 0.7361227
88.031060 -3.8148861 0.1788426 -7.2461410 0.0114262 0.6762647 0.0161262 0.7363936
88.238710 -3.6281226 0.1763332 -7.2287693 0.0122508 0.6758404 0.0150215 0.7367931
88.446330 -3.4407828 0.1741402 -7.2125010 0.0104689 0.6750913 0.0205207 0.7373745
88.653930 -3.2552814 0.1724297 -7.1952620 0.0132298 0.6742460 0.0207599 0.7380965
88.861690 -3.0729342 0.1702084 -7.1770406 0.0149568 0.6741135 0.0188937 0.7382347
89.069450 -2.8906815 0.1664586 -7.1603365 0.0154568 0.6737099 0.0192496 0.7385834
89.381180 -2.6195714 0.1618944 -7.1340642 0.0199936 0.6741224 0.0196815 0.7380866
89.588990 -2.4411597 0.1590046 -7.1168461 0.0189732 0.6747896 0.0226736 0.7374177
89.900710 -2.1770098 0.1541340 -7.0922937 0.0183076 0.6760550 0.0212136 0.7363182
90.108700 -2.0028260 0.1508861 -7.0766544 0.0168388 0.6768679 0.0218045 0.7355888
90.316520 -1.8295963 0.1480843 -7.0608773 0.0168329 0.6777413 0.0226662 0.7347581
90.524330 -1.6590635 0.1462352 -7.0468216 0.0169050 0.6783013 0.0224716 0.7342457
90.732220 -1.4931011 0.1433368 -7.0319748 0.0149246 0.6790773 0.0219827 0.7335857
90.940100 -1.3330384 0.1413122 -7.0191112 0.0135124 0.6795205 0.0218096 0.7332078
91.148110 -1.1804214 0.1393982 -7.0074301 0.0130645 0.6791239 0.0225344 0.7335613
91.355930 -1.0372056 0.1378682 -6.9949961 0.0137211 0.6771253 0.0215264 0.7354248
91.667690 -0.8348181 0.1359776 -6.9752831 0.0132104 0.6719963 0.0189105 0.7401952
91.979540 -0.6493775 0.1324404 -6.9516869 0.0168825 0.6620312 0.0186549 0.7490538
92.291780 -0.4824419 0.1280140 -6.9214573 0.0170659 0.6477891 0.0184475 0.7614051
92.607140 -0.3336669 0.1239112 -6.8872509 0.0159265 0.6282646 0.0171051 0.7776486
92.913890 -0.1973205 0.1204742 -6.8463092 0.0149817 0.6028994 0.0153752 0.7975283
93.225060 -0.0733428 0.1167518 -6.7967172 0.0151372 0.5701222 0.0125349 0.8213248
93.432440 0.0023756 0.1144153 -6.7586236 0.0181945 0.5398380 0.0111172 0.8414989
93.743290 0.1036823 0.1104552 -6.6912460 0.0175620 0.4781272 0.0130882 0.8780174
94.054400 0.1903017 0.1042422 -6.6092272 0.0183148 0.4083646 0.0089850 0.9125909
94.365720 0.2614496 0.0984826 -6.5160437 0.0146782 0.3371666 0.0040024 0.9413221
94.573250 0.3028650 0.0964299 -6.4479675 0.0094020 0.2874052 0.0019260 0.9577610
94.780820 0.3358688 0.0937730 -6.3750062 0.0028017 0.2385636 0.0026803 0.9711192
94.988570 0.3599529 0.0915580 -6.2962227 -0.0030918 0.1899004 -0.0040047 0.9817903
95.196460 0.3807961 0.0907782 -6.2168250 -0.0011726 0.1433963 -0.0043632 0.9896550
95.404570 0.3943123 0.0900630 -6.1330137 -0.0011069 0.1050978 -0.0076574 0.9944318
95.612820 0.4038848 0.0892142 -6.0458941 -0.0009396 0.0740306 -0.0113629 0.9971908
95.821210 0.4115430 0.0878695 -5.9547606 -0.0020601 0.0524999 -0.0119912 0.9985468
96.029700 0.4173636 0.0867183 -5.8598337 -0.0009216 0.0358402 -0.0104002 0.9993030
96.238190 0.4201930 0.0855764 -5.7599711 -0.0001642 0.0216730 -0.0113176 0.9997010
96.446460 0.4200869 0.0847269 -5.6522799 0.0000801 0.0080905 -0.0106020 0.9999111
96.654710 0.4182954 0.0837473 -5.5390043 0.0002573 -0.0055196 -0.0093716 0.9999408
96.863080 0.4123905 0.0824932 -5.4196262 0.0015338 -0.0144673 -0.0107618 0.9998363
97.071450 0.4061851 0.0815672 -5.2937727 0.0024356 -0.0195134 -0.0105400 0.9997511
97.279720 0.3982963 0.0797909 -5.1628542 0.0018863 -0.0222472 -0.0099476 0.9997012
97.592070 0.3864671 0.0772877 -4.9578772 -0.0013655 -0.0267325 -0.0078815 0.9996106
97.904320 0.3726575 0.0745324 -4.7521753 -0.0038858 -0.0316203 -0.0055944 0.9994767
98.216470 0.3565347 0.0726723 -4.5465455 -0.0037125 -0.0367309 -0.0042296 0.9993094
98.528320 0.3376382 0.0710922 -4.3397837 -0.0035438 -0.0394795 -0.0047391 0.9992028
98.736320 0.3253701 0.0693929 -4.2024102 -0.0037465 -0.0398186 -0.0054428 0.9991851
98.944340 0.3138111 0.0688176 -4.0658212 -0.0041775 -0.0401338 -0.0052979 0.9991716
99.256070 0.2952113 0.0673989 -3.8611419 -0.0050016 -0.0402641 -0.0053397 0.9991623
99.567940 0.2768029 0.0665373 -3.6607270 -0.0042064 -0.0390008 -0.0047414 0.9992191
99.879940 0.2601646 0.0643490 -3.4654479 -0.0046263 -0.0368533 -0.0041318 0.9993014
100.191800 0.2449197 0.0625983 -3.2790523 -0.0065240 -0.0350202 -0.0048817 0.9993534
100.503700 0.2308948 0.0610761 -3.1024725 -0.0020624 -0.0341345 -0.0050716 0.9994023
100.815600 0.2167190 0.0577203 -2.9306056 -0.0009826 -0.0334368 -0.0067912 0.9994173
101.127400 0.2022714 0.0544712 -2.7640314 0.0004321 -0.0327916 -0.0087019 0.9994242
101.439300 0.1899568 0.0519441 -2.6012423 -0.0000199 -0.0334091 -0.0089548 0.9994016
101.751200 0.1772574 0.0489381 -2.4424436 0.0008055 -0.0350531 -0.0079318 0.9993536
102.062900 0.1650487 0.0457308 -2.2857711 0.0011927 -0.0378308 -0.0077917 0.9992531
102.374800 0.1513890 0.0426820 -2.1306233 0.0007146 -0.0405627 -0.0058967 0.9991593
102.686600 0.1376279 0.0395625 -1.9792123 -0.0007951 -0.0431241 -0.0066259 0.9990475
102.894400 0.1283247 0.0377780 -1.8806502 -0.0012624 -0.0440790 -0.0067091 0.9990047
103.206500 0.1145349 0.0351820 -1.7405019 -0.0012689 -0.0430182 -0.0079386 0.9990419
103.518300 0.1021770 0.0327632 -1.6090531 -0.0009928 -0.0406107 -0.0080678 0.9991420
103.830300 0.0912280 0.0307990 -1.4863815 -0.0003345 -0.0385395 -0.0082679 0.9992228
104.142300 0.0826073 0.0283732 -1.3729790 -0.0007311 -0.0370642 -0.0078734 0.9992816
104.455200 0.0744981 0.0261365 -1.2721639 -0.0023589 -0.0356216 -0.0087293 0.9993244
104.766200 0.0680059 0.0244831 -1.1883286 -0.0016616 -0.0343454 -0.0080872 0.9993759
105.078600 0.0628586 0.0228691 -1.1160904 -0.0007536 -0.0336373 -0.0078627 0.9994029
105.390000 0.0578898 0.0215142 -1.0486935 0.0012260 -0.0328563 -0.0074264 0.9994317
105.701800 0.0527595 0.0202640 -0.9819749 0.0004449 -0.0324528 -0.0069762 0.9994488
106.013700 0.0475330 0.0190731 -0.9170494 0.0001916 -0.0324749 -0.0066944 0.9994501
106.325500 0.0424253 0.0178939 -0.8537559 0.0002359 -0.0368457 -0.0055940 0.9993052
106.637700 0.0351320 0.0166647 -0.7922615 0.0004559 -0.0473467 -0.0067137 0.9988558
106.949400 0.0270308 0.0153076 -0.7312428 0.0007543 -0.0548964 -0.0079283 0.9984603
107.364700 0.0158855 0.0134859 -0.6510596 0.0012035 -0.0606745 -0.0104352 0.9981023
107.676800 0.0087846 0.0121574 -0.5911775 0.0010517 -0.0585838 -0.0098345 0.9982335
107.989000 0.0032090 0.0112763 -0.5332386 0.0012343 -0.0551241 -0.0093401 0.9984351
108.405100 -0.0040806 0.0100786 -0.4561917 0.0013849 -0.0479985 -0.0092128 0.9988040
108.821000 -0.0097569 0.0078168 -0.3728758 0.0033777 -0.0392970 -0.0087019 0.9991840
109.236800 -0.0144477 0.0064367 -0.2738825 0.0020712 -0.0293383 -0.0063514 0.9995472
109.652600 -0.0185710 0.0043809 -0.1620476 0.0001843 -0.0201201 -0.0055825 0.9997820
110.068200 -0.0203288 0.0014872 -0.0386035 0.0014230 -0.0143552 -0.0021397 0.9998937
110.795600 -0.0238081 -0.0039253 0.2155108 0.0046370 -0.0019254 0.0039089 0.9999797
111.521300 -0.0453954 -0.0106728 0.4255059 0.0030568 -0.0712620 -0.0056635 0.9974369
112.248300 -0.1078613 -0.0138681 0.6309046 -0.0070225 -0.1309551 -0.0180955 0.9911982
112.769200 -0.1356730 -0.0141347 0.7593195 -0.0105857 -0.1104930 -0.0141112 0.9937204
113.289700 -0.1433931 -0.0147874 0.8137254 -0.0085391 -0.0923522 -0.0124107 0.9956124
