00000 1461243310.0241372585 8.6230173111
00001 1461243310.0433595181 8.6230173111
00002 1461243310.0627276897 8.6230173111
00003 1461243310.0833201408 8.6230173111
00004 1461243310.1034352779 8.6230173111
00005 1461243310.1234481335 8.6230173111
00006 1461243310.1433427334 8.6230173111
00007 1461243310.1633412838 8.6230173111
00008 1461243310.1829388142 8.6230173111
00009 1461243310.2043321133 8.6230173111
00010 1461243310.2242197990 8.6230173111
00011 1461243310.2427358627 8.6230173111
00012 1461243310.2645058632 8.6230173111
00013 1461243310.2839303017 8.6230173111
00014 1461243310.3026342392 8.6230173111
00015 1461243310.3243787289 8.6230173111
00016 1461243310.3445401192 8.6230173111
00017 1461243310.3628523350 8.6230173111
00018 1461243310.3830139637 8.6230173111
00019 1461243310.4031221867 8.6230173111
00020 1461243310.4226927757 8.6230173111
00021 1461243310.4429309368 8.6230173111
00022 1461243310.4631915092 8.6230173111
00023 1461243310.4826455116 8.6230173111
00024 1461243310.5028114319 8.6230173111
00025 1461243310.5231480598 8.6230173111
00026 1461243310.5425963402 8.6230173111
00027 1461243310.5627477169 8.6230173111
00028 1461243310.5825545788 8.6230173111
00029 1461243310.6026699543 8.6230173111
00030 1461243310.6226031780 8.6230173111
00031 1461243310.6429812908 8.6230173111
00032 1461243310.6626572609 8.6230173111
00033 1461243310.6826596260 8.6230173111
00034 1461243310.7030212879 8.6230173111
00035 1461243310.7248675823 8.6230173111
00036 1461243310.7427468300 8.4919300079
00037 1461243310.7625641823 8.4919300079
00038 1461243310.7826087475 8.4919300079
00039 1461243310.8026301861 8.4919300079
00040 1461243310.8245959282 8.4919300079
00041 1461243310.8425781727 8.4919300079
00042 1461243310.8626391888 8.3658943176
00043 1461243310.8827910423 8.3658943176
00044 1461243310.9026052952 8.3658943176
00045 1461243310.9244630337 8.3658943176
00046 1461243310.9425311089 8.3658943176
00047 1461243310.9625372887 8.2377548218
00048 1461243310.9825556278 8.2377548218
00049 1461243311.0026252270 8.2377548218
00050 1461243311.0244519711 8.2377548218
00051 1461243311.0426332951 8.2377548218
00052 1461243311.0626659393 8.1347370148
00053 1461243311.0830788612 8.1347370148
00054 1461243311.1026258469 8.1347370148
00055 1461243311.1246621609 8.1347370148
00056 1461243311.1429901123 8.1347370148
00057 1461243311.1627702713 8.0266666412
00058 1461243311.1825413704 8.0266666412
00059 1461243311.2028777599 8.0266666412
00060 1461243311.2241907120 8.0266666412
00061 1461243311.2425420284 8.0266666412
00062 1461243311.2624902725 7.9236493111
00063 1461243311.2829496861 7.9236493111
00064 1461243311.3027594090 7.9236493111
00065 1461243311.3228406906 7.9236493111
00066 1461243311.3428816795 7.9236493111
00067 1461243311.3630809784 7.9236493111
00068 1461243311.3829674721 7.9236493111
00069 1461243311.4033927917 7.9236493111
00070 1461243311.4226031303 7.9236493111
00071 1461243311.4429090023 7.9236493111
00072 1461243311.4627227783 7.9236493111
00073 1461243311.4828472137 7.9236493111
00074 1461243311.5028724670 7.9236493111
00075 1461243311.5228888988 7.9236493111
00076 1461243311.5429368019 7.9236493111
00077 1461243311.5628056526 7.9236493111
00078 1461243311.5827038288 7.9236493111
00079 1461243311.6029186249 7.9236493111
00080 1461243311.6226274967 7.9236493111
00081 1461243311.6427278519 7.9236493111
00082 1461243311.6625938416 7.9236493111
00083 1461243311.6825027466 7.9236493111
00084 1461243311.7024590969 7.9236493111
00085 1461243311.7225577831 7.9236493111
00086 1461243311.7425286770 7.9236493111
00087 1461243311.7624657154 7.9236493111
00088 1461243311.7824542522 7.9236493111
00089 1461243311.8025178909 7.9236493111
00090 1461243311.8232204914 7.9236493111
00091 1461243311.8426108360 7.9236493111
00092 1461243311.8625118732 7.9236493111
00093 1461243311.8824789524 7.9236493111
00094 1461243311.9030613899 7.9236493111
00095 1461243311.9224872589 7.9236493111
00096 1461243311.9428777695 7.9236493111
00097 1461243311.9628217220 7.9236493111
00098 1461243311.9826455116 7.9236493111
00099 1461243312.0027968884 7.9236493111
00100 1461243312.0229158401 7.9236493111
00101 1461243312.0426030159 7.9236493111
00102 1461243312.0631716251 7.9236493111
00103 1461243312.0830175877 7.9236493111
00104 1461243312.1029164791 7.9236493111
00105 1461243312.1244311333 7.9236493111
00106 1461243312.1435463428 7.9236493111
00107 1461243312.1633925438 7.9855437279
00108 1461243312.1833183765 7.9855437279
00109 1461243312.2031714916 7.9855437279
00110 1461243312.2253611088 7.9855437279
00111 1461243312.2434363365 8.0334033966
00112 1461243312.2628383636 8.0334033966
00113 1461243312.2828900814 8.0334033966
00114 1461243312.3031084538 8.0334033966
00115 1461243312.3249282837 8.0334033966
00116 1461243312.3431344032 8.1282806396
00117 1461243312.3628339767 8.1282806396
00118 1461243312.3824942112 8.1282806396
00119 1461243312.4025914669 8.1282806396
00120 1461243312.4249970913 8.1282806396
00121 1461243312.4426858425 8.1282806396
00122 1461243312.4627654552 8.2401399612
00123 1461243312.4828858376 8.2401399612
00124 1461243312.5029096603 8.2401399612
00125 1461243312.5242581367 8.2401399612
00126 1461243312.5428683758 8.2401399612
00127 1461243312.5628473759 8.3760004044
00128 1461243312.5825984478 8.3760004044
00129 1461243312.6027770042 8.3760004044
00130 1461243312.6243779659 8.3760004044
00131 1461243312.6428511143 8.3760004044
00132 1461243312.6624903679 8.4868774414
00133 1461243312.6824584007 8.4868774414
00134 1461243312.7024126053 8.4868774414
00135 1461243312.7225010395 8.4868774414
00136 1461243312.7425475121 8.4868774414
00137 1461243312.7625348568 8.4868774414
00138 1461243312.7824051380 8.4868774414
00139 1461243312.8024747372 8.4868774414
00140 1461243312.8225057125 8.4868774414
00141 1461243312.8424930573 8.4868774414
00142 1461243312.8628563881 8.4868774414
00143 1461243312.8827149868 8.4868774414
00144 1461243312.9028201103 8.4868774414
00145 1461243312.9225120544 8.4868774414
00146 1461243312.9430119991 8.4868774414
00147 1461243312.9625082016 8.4868774414
00148 1461243312.9828243256 8.4868774414
00149 1461243313.0027415752 8.4868774414
00150 1461243313.0226292610 8.4868774414
00151 1461243313.0425515175 8.4868774414
00152 1461243313.0624549389 8.4868774414
00153 1461243313.0825004578 8.4868774414
00154 1461243313.1027028561 8.4868774414
00155 1461243313.1226196289 8.4868774414
00156 1461243313.1427626610 8.4868774414
00157 1461243313.1626224518 8.4868774414
00158 1461243313.1828367710 8.4868774414
00159 1461243313.2028241158 8.4868774414
00160 1461243313.2227766514 8.4868774414
00161 1461243313.2425527573 8.4868774414
00162 1461243313.2627725601 8.4868774414
00163 1461243313.2824699879 8.4868774414
00164 1461243313.3030121326 8.4868774414
00165 1461243313.3228759766 8.4868774414
00166 1461243313.3425509930 8.4868774414
00167 1461243313.3625319004 8.4868774414
00168 1461243313.3828020096 8.4868774414
00169 1461243313.4031560421 8.4868774414
00170 1461243313.4224262238 8.4868774414
00171 1461243313.4428951740 8.4868774414
00172 1461243313.4629902840 8.4868774414
00173 1461243313.4825532436 8.4868774414
00174 1461243313.5024106503 8.4868774414
00175 1461243313.5228343010 8.4868774414
00176 1461243313.5425443649 8.4868774414
00177 1461243313.5624814034 8.4868774414
00178 1461243313.5824434757 8.4868774414
00179 1461243313.6023962498 8.4868774414
00180 1461243313.6224379539 8.4868774414
00181 1461243313.6423957348 8.4868774414
00182 1461243313.6624169350 8.4868774414
00183 1461243313.6825859547 8.4868774414
00184 1461243313.7024202347 8.4868774414
00185 1461243313.7225024700 8.4868774414
00186 1461243313.7427704334 8.4868774414
00187 1461243313.7624146938 8.4868774414
00188 1461243313.7825634480 8.4868774414
00189 1461243313.8024342060 8.4868774414
00190 1461243313.8227725029 8.4868774414
00191 1461243313.8424491882 8.4868774414
00192 1461243313.8625397682 8.4868774414
00193 1461243313.8826677799 8.4868774414
00194 1461243313.9024121761 8.4868774414
00195 1461243313.9224150181 8.4868774414
00196 1461243313.9424927235 8.4868774414
00197 1461243313.9630289078 8.4868774414
00198 1461243313.9824326038 8.4868774414
00199 1461243314.0023944378 8.4868774414
00200 1461243314.0227305889 8.4868774414
00201 1461243314.0423977375 8.4868774414
00202 1461243314.0627639294 8.4868774414
00203 1461243314.0825719833 8.4868774414
00204 1461243314.1025552750 8.4868774414
00205 1461243314.1226942539 8.4868774414
00206 1461243314.1424336433 8.4868774414
00207 1461243314.1624031067 8.4868774414
00208 1461243314.1823627949 8.4868774414
00209 1461243314.2024297714 8.4868774414
00210 1461243314.2225255966 8.4868774414
00211 1461243314.2424170971 8.4868774414
00212 1461243314.2625787258 8.4868774414
00213 1461243314.2825193405 8.4868774414
00214 1461243314.3027956486 8.4868774414
00215 1461243314.3223550320 8.4868774414
00216 1461243314.3429975510 8.4868774414
00217 1461243314.3624904156 8.4868774414
00218 1461243314.3824882507 8.4868774414
00219 1461243314.4028880596 8.4868774414
00220 1461243314.4226839542 8.4868774414
00221 1461243314.4425082207 8.4868774414
00222 1461243314.4629249573 8.4868774414
00223 1461243314.4829068184 8.4868774414
00224 1461243314.5023133755 8.4868774414
00225 1461243314.5230956078 8.4868774414
00226 1461243314.5428318977 8.4868774414
00227 1461243314.5624575615 8.4868774414
00228 1461243314.5824759007 8.4868774414
00229 1461243314.6027030945 8.4868774414
00230 1461243314.6223268509 8.4868774414
00231 1461243314.6424713135 8.4868774414
00232 1461243314.6623904705 8.4868774414
00233 1461243314.6822924614 8.4868774414
00234 1461243314.7023744583 8.4868774414
00235 1461243314.7222738266 8.4868774414
00236 1461243314.7423236370 8.4868774414
00237 1461243314.7627623081 8.4868774414
00238 1461243314.7824113369 8.4868774414
00239 1461243314.8023195267 8.4868774414
00240 1461243314.8231363297 8.4868774414
00241 1461243314.8426299095 8.4868774414
00242 1461243314.8624086380 8.4868774414
00243 1461243314.8828756809 8.4868774414
00244 1461243314.9029021263 8.4868774414
00245 1461243314.9224035740 8.4868774414
00246 1461243314.9426355362 8.4868774414
00247 1461243314.9626483917 8.4868774414
00248 1461243314.9822790623 8.4868774414
00249 1461243315.0024816990 8.4868774414
00250 1461243315.0222585201 8.4868774414
00251 1461243315.0427033901 8.4868774414
00252 1461243315.0622992516 8.4868774414
00253 1461243315.0826194286 8.4868774414
00254 1461243315.1027946472 8.4868774414
00255 1461243315.1223189831 8.4868774414
00256 1461243315.1423521042 8.4868774414
00257 1461243315.1622819901 8.4868774414
00258 1461243315.1823778152 8.4868774414
00259 1461243315.2026033401 8.4868774414
00260 1461243315.2223033905 8.4868774414
00261 1461243315.2426698208 8.4868774414
00262 1461243315.2623922825 8.4868774414
00263 1461243315.2823457718 8.4868774414
00264 1461243315.3027243614 8.4868774414
00265 1461243315.3223998547 8.4868774414
00266 1461243315.3423185349 8.4868774414
00267 1461243315.3638675213 8.4868774414
00268 1461243315.3825545311 8.4868774414
00269 1461243315.4026918411 8.4868774414
00270 1461243315.4224863052 8.4868774414
00271 1461243315.4425220490 8.4868774414
00272 1461243315.4625041485 8.4868774414
00273 1461243315.4823415279 8.4868774414
00274 1461243315.5023744106 8.4868774414
00275 1461243315.5224182606 8.4868774414
00276 1461243315.5427815914 8.4868774414
00277 1461243315.5626647472 8.4868774414
00278 1461243315.5826594830 8.4868774414
00279 1461243315.6023035049 8.4868774414
00280 1461243315.6229898930 8.4868774414
00281 1461243315.6425576210 8.4868774414
00282 1461243315.6624360085 8.4868774414
00283 1461243315.6826472282 8.4868774414
00284 1461243315.7023324966 8.4868774414
00285 1461243315.7226815224 8.4868774414
00286 1461243315.7426910400 8.4868774414
00287 1461243315.7622745037 8.4868774414
00288 1461243315.7827298641 8.4868774414
00289 1461243315.8026630878 8.4868774414
00290 1461243315.8223528862 8.4868774414
00291 1461243315.8425352573 8.4868774414
00292 1461243315.8624780178 8.4868774414
00293 1461243315.8822810650 8.4868774414
00294 1461243315.9028244019 8.4868774414
00295 1461243315.9223048687 8.4868774414
00296 1461243315.9427061081 8.4868774414
00297 1461243315.9625799656 8.4868774414
00298 1461243315.9827103615 8.4868774414
00299 1461243316.0025238991 8.4868774414
00300 1461243316.0226473808 8.4868774414
00301 1461243316.0426132679 8.4868774414
00302 1461243316.0623674393 8.4868774414
00303 1461243316.0827517509 8.4868774414
00304 1461243316.1026556492 8.4868774414
00305 1461243316.1222815514 8.4868774414
00306 1461243316.1425771713 8.4868774414
00307 1461243316.1627886295 8.4868774414
00308 1461243316.1824660301 8.4868774414
00309 1461243316.2027924061 8.4868774414
00310 1461243316.2227742672 8.4868774414
00311 1461243316.2425339222 8.4868774414
00312 1461243316.2625620365 8.4868774414
00313 1461243316.2828514576 8.4868774414
00314 1461243316.3022446632 8.4868774414
00315 1461243316.3246216774 8.4868774414
00316 1461243316.3439130783 8.4868774414
00317 1461243316.3641264439 8.4868774414
00318 1461243316.3835246563 8.4868774414
00319 1461243316.4026436806 8.4868774414
00320 1461243316.4223003387 8.4868774414
00321 1461243316.4425995350 8.4868774414
00322 1461243316.4626443386 8.4868774414
00323 1461243316.4823956490 8.4868774414
00324 1461243316.5029532909 8.4868774414
00325 1461243316.5226590633 8.4868774414
00326 1461243316.5423867702 8.4868774414
00327 1461243316.5629620552 8.4868774414
00328 1461243316.5826017857 8.4868774414
00329 1461243316.6025249958 8.4868774414
00330 1461243316.6237688065 8.4868774414
00331 1461243316.6437959671 8.4868774414
00332 1461243316.6624393463 8.4868774414
00333 1461243316.6837465763 8.4868774414
00334 1461243316.7037746906 8.4868774414
00335 1461243316.7230668068 8.4868774414
00336 1461243316.7430593967 8.4868774414
00337 1461243316.7636907101 8.4868774414
00338 1461243316.7831485271 8.4868774414
00339 1461243316.8029422760 8.4868774414
00340 1461243316.8231487274 8.4868774414
00341 1461243316.8437917233 8.4868774414
00342 1461243316.8630645275 8.4868774414
00343 1461243316.8830173016 8.4868774414
00344 1461243316.9026141167 8.4868774414
00345 1461243316.9223110676 8.4868774414
00346 1461243316.9425704479 8.4868774414
00347 1461243316.9626214504 8.4868774414
00348 1461243316.9822936058 8.4868774414
00349 1461243317.0027167797 8.4868774414
00350 1461243317.0222661495 8.4868774414
00351 1461243317.0423150063 8.4868774414
00352 1461243317.0622925758 8.4868774414
00353 1461243317.0822854042 8.4868774414
00354 1461243317.1025149822 8.4868774414
00355 1461243317.1224362850 8.4868774414
00356 1461243317.1421968937 8.4868774414
00357 1461243317.1626191139 8.4868774414
00358 1461243317.1827936172 8.4868774414
00359 1461243317.2024140358 8.4868774414
00360 1461243317.2226119041 8.4868774414
00361 1461243317.2424063683 8.4868774414
00362 1461243317.2623441219 8.4868774414
00363 1461243317.2822597027 8.4868774414
00364 1461243317.3025884628 8.4868774414
00365 1461243317.3224611282 8.4868774414
00366 1461243317.3423457146 8.4868774414
00367 1461243317.3622069359 8.4868774414
00368 1461243317.3826513290 8.4868774414
00369 1461243317.4024074078 8.4868774414
00370 1461243317.4223275185 8.4868774414
00371 1461243317.4422140121 8.4868774414
00372 1461243317.4621901512 8.4868774414
00373 1461243317.4821951389 8.4868774414
00374 1461243317.5022635460 8.4868774414
00375 1461243317.5222413540 8.4868774414
00376 1461243317.5424060822 8.4868774414
00377 1461243317.5623154640 8.4868774414
00378 1461243317.5822086334 8.4868774414
00379 1461243317.6027822495 8.4868774414
00380 1461243317.6222414970 8.4868774414
00381 1461243317.6428487301 8.4868774414
00382 1461243317.6635825634 8.4868774414
00383 1461243317.6829500198 8.4868774414
00384 1461243317.7022407055 8.4868774414
00385 1461243317.7221500874 8.4868774414
00386 1461243317.7422256470 8.4868774414
00387 1461243317.7622067928 8.4868774414
00388 1461243317.7822706699 8.4868774414
00389 1461243317.8022394180 8.4868774414
00390 1461243317.8221364021 8.4868774414
00391 1461243317.8426632881 8.4868774414
00392 1461243317.8626859188 8.4868774414
00393 1461243317.8822057247 8.4868774414
00394 1461243317.9028582573 8.4868774414
00395 1461243317.9225552082 8.4868774414
00396 1461243317.9428515434 8.4868774414
00397 1461243317.9625802040 8.4868774414
00398 1461243317.9822518826 8.4868774414
00399 1461243318.0026385784 8.4868774414
00400 1461243318.0224232674 8.4868774414
00401 1461243318.0422978401 8.4868774414
00402 1461243318.0626575947 8.4868774414
00403 1461243318.0823409557 8.4868774414
00404 1461243318.1021997929 8.4868774414
00405 1461243318.1222639084 8.4868774414
00406 1461243318.1422953606 8.4868774414
00407 1461243318.1623101234 8.4868774414
00408 1461243318.1822392941 8.4868774414
00409 1461243318.2022297382 8.4868774414
00410 1461243318.2221555710 8.4868774414
00411 1461243318.2422211170 8.4868774414
00412 1461243318.2621679306 8.4868774414
00413 1461243318.2822146416 8.4868774414
00414 1461243318.3023200035 8.4868774414
00415 1461243318.3236439228 8.4868774414
00416 1461243318.3422477245 8.4338245392
00417 1461243318.3623099327 8.4338245392
00418 1461243318.3823387623 8.4338245392
00419 1461243318.4023170471 8.4338245392
00420 1461243318.4224493504 8.4338245392
00421 1461243318.4426853657 8.4338245392
00422 1461243318.4627320766 8.4338245392
00423 1461243318.4826335907 8.4338245392
00424 1461243318.5026924610 8.4338245392
00425 1461243318.5226492882 8.4338245392
00426 1461243318.5425758362 8.4338245392
00427 1461243318.5626745224 8.4338245392
00428 1461243318.5821270943 8.4338245392
00429 1461243318.6029238701 8.4338245392
00430 1461243318.6240713596 8.4338245392
00431 1461243318.6429343224 8.4338245392
00432 1461243318.6636226177 8.4338245392
00433 1461243318.6838788986 8.4338245392
00434 1461243318.7028396130 8.4338245392
00435 1461243318.7235050201 8.4338245392
00436 1461243318.7436928749 8.4338245392
00437 1461243318.7659454346 8.4338245392
00438 1461243318.8044042587 8.4338245392
00439 1461243318.8233683109 8.4338245392
00440 1461243318.8384697437 8.4338245392
00441 1461243318.8520462513 8.4338245392
00442 1461243318.8634428978 8.4338245392
00443 1461243318.8834261894 8.4338245392
00444 1461243318.9027545452 8.4338245392
00445 1461243318.9226095676 8.4338245392
00446 1461243318.9423995018 8.4338245392
00447 1461243318.9623339176 8.4338245392
00448 1461243318.9823772907 8.4338245392
00449 1461243319.0023140907 8.4338245392
00450 1461243319.0221331120 8.4338245392
00451 1461243319.0421338081 8.4338245392
00452 1461243319.0621232986 8.4338245392
00453 1461243319.0821022987 8.4338245392
00454 1461243319.1022043228 8.4338245392
00455 1461243319.1221570969 8.4338245392
00456 1461243319.1426584721 8.4338245392
00457 1461243319.1620740891 8.4338245392
00458 1461243319.1822674274 8.4338245392
00459 1461243319.2026405334 8.4338245392
00460 1461243319.2220833302 8.4338245392
00461 1461243319.2422468662 8.4338245392
00462 1461243319.2629170418 8.4338245392
00463 1461243319.2821695805 8.4338245392
00464 1461243319.3023283482 8.4338245392
00465 1461243319.3224749565 8.4338245392
00466 1461243319.3426554203 8.4338245392
00467 1461243319.3624968529 8.4338245392
00468 1461243319.3825151920 8.4338245392
00469 1461243319.4026479721 8.4338245392
00470 1461243319.4220862389 8.4338245392
00471 1461243319.4424571991 8.4338245392
00472 1461243319.4624645710 8.4338245392
00473 1461243319.4822835922 8.4338245392
00474 1461243319.5024340153 8.4338245392
00475 1461243319.5245687962 8.4338245392
00476 1461243319.5425279140 8.4338245392
00477 1461243319.5621001720 8.5696840286
00478 1461243319.5824460983 8.5696840286
00479 1461243319.6021842957 8.5696840286
00480 1461243319.6248185635 8.5696840286
00481 1461243319.6424202919 8.5696840286
00482 1461243319.6622099876 8.6645612717
00483 1461243319.6821527481 8.6645612717
00484 1461243319.7020685673 8.6645612717
00485 1461243319.7245738506 8.6645612717
00486 1461243319.7423853874 8.6645612717
00487 1461243319.7626593113 8.7875089645
00488 1461243319.7822222710 8.7875089645
00489 1461243319.8021507263 8.7875089645
00490 1461243319.8238759041 8.7875089645
00491 1461243319.8420388699 8.7875089645
00492 1461243319.8623838425 8.8774738312
00493 1461243319.8821022511 8.8774738312
00494 1461243319.9020931721 8.8774738312
00495 1461243319.9225494862 8.8774738312
00496 1461243319.9422318935 8.8774738312
00497 1461243319.9620752335 8.8774738312
00498 1461243319.9824278355 8.8774738312
00499 1461243320.0021786690 8.8774738312
00500 1461243320.0237188339 8.8774738312
00501 1461243320.0434904099 8.8774738312
00502 1461243320.0629572868 8.8774738312
00503 1461243320.0830340385 8.8774738312
00504 1461243320.1029250622 8.8774738312
00505 1461243320.1222052574 8.8774738312
00506 1461243320.1420629025 8.8774738312
00507 1461243320.1626091003 8.8774738312
00508 1461243320.1821296215 8.8774738312
00509 1461243320.2022409439 8.8774738312
00510 1461243320.2223472595 8.8774738312
00511 1461243320.2420620918 8.8774738312
00512 1461243320.2624135017 8.8774738312
00513 1461243320.2823991776 8.8774738312
00514 1461243320.3024046421 8.8774738312
00515 1461243320.3225281239 8.8774738312
00516 1461243320.3423740864 8.8774738312
00517 1461243320.3623814583 8.8774738312
00518 1461243320.3820931911 8.8774738312
00519 1461243320.4024000168 8.8774738312
00520 1461243320.4222149849 8.8774738312
00521 1461243320.4421954155 8.8774738312
00522 1461243320.4623346329 8.8774738312
00523 1461243320.4824392796 8.8774738312
00524 1461243320.5020701885 8.8774738312
00525 1461243320.5220782757 8.8774738312
00526 1461243320.5419988632 8.8774738312
00527 1461243320.5620112419 8.8774738312
00528 1461243320.5821039677 8.8774738312
00529 1461243320.6023020744 8.8774738312
00530 1461243320.6230137348 8.8774738312
00531 1461243320.6435799599 8.8774738312
00532 1461243320.6620507240 8.8774738312
00533 1461243320.6824507713 8.8774738312
00534 1461243320.7023031712 8.8774738312
00535 1461243320.7240836620 8.8774738312
00536 1461243320.7425255775 8.8774738312
00537 1461243320.7625565529 8.9953680038
00538 1461243320.7823021412 8.9953680038
00539 1461243320.8020639420 8.9953680038
00540 1461243320.8246681690 8.9953680038
00541 1461243320.8427805901 8.9953680038
00542 1461243320.8622877598 9.1462459564
00543 1461243320.8826785088 9.1462459564
00544 1461243320.9025576115 9.1462459564
00545 1461243320.9240338802 9.1462459564
00546 1461243320.9437727928 9.1462459564
00547 1461243320.9639408588 9.3950881958
00548 1461243320.9822809696 9.3950881958
00549 1461243321.0039155483 9.3950881958
00550 1461243321.0266008377 9.3950881958
00551 1461243321.0426635742 9.7459650040
00552 1461243321.0635485649 9.7459650040
00553 1461243321.0839407444 9.7459650040
00554 1461243321.1026906967 9.7459650040
00555 1461243321.1259157658 9.7459650040
00556 1461243321.1437845230 9.7459650040
00557 1461243321.1625113487 10.2298946381
00558 1461243321.1838848591 10.2298946381
00559 1461243321.2039256096 10.2298946381
00560 1461243321.2241723537 10.2298946381
00561 1461243321.2425539494 10.2298946381
00562 1461243321.2620646954 10.8357896805
00563 1461243321.2825458050 10.8357896805
00564 1461243321.3025038242 10.8357896805
00565 1461243321.3244647980 10.8357896805
00566 1461243321.3421049118 10.8357896805
00567 1461243321.3623754978 11.5507364273
00568 1461243321.3819022179 11.5507364273
00569 1461243321.4020407200 11.5507364273
00570 1461243321.4245789051 11.5507364273
00571 1461243321.4421160221 11.5507364273
00572 1461243321.4624791145 12.3406314850
00573 1461243321.4820914268 12.3406314850
00574 1461243321.5020105839 12.3406314850
00575 1461243321.5241682529 12.3406314850
00576 1461243321.5419595242 12.3406314850
00577 1461243321.5619838238 13.1065263748
00578 1461243321.5822653770 13.1065263748
00579 1461243321.6020138264 13.1065263748
00580 1461243321.6238162518 13.1065263748
00581 1461243321.6419866085 13.1065263748
00582 1461243321.6621630192 13.9463863373
00583 1461243321.6820721626 13.9463863373
00584 1461243321.7020330429 13.9463863373
00585 1461243321.7246437073 13.9463863373
00586 1461243321.7420351505 13.9463863373
00587 1461243321.7625572681 14.5532627106
00588 1461243321.7824311256 14.5532627106
00589 1461243321.8021824360 14.5532627106
00590 1461243321.8237085342 14.5532627106
00591 1461243321.8422772884 14.5532627106
00592 1461243321.8620150089 14.9941053391
00593 1461243321.8821749687 14.9941053391
00594 1461243321.9025259018 14.9941053391
00595 1461243321.9221680164 14.9941053391
00596 1461243321.9421858788 14.9941053391
00597 1461243321.9625272751 14.9941053391
00598 1461243321.9819524288 14.9941053391
00599 1461243322.0022180080 15.0310173035
00600 1461243322.0241186619 15.0310173035
00601 1461243322.0426216125 15.0310173035
00602 1461243322.0619714260 15.0310173035
00603 1461243322.0824525356 15.0310173035
00604 1461243322.1024949551 15.0310173035
00605 1461243322.1240026951 15.0310173035
00606 1461243322.1423075199 15.0310173035
00607 1461243322.1624886990 14.8359298706
00608 1461243322.1823060513 14.8359298706
00609 1461243322.2024536133 14.8359298706
00610 1461243322.2243285179 14.8359298706
00611 1461243322.2419536114 14.8359298706
00612 1461243322.2618911266 14.3237895966
00613 1461243322.2820341587 14.3237895966
00614 1461243322.3019244671 14.3237895966
00615 1461243322.3238000870 14.3237895966
00616 1461243322.3420386314 14.3237895966
00617 1461243322.3628354073 13.6147365570
00618 1461243322.3818354607 13.6147365570
00619 1461243322.4021983147 13.6147365570
00620 1461243322.4244544506 13.6147365570
00621 1461243322.4419176579 13.6147365570
00622 1461243322.4618952274 12.7536840439
00623 1461243322.4827923775 12.7536840439
00624 1461243322.5019121170 12.7536840439
00625 1461243322.5242211819 12.7536840439
00626 1461243322.5423572063 12.7536840439
00627 1461243322.5621223450 11.8496837616
00628 1461243322.5819809437 11.8496837616
00629 1461243322.6022825241 11.8496837616
00630 1461243322.6240794659 11.8496837616
00631 1461243322.6419558525 11.8496837616
00632 1461243322.6622779369 11.0056142807
00633 1461243322.6819357872 11.0056142807
00634 1461243322.7018809319 11.0056142807
00635 1461243322.7238645554 11.0056142807
00636 1461243322.7419142723 11.0056142807
00637 1461243322.7623155117 10.2315788269
00638 1461243322.7820816040 10.2315788269
00639 1461243322.8020355701 10.2315788269
00640 1461243322.8239889145 10.2315788269
00641 1461243322.8421051502 10.2315788269
00642 1461243322.8618762493 9.4944562912
00643 1461243322.8822455406 9.4944562912
00644 1461243322.9019684792 9.4944562912
00645 1461243322.9243996143 9.4944562912
00646 1461243322.9419960976 9.4944562912
00647 1461243322.9619026184 8.8933334351
00648 1461243322.9825606346 8.8933334351
00649 1461243323.0018765926 8.8933334351
00650 1461243323.0240314007 8.8933334351
00651 1461243323.0420391560 8.8933334351
00652 1461243323.0620057583 8.3842811584
00653 1461243323.0818593502 8.3842811584
00654 1461243323.1024117470 8.3842811584
00655 1461243323.1243069172 8.3842811584
00656 1461243323.1421196461 8.3842811584
00657 1461243323.1634182930 8.0352277756
00658 1461243323.1836524010 8.0352277756
00659 1461243323.2020597458 8.0352277756
00660 1461243323.2244658470 8.0352277756
00661 1461243323.2431232929 8.0352277756
00662 1461243323.2629096508 7.7291226387
00663 1461243323.2824676037 7.7291226387
00664 1461243323.3033080101 7.7291226387
00665 1461243323.3249645233 7.7291226387
00666 1461243323.3428483009 7.7291226387
00667 1461243323.3618555069 7.4879999161
00668 1461243323.3821649551 7.4879999161
00669 1461243323.4024317265 7.4879999161
00670 1461243323.4246840477 7.4879999161
00671 1461243323.4433553219 7.4879999161
00672 1461243323.4631145000 7.3229475021
00673 1461243323.4827990532 7.3229475021
00674 1461243323.5033106804 7.3229475021
00675 1461243323.5219492912 7.3229475021
00676 1461243323.5419504642 7.3229475021
00677 1461243323.5622363091 7.3229475021
00678 1461243323.5819585323 7.3229475021
00679 1461243323.6018028259 7.3229475021
00680 1461243323.6218812466 7.3229475021
00681 1461243323.6419005394 7.3229475021
00682 1461243323.6618444920 7.3229475021
00683 1461243323.6819431782 7.3229475021
00684 1461243323.7019164562 7.3229475021
00685 1461243323.7240002155 7.3229475021
00686 1461243323.7417943478 7.4018244743
00687 1461243323.7619807720 7.4018244743
00688 1461243323.7819592953 7.4018244743
00689 1461243323.8018982410 7.4018244743
00690 1461243323.8241446018 7.4018244743
00691 1461243323.8418898582 7.4957194328
00692 1461243323.8624591827 7.4957194328
00693 1461243323.8823223114 7.4957194328
00694 1461243323.9023153782 7.4957194328
00695 1461243323.9236743450 7.4957194328
00696 1461243323.9420173168 7.4957194328
00697 1461243323.9619827271 7.6516489983
00698 1461243323.9819118977 7.6516489983
00699 1461243324.0021626949 7.6516489983
00700 1461243324.0238525867 7.6516489983
00701 1461243324.0421550274 7.6516489983
00702 1461243324.0620980263 7.8435087204
00703 1461243324.0819420815 7.8435087204
00704 1461243324.1018867493 7.8435087204
00705 1461243324.1237595081 7.8435087204
00706 1461243324.1427266598 7.8435087204
00707 1461243324.1619124413 8.0433683395
00708 1461243324.1818490028 8.0433683395
00709 1461243324.2017908096 8.0433683395
00710 1461243324.2236902714 8.0433683395
00711 1461243324.2419991493 8.0433683395
00712 1461243324.2618715763 8.1992979050
00713 1461243324.2819182873 8.1992979050
00714 1461243324.3020157814 8.1992979050
00715 1461243324.3237843513 8.1992979050
00716 1461243324.3418221474 8.1992979050
00717 1461243324.3621604443 8.3361406326
00718 1461243324.3818554878 8.3361406326
00719 1461243324.4017906189 8.3361406326
00720 1461243324.4221861362 8.3361406326
00721 1461243324.4422872066 8.3361406326
00722 1461243324.4621429443 8.3361406326
00723 1461243324.4817886353 8.3361406326
00724 1461243324.5019512177 8.3361406326
00725 1461243324.5218982697 8.3361406326
00726 1461243324.5418412685 8.3361406326
00727 1461243324.5619006157 8.3361406326
00728 1461243324.5819001198 8.3361406326
00729 1461243324.6017808914 8.3361406326
00730 1461243324.6218428612 8.3361406326
00731 1461243324.6419188976 8.3361406326
00732 1461243324.6618237495 8.3361406326
00733 1461243324.6820194721 8.3361406326
00734 1461243324.7018942833 8.3361406326
00735 1461243324.7217788696 8.3361406326
00736 1461243324.7419497967 8.3361406326
00737 1461243324.7617883682 8.3361406326
00738 1461243324.7817792892 8.3361406326
00739 1461243324.8019545078 8.3361406326
00740 1461243324.8236620426 8.3361406326
00741 1461243324.8420591354 8.2741050720
00742 1461243324.8620257378 8.2741050720
00743 1461243324.8818495274 8.2741050720
00744 1461243324.9017848969 8.2741050720
00745 1461243324.9241478443 8.2741050720
00746 1461243324.9419856071 8.2741050720
00747 1461243324.9622275829 8.1970529556
00748 1461243324.9819653034 8.1970529556
00749 1461243325.0018362999 8.1970529556
00750 1461243325.0234043598 8.1970529556
00751 1461243325.0421524048 8.1970529556
00752 1461243325.0618221760 8.0179653168
00753 1461243325.0820860863 8.0179653168
00754 1461243325.1020946503 8.0179653168
00755 1461243325.1237645149 8.0179653168
00756 1461243325.1417887211 8.0179653168
00757 1461243325.1618447304 7.7998595238
00758 1461243325.1819033623 7.7998595238
00759 1461243325.2019138336 7.7998595238
00760 1461243325.2236356735 7.7998595238
00761 1461243325.2425708771 7.7998595238
00762 1461243325.2619948387 7.5567717552
00763 1461243325.2820603848 7.5567717552
00764 1461243325.3016519547 7.5567717552
00765 1461243325.3235874176 7.5567717552
00766 1461243325.3417356014 7.5567717552
00767 1461243325.3630123138 7.2836489677
00768 1461243325.3819787502 7.2836489677
00769 1461243325.4020988941 7.2836489677
00770 1461243325.4235785007 7.2836489677
00771 1461243325.4421026707 7.2836489677
00772 1461243325.4620285034 6.9905962944
00773 1461243325.4818046093 6.9905962944
00774 1461243325.5017719269 6.9905962944
00775 1461243325.5236735344 6.9905962944
00776 1461243325.5417542458 6.9905962944
00777 1461243325.5617046356 6.7055439949
00778 1461243325.5819292068 6.7055439949
00779 1461243325.6020398140 6.7055439949
00780 1461243325.6238219738 6.7055439949
00781 1461243325.6418132782 6.7055439949
00782 1461243325.6617536545 6.4454736710
00783 1461243325.6817123890 6.4454736710
00784 1461243325.7016906738 6.4454736710
00785 1461243325.7237262726 6.4454736710
00786 1461243325.7430400848 6.4454736710
00787 1461243325.7616186142 6.2064561844
00788 1461243325.7819042206 6.2064561844
00789 1461243325.8017194271 6.2064561844
00790 1461243325.8240785599 6.2064561844
00791 1461243325.8420212269 6.2064561844
00792 1461243325.8619372845 5.9924211502
00793 1461243325.8819949627 5.9924211502
00794 1461243325.9019322395 5.9924211502
00795 1461243325.9236454964 5.9924211502
00796 1461243325.9420576096 5.9924211502
00797 1461243325.9617063999 5.8053331375
00798 1461243325.9816625118 5.8053331375
00799 1461243326.0016880035 5.8053331375
00800 1461243326.0236637592 5.8053331375
00801 1461243326.0417318344 5.8053331375
00802 1461243326.0616555214 5.6652631760
00803 1461243326.0817134380 5.6652631760
00804 1461243326.1020064354 5.6652631760
00805 1461243326.1240530014 5.6652631760
00806 1461243326.1419067383 5.6652631760
00807 1461243326.1619613171 5.5132632256
00808 1461243326.1821615696 5.5132632256
00809 1461243326.2021934986 5.5132632256
00810 1461243326.2238945961 5.5132632256
00811 1461243326.2429761887 5.3942456245
00812 1461243326.2617101669 5.3942456245
00813 1461243326.2816598415 5.3942456245
00814 1461243326.3016250134 5.3942456245
00815 1461243326.3239543438 5.3942456245
00816 1461243326.3415822983 5.3942456245
00817 1461243326.3620002270 5.2791581154
00818 1461243326.3820555210 5.2791581154
00819 1461243326.4016156197 5.2791581154
00820 1461243326.4236590862 5.2791581154
00821 1461243326.4417581558 5.2791581154
00822 1461243326.4620110989 5.1880702972
00823 1461243326.4820153713 5.1880702972
00824 1461243326.5016081333 5.1880702972
00825 1461243326.5251066685 5.1880702972
00826 1461243326.5432097912 5.1880702972
00827 1461243326.5616343021 5.0969824791
00828 1461243326.5815353394 5.0969824791
00829 1461243326.6017034054 5.0969824791
00830 1461243326.6216542721 5.0969824791
00831 1461243326.6416263580 5.0969824791
00832 1461243326.6617360115 5.0969824791
00833 1461243326.6817724705 5.0969824791
00834 1461243326.7016663551 5.0969824791
00835 1461243326.7220833302 5.0969824791
00836 1461243326.7419111729 5.0969824791
00837 1461243326.7618441582 5.0969824791
00838 1461243326.7817301750 5.0969824791
00839 1461243326.8018207550 5.0969824791
00840 1461243326.8235452175 5.0969824791
00841 1461243326.8418464661 5.0269474983
00842 1461243326.8616468906 5.0269474983
00843 1461243326.8817000389 5.0269474983
00844 1461243326.9030766487 5.0269474983
00845 1461243326.9229898453 5.0269474983
00846 1461243326.9428334236 5.0269474983
00847 1461243326.9624252319 5.0269474983
00848 1461243326.9824957848 5.0269474983
00849 1461243327.0034229755 5.0269474983
00850 1461243327.0218636990 5.0269474983
00851 1461243327.0416996479 5.0269474983
00852 1461243327.0622022152 5.0269474983
00853 1461243327.0817210674 5.0269474983
00854 1461243327.1022436619 5.0269474983
00855 1461243327.1219136715 5.0269474983
00856 1461243327.1418797970 5.0269474983
00857 1461243327.1616721153 5.0269474983
00858 1461243327.1820302010 5.0269474983
00859 1461243327.2019436359 5.0269474983
00860 1461243327.2216405869 5.0269474983
00861 1461243327.2421903610 5.0269474983
00862 1461243327.2619569302 5.0269474983
00863 1461243327.2818219662 5.0269474983
00864 1461243327.3019835949 5.0269474983
00865 1461243327.3219764233 5.0269474983
00866 1461243327.3416130543 5.0269474983
00867 1461243327.3623600006 5.0269474983
00868 1461243327.3819019794 5.0269474983
00869 1461243327.4016411304 5.0269474983
00870 1461243327.4222929478 5.0269474983
00871 1461243327.4422972202 5.0269474983
00872 1461243327.4619700909 5.0269474983
00873 1461243327.4822821617 5.0269474983
00874 1461243327.5020165443 5.0269474983
00875 1461243327.5216147900 5.0269474983
00876 1461243327.5424003601 5.0269474983
00877 1461243327.5618860722 5.0269474983
00878 1461243327.5821077824 5.0269474983
00879 1461243327.6024246216 5.0269474983
00880 1461243327.6240937710 5.0269474983
00881 1461243327.6418979168 5.0269474983
00882 1461243327.6624391079 5.0618948936
00883 1461243327.6817026138 5.0618948936
00884 1461243327.7016553879 5.0618948936
00885 1461243327.7241778374 5.0618948936
00886 1461243327.7416062355 5.0618948936
00887 1461243327.7617402077 5.1068072319
00888 1461243327.7824800014 5.1068072319
00889 1461243327.8017766476 5.1068072319
00890 1461243327.8237929344 5.1068072319
00891 1461243327.8420567513 5.1068072319
00892 1461243327.8617763519 5.1827368736
00893 1461243327.8816063404 5.1827368736
00894 1461243327.9021646976 5.1827368736
00895 1461243327.9235999584 5.1827368736
00896 1461243327.9416463375 5.1827368736
00897 1461243327.9623908997 5.3115787506
00898 1461243327.9819104671 5.3115787506
00899 1461243328.0015423298 5.3115787506
00900 1461243328.0244331360 5.3115787506
00901 1461243328.0415556431 5.3115787506
00902 1461243328.0625035763 5.4755086899
00903 1461243328.0821189880 5.4755086899
00904 1461243328.1017680168 5.4755086899
00905 1461243328.1235132217 5.4755086899
00906 1461243328.1417381763 5.4755086899
00907 1461243328.1617116928 5.6494035721
00908 1461243328.1816205978 5.6494035721
00909 1461243328.2017524242 5.6494035721
00910 1461243328.2233543396 5.6494035721
00911 1461243328.2416560650 5.6494035721
00912 1461243328.2615954876 5.8383159637
00913 1461243328.2817475796 5.8383159637
00914 1461243328.3017404079 5.8383159637
00915 1461243328.3237845898 5.8383159637
00916 1461243328.3416404724 5.8383159637
00917 1461243328.3624017239 6.0391578674
00918 1461243328.3818516731 6.0391578674
00919 1461243328.4017524719 6.0391578674
00920 1461243328.4237492085 6.0391578674
00921 1461243328.4420537949 6.0391578674
00922 1461243328.4619500637 6.2719998360
00923 1461243328.4816794395 6.2719998360
00924 1461243328.5015795231 6.2719998360
00925 1461243328.5234124660 6.2719998360
00926 1461243328.5416836739 6.2719998360
00927 1461243328.5615708828 6.5108771324
00928 1461243328.5816302299 6.5108771324
00929 1461243328.6015520096 6.5108771324
00930 1461243328.6235334873 6.5108771324
00931 1461243328.6415195465 6.5108771324
00932 1461243328.6615304947 6.7607016563
00933 1461243328.6815755367 6.7607016563
00934 1461243328.7017166615 6.7607016563
00935 1461243328.7233581543 6.7607016563
00936 1461243328.7416749001 6.7607016563
00937 1461243328.7616364956 7.0225963593
00938 1461243328.7816011906 7.0225963593
00939 1461243328.8018651009 7.0225963593
00940 1461243328.8237547874 7.0225963593
00941 1461243328.8416507244 7.2704563141
00942 1461243328.8620932102 7.2704563141
00943 1461243328.8816494942 7.2704563141
00944 1461243328.9017672539 7.2704563141
00945 1461243328.9240384102 7.2704563141
00946 1461243328.9416308403 7.5583157539
00947 1461243328.9616346359 7.5583157539
00948 1461243328.9818141460 7.5583157539
00949 1461243329.0018503666 7.5583157539
00950 1461243329.0245559216 7.5583157539
00951 1461243329.0417642593 7.5583157539
00952 1461243329.0618195534 7.7932629585
00953 1461243329.0818114281 7.7932629585
00954 1461243329.1014711857 7.7932629585
00955 1461243329.1232197285 7.7932629585
00956 1461243329.1419472694 7.7932629585
00957 1461243329.1615138054 7.9861054420
00958 1461243329.1815235615 7.9861054420
00959 1461243329.2019345760 7.9861054420
00960 1461243329.2233498096 7.9861054420
00961 1461243329.2418010235 8.1280002594
00962 1461243329.2615799904 8.1280002594
00963 1461243329.2815470695 8.1280002594
00964 1461243329.3015699387 8.1280002594
00965 1461243329.3237292767 8.1280002594
00966 1461243329.3418622017 8.2979650497
00967 1461243329.3618688583 8.2979650497
00968 1461243329.3816261292 8.2979650497
00969 1461243329.4017360210 8.2979650497
00970 1461243329.4238665104 8.2979650497
00971 1461243329.4415271282 8.2979650497
00972 1461243329.4617180824 8.4788770676
00973 1461243329.4815077782 8.4788770676
00974 1461243329.5019316673 8.4788770676
00975 1461243329.5233964920 8.4788770676
00976 1461243329.5415148735 8.4788770676
00977 1461243329.5617525578 8.7127017975
00978 1461243329.5815055370 8.7127017975
00979 1461243329.6014914513 8.7127017975
00980 1461243329.6232872009 8.7127017975
00981 1461243329.6417996883 8.7127017975
00982 1461243329.6616206169 8.9775438309
00983 1461243329.6815545559 8.9775438309
00984 1461243329.7014789581 8.9775438309
00985 1461243329.7236771584 8.9775438309
00986 1461243329.7416729927 9.2275085449
00987 1461243329.7616119385 9.2275085449
00988 1461243329.7816247940 9.2275085449
00989 1461243329.8014709949 9.2275085449
00990 1461243329.8234386444 9.2275085449
00991 1461243329.8420367241 9.4343862534
00992 1461243329.8614943027 9.4343862534
00993 1461243329.8815250397 9.4343862534
00994 1461243329.9014685154 9.4343862534
00995 1461243329.9214375019 9.4343862534
00996 1461243329.9414901733 9.4343862534
00997 1461243329.9614872932 9.4343862534
00998 1461243329.9819490910 9.4343862534
00999 1461243330.0015273094 9.4343862534
01000 1461243330.0215895176 9.4343862534
01001 1461243330.0414609909 9.4343862534
01002 1461243330.0614051819 9.4343862534
01003 1461243330.0814397335 9.4343862534
01004 1461243330.1015198231 9.4343862534
01005 1461243330.1237862110 9.4343862534
01006 1461243330.1414139271 9.4033679962
01007 1461243330.1623256207 9.4033679962
01008 1461243330.1828272343 9.4033679962
01009 1461243330.2014946938 9.4033679962
01010 1461243330.2243924141 9.4033679962
01011 1461243330.2428741455 9.4033679962
01012 1461243330.2622106075 9.3672981262
01013 1461243330.2826261520 9.3672981262
01014 1461243330.3023769855 9.3672981262
01015 1461243330.3239216805 9.3672981262
01016 1461243330.3428287506 9.2952985764
01017 1461243330.3618774414 9.2952985764
01018 1461243330.3822143078 9.2952985764
01019 1461243330.4032807350 9.2952985764
01020 1461243330.4241390228 9.1842803955
01021 1461243330.4441387653 9.1842803955
01022 1461243330.4618973732 9.1842803955
01023 1461243330.4821953773 9.1842803955
01024 1461243330.5014710426 9.1842803955
01025 1461243330.5214483738 9.1842803955
01026 1461243330.5414247513 9.1842803955
01027 1461243330.5656290054 9.1842803955
01028 1461243330.5842187405 9.1842803955
01029 1461243330.6019692421 9.1842803955
01030 1461243330.6215333939 9.1842803955
01031 1461243330.6417198181 9.1842803955
01032 1461243330.6616103649 9.1842803955
01033 1461243330.6815049648 9.1842803955
01034 1461243330.7015526295 9.1842803955
01035 1461243330.7219452858 9.1842803955
01036 1461243330.7414722443 9.1842803955
01037 1461243330.7615046501 9.1842803955
01038 1461243330.7819657326 9.1842803955
01039 1461243330.8019621372 9.1842803955
01040 1461243330.8214457035 9.1842803955
01041 1461243330.8419561386 9.1842803955
01042 1461243330.8616993427 9.1842803955
01043 1461243330.8816218376 9.1842803955
01044 1461243330.9017779827 9.1842803955
01045 1461243330.9215493202 9.1842803955
01046 1461243330.9414749146 9.1842803955
01047 1461243330.9621763229 9.1842803955
01048 1461243330.9813671112 9.1842803955
01049 1461243331.0014691353 9.1842803955
01050 1461243331.0239000320 9.1842803955
01051 1461243331.0414683819 9.2561407089
01052 1461243331.0614724159 9.2561407089
01053 1461243331.0817370415 9.2561407089
01054 1461243331.1020851135 9.2561407089
01055 1461243331.1213431358 9.2561407089
01056 1461243331.1418488026 9.2561407089
01057 1461243331.1618590355 9.2561407089
01058 1461243331.1818742752 9.2561407089
01059 1461243331.2014293671 9.2561407089
01060 1461243331.2219395638 9.2561407089
01061 1461243331.2420353889 9.2561407089
01062 1461243331.2620556355 9.2561407089
01063 1461243331.2815213203 9.2561407089
01064 1461243331.3014986515 9.2561407089
01065 1461243331.3232922554 9.2561407089
01066 1461243331.3415327072 9.2561407089
01067 1461243331.3613932133 9.0840702057
01068 1461243331.3815157413 9.0840702057
01069 1461243331.4016001225 9.0840702057
01070 1461243331.4234056473 9.0840702057
01071 1461243331.4414551258 9.0840702057
01072 1461243331.4615175724 8.8809823990
01073 1461243331.4813971519 8.8809823990
01074 1461243331.5014412403 8.8809823990
01075 1461243331.5231986046 8.8809823990
01076 1461243331.5414304733 8.8809823990
01077 1461243331.5614542961 8.6659650803
01078 1461243331.5816516876 8.6659650803
01079 1461243331.6014785767 8.6659650803
01080 1461243331.6241004467 8.6659650803
01081 1461243331.6412837505 8.6659650803
01082 1461243331.6613872051 8.3988771439
01083 1461243331.6818621159 8.3988771439
01084 1461243331.7012960911 8.3988771439
01085 1461243331.7236592770 8.3988771439
01086 1461243331.7418389320 8.3988771439
01087 1461243331.7613976002 8.0847721100
01088 1461243331.7813348770 8.0847721100
01089 1461243331.8016867638 8.0847721100
01090 1461243331.8296875954 8.0847721100
01091 1461243331.8415031433 8.0847721100
01092 1461243331.8613126278 7.7657542229
01093 1461243331.8812959194 7.7657542229
01094 1461243331.9013454914 7.7657542229
01095 1461243331.9240508080 7.7657542229
01096 1461243331.9425833225 7.7657542229
01097 1461243331.9613354206 7.4026665688
01098 1461243331.9814443588 7.4026665688
01099 1461243332.0019600391 7.4026665688
01100 1461243332.0241365433 7.4026665688
01101 1461243332.0420250893 7.4026665688
01102 1461243332.0614805222 7.0116491318
01103 1461243332.0814139843 7.0116491318
01104 1461243332.1015954018 7.0116491318
01105 1461243332.1234273911 7.0116491318
01106 1461243332.1415688992 7.0116491318
01107 1461243332.1616361141 6.6005616188
01108 1461243332.1816060543 6.6005616188
01109 1461243332.2016782761 6.6005616188
01110 1461243332.2233152390 6.6005616188
01111 1461243332.2415442467 6.6005616188
01112 1461243332.2613899708 6.2064561844
01113 1461243332.2812325954 6.2064561844
01114 1461243332.3015387058 6.2064561844
01115 1461243332.3233132362 6.2064561844
01116 1461243332.3412961960 6.2064561844
01117 1461243332.3612477779 5.8533334732
01118 1461243332.3813366890 5.8533334732
01119 1461243332.4020326138 5.8533334732
01120 1461243332.4237024784 5.8533334732
01121 1461243332.4416301250 5.8533334732
01122 1461243332.4612944126 5.5222454071
01123 1461243332.4816596508 5.5222454071
01124 1461243332.5013217926 5.5222454071
01125 1461243332.5233051777 5.5222454071
01126 1461243332.5412640572 5.5222454071
01127 1461243332.5617661476 5.2691931725
01128 1461243332.5812339783 5.2691931725
01129 1461243332.6012938023 5.2691931725
01130 1461243332.6232035160 5.2691931725
01131 1461243332.6412742138 5.2691931725
01132 1461243332.6612823009 5.0891227722
01133 1461243332.6813981533 5.0891227722
01134 1461243332.7012896538 5.0891227722
01135 1461243332.7215092182 5.0891227722
01136 1461243332.7413020134 5.0891227722
01137 1461243332.7613103390 5.0891227722
01138 1461243332.7816059589 5.0891227722
01139 1461243332.8014111519 5.0891227722
01140 1461243332.8213777542 5.0891227722
01141 1461243332.8412666321 5.0891227722
01142 1461243332.8613777161 5.0891227722
01143 1461243332.8813245296 5.0891227722
01144 1461243332.9013338089 5.0891227722
01145 1461243332.9232370853 5.0891227722
01146 1461243332.9412112236 5.0891227722
01147 1461243332.9615771770 5.0720000267
01148 1461243332.9814045429 5.0720000267
01149 1461243333.0018792152 5.0720000267
01150 1461243333.0234725475 5.0720000267
01151 1461243333.0416927338 5.0958595276
01152 1461243333.0617880821 5.0958595276
01153 1461243333.0816860199 5.0958595276
01154 1461243333.1028714180 5.0958595276
01155 1461243333.1236345768 5.0958595276
01156 1461243333.1418292522 5.0958595276
01157 1461243333.1613113880 5.1507368088
01158 1461243333.1820418835 5.1507368088
01159 1461243333.2030134201 5.1507368088
01160 1461243333.2230670452 5.1507368088
01161 1461243333.2415738106 5.1507368088
01162 1461243333.2615466118 5.2376141548
01163 1461243333.2817842960 5.2376141548
01164 1461243333.3014402390 5.2376141548
01165 1461243333.3234381676 5.2376141548
01166 1461243333.3412151337 5.2376141548
01167 1461243333.3616485596 5.3104562759
01168 1461243333.3813614845 5.3104562759
01169 1461243333.4013028145 5.3104562759
01170 1461243333.4230926037 5.3104562759
01171 1461243333.4413263798 5.3104562759
01172 1461243333.4613981247 5.4113683701
01173 1461243333.4816396236 5.4113683701
01174 1461243333.5017678738 5.4113683701
01175 1461243333.5215489864 5.4113683701
01176 1461243333.5411834717 5.4113683701
01177 1461243333.5615477562 5.4113683701
01178 1461243333.5814738274 5.4113683701
01179 1461243333.6012799740 5.4113683701
01180 1461243333.6235442162 5.4113683701
01181 1461243333.6412043571 5.4113683701
01182 1461243333.6612951756 5.4882807732
01183 1461243333.6812813282 5.4882807732
01184 1461243333.7013356686 5.4882807732
01185 1461243333.7236073017 5.4882807732
01186 1461243333.7418525219 5.4882807732
01187 1461243333.7615671158 5.5661754608
01188 1461243333.7813582420 5.5661754608
01189 1461243333.8016438484 5.5661754608
01190 1461243333.8232059479 5.5661754608
01191 1461243333.8413147926 5.5661754608
01192 1461243333.8612134457 5.6411228180
01193 1461243333.8818540573 5.6411228180
01194 1461243333.9013464451 5.6411228180
01195 1461243333.9212403297 5.6411228180
01196 1461243333.9415078163 5.6411228180
01197 1461243333.9612622261 5.6411228180
01198 1461243333.9812636375 5.6411228180
01199 1461243334.0015444756 5.6411228180
01200 1461243334.0212361813 5.6411228180
01201 1461243334.0415003300 5.6411228180
01202 1461243334.0613663197 5.6411228180
01203 1461243334.0812666416 5.6411228180
01204 1461243334.1012103558 5.6411228180
01205 1461243334.1233971119 5.6411228180
01206 1461243334.1415834427 5.6411228180
01207 1461243334.1611933708 5.5840001106
01208 1461243334.1813108921 5.5840001106
01209 1461243334.2016122341 5.5840001106
01210 1461243334.2235841751 5.5840001106
01211 1461243334.2411758900 5.5840001106
01212 1461243334.2616550922 5.5239295959
01213 1461243334.2811803818 5.5239295959
01214 1461243334.3017323017 5.5239295959
01215 1461243334.3239164352 5.5239295959
01216 1461243334.3413240910 5.5239295959
01217 1461243334.3613827229 5.4348068237
01218 1461243334.3817303181 5.4348068237
01219 1461243334.4014055729 5.4348068237
01220 1461243334.4236938953 5.4348068237
01221 1461243334.4414198399 5.4348068237
01222 1461243334.4614429474 5.3647718430
01223 1461243334.4812071323 5.3647718430
01224 1461243334.5013504028 5.3647718430
01225 1461243334.5231275558 5.3647718430
01226 1461243334.5411520004 5.3647718430
01227 1461243334.5619282722 5.2727017403
01228 1461243334.5818967819 5.2727017403
01229 1461243334.6019620895 5.2727017403
01230 1461243334.6237735748 5.2727017403
01231 1461243334.6419949532 5.2727017403
01232 1461243334.6611151695 5.1985964775
01233 1461243334.6818907261 5.1985964775
01234 1461243334.7020616531 5.1985964775
01235 1461243334.7219533920 5.1985964775
01236 1461243334.7419435978 5.1985964775
01237 1461243334.7611558437 5.1985964775
01238 1461243334.7818865776 5.1985964775
01239 1461243334.8026790619 5.1985964775
01240 1461243334.8226902485 5.1985964775
01241 1461243334.8412694931 5.1985964775
01242 1461243334.8626949787 5.1985964775
01243 1461243334.8830616474 5.1985964775
01244 1461243334.9020805359 5.1985964775
01245 1461243334.9224245548 5.1985964775
01246 1461243334.9429359436 5.1985964775
01247 1461243334.9619777203 5.1985964775
01248 1461243334.9818282127 5.1985964775
01249 1461243335.0019283295 5.1985964775
01250 1461243335.0219330788 5.1985964775
01251 1461243335.0418205261 5.1985964775
01252 1461243335.0619158745 5.1985964775
01253 1461243335.0819692612 5.1985964775
01254 1461243335.1018779278 5.1985964775
01255 1461243335.1231901646 5.2324209213
01256 1461243335.1411952972 5.2324209213
01257 1461243335.1615207195 5.2324209213
01258 1461243335.1813287735 5.2324209213
01259 1461243335.2011268139 5.2324209213
01260 1461243335.2214980125 5.2324209213
01261 1461243335.2415158749 5.2324209213
01262 1461243335.2614378929 5.2324209213
01263 1461243335.2815265656 5.2324209213
01264 1461243335.3015046120 5.2324209213
01265 1461243335.3211359978 5.2324209213
01266 1461243335.3414196968 5.2324209213
01267 1461243335.3615190983 5.2324209213
01268 1461243335.3811373711 5.2324209213
01269 1461243335.4011969566 5.2324209213
01270 1461243335.4218640327 5.2324209213
01271 1461243335.4425849915 5.2324209213
01272 1461243335.4619383812 5.2324209213
01273 1461243335.4811584949 5.2324209213
01274 1461243335.5013358593 5.2324209213
01275 1461243335.5213558674 5.2324209213
01276 1461243335.5411319733 5.2324209213
01277 1461243335.5611853600 5.2324209213
01278 1461243335.5815010071 5.2324209213
01279 1461243335.6011614799 5.2324209213
01280 1461243335.6213521957 5.2324209213
01281 1461243335.6413054466 5.2324209213
01282 1461243335.6611208916 5.2324209213
01283 1461243335.6811766624 5.2324209213
01284 1461243335.7014648914 5.2324209213
01285 1461243335.7211127281 5.2324209213
01286 1461243335.7411565781 5.2324209213
01287 1461243335.7616169453 5.2324209213
01288 1461243335.7812314034 5.2324209213
01289 1461243335.8013255596 5.2324209213
01290 1461243335.8241579533 5.2324209213
01291 1461243335.8412411213 5.2324209213
01292 1461243335.8611476421 5.2792983055
01293 1461243335.8818128109 5.2792983055
01294 1461243335.9010703564 5.2792983055
01295 1461243335.9232151508 5.2792983055
01296 1461243335.9413080215 5.2792983055
01297 1461243335.9614691734 5.3962106705
01298 1461243335.9811520576 5.3962106705
01299 1461243336.0017905235 5.3962106705
01300 1461243336.0233025551 5.3962106705
01301 1461243336.0411930084 5.3962106705
01302 1461243336.0616784096 5.5660352707
01303 1461243336.0813310146 5.5660352707
01304 1461243336.1012313366 5.5660352707
01305 1461243336.1239533424 5.5660352707
01306 1461243336.1414420605 5.5660352707
01307 1461243336.1612300873 5.8009824753
01308 1461243336.1818399429 5.8009824753
01309 1461243336.2015976906 5.8009824753
01310 1461243336.2227413654 5.8009824753
01311 1461243336.2413723469 5.8009824753
01312 1461243336.2613708973 6.0318598747
01313 1461243336.2812783718 6.0318598747
01314 1461243336.3011136055 6.0318598747
01315 1461243336.3236970901 6.0318598747
01316 1461243336.3413009644 6.0318598747
01317 1461243336.3615043163 6.2896842957
01318 1461243336.3811569214 6.2896842957
01319 1461243336.4016153812 6.2896842957
01320 1461243336.4228312969 6.2896842957
01321 1461243336.4412364960 6.2896842957
01322 1461243336.4641046524 6.4936141968
01323 1461243336.4814629555 6.4936141968
01324 1461243336.5018332005 6.4936141968
01325 1461243336.5240011215 6.4936141968
01326 1461243336.5412399769 6.4936141968
01327 1461243336.5610682964 6.6905264854
01328 1461243336.5813550949 6.6905264854
01329 1461243336.6012504101 6.6905264854
01330 1461243336.6231000423 6.6905264854
01331 1461243336.6411070824 6.6905264854
01332 1461243336.6610887051 6.8864560127
01333 1461243336.6812772751 6.8864560127
01334 1461243336.7011353970 6.8864560127
01335 1461243336.7234144211 6.8864560127
01336 1461243336.7410442829 6.8864560127
01337 1461243336.7612280846 7.1023159027
01338 1461243336.7813916206 7.1023159027
01339 1461243336.8013222218 7.1023159027
01340 1461243336.8227965832 7.1023159027
01341 1461243336.8412551880 7.1023159027
01342 1461243336.8612768650 7.3921403885
01343 1461243336.8812451363 7.3921403885
01344 1461243336.9013843536 7.3921403885
01345 1461243336.9229576588 7.3921403885
01346 1461243336.9411225319 7.3921403885
01347 1461243336.9613440037 7.8040699959
01348 1461243336.9813170433 7.8040699959
01349 1461243337.0010917187 7.8040699959
01350 1461243337.0235028267 7.8040699959
01351 1461243337.0413818359 7.8040699959
01352 1461243337.0613849163 8.2029476166
01353 1461243337.0814208984 8.2029476166
01354 1461243337.1014425755 8.2029476166
01355 1461243337.1232471466 8.2029476166
01356 1461243337.1411747932 8.2029476166
01357 1461243337.1612360477 8.4898242950
01358 1461243337.1813600063 8.4898242950
01359 1461243337.2010610104 8.4898242950
01360 1461243337.2230832577 8.4898242950
01361 1461243337.2410221100 8.4898242950
01362 1461243337.2611479759 8.7017545700
01363 1461243337.2810664177 8.7017545700
01364 1461243337.3012430668 8.7017545700
01365 1461243337.3210828304 8.7017545700
01366 1461243337.3410801888 8.7017545700
01367 1461243337.3612391949 8.7017545700
01368 1461243337.3810572624 8.7017545700
01369 1461243337.4013016224 8.7017545700
01370 1461243337.4228820801 8.7017545700
01371 1461243337.4411182404 8.7236490250
01372 1461243337.4609832764 8.7236490250
01373 1461243337.4812538624 8.7236490250
01374 1461243337.5013134480 8.7236490250
01375 1461243337.5230069160 8.7236490250
01376 1461243337.5410361290 8.7236490250
01377 1461243337.5614123344 8.7065267563
01378 1461243337.5812203884 8.7065267563
01379 1461243337.6010816097 8.7065267563
01380 1461243337.6210732460 8.7065267563
01381 1461243337.6411039829 8.7065267563
01382 1461243337.6612913609 8.7065267563
01383 1461243337.6810739040 8.7065267563
01384 1461243337.7011549473 8.7065267563
01385 1461243337.7213060856 8.7065267563
01386 1461243337.7410633564 8.7065267563
01387 1461243337.7609956264 8.7065267563
01388 1461243337.7810101509 8.7065267563
01389 1461243337.8013486862 8.7065267563
01390 1461243337.8210742474 8.7065267563
01391 1461243337.8410201073 8.7065267563
01392 1461243337.8611760139 8.7065267563
01393 1461243337.8813300133 8.7065267563
01394 1461243337.9009652138 8.7065267563
01395 1461243337.9213178158 8.7065267563
01396 1461243337.9411678314 8.7065267563
01397 1461243337.9616053104 8.7065267563
01398 1461243337.9809701443 8.7065267563
01399 1461243338.0013382435 8.7065267563
01400 1461243338.0211875439 8.7065267563
01401 1461243338.0412254333 8.7065267563
01402 1461243338.0609726906 8.7065267563
01403 1461243338.0811815262 8.7065267563
01404 1461243338.1010749340 8.7065267563
01405 1461243338.1228823662 8.7065267563
01406 1461243338.1409759521 8.9044208527
01407 1461243338.1612653732 8.9044208527
01408 1461243338.1809582710 8.9044208527
01409 1461243338.2011973858 8.9044208527
01410 1461243338.2235288620 8.9044208527
01411 1461243338.2411551476 9.0673685074
01412 1461243338.2610538006 9.0673685074
01413 1461243338.2813296318 9.0673685074
01414 1461243338.3013114929 9.0673685074
01415 1461243338.3229935169 9.0673685074
01416 1461243338.3413126469 9.0673685074
01417 1461243338.3614206314 9.2332630157
01418 1461243338.3810603619 9.2332630157
01419 1461243338.4013314247 9.2332630157
01420 1461243338.4232988358 9.2332630157
01421 1461243338.4422850609 9.2332630157
01422 1461243338.4609405994 9.4341049194
01423 1461243338.4811410904 9.4341049194
01424 1461243338.5010356903 9.4341049194
01425 1461243338.5228106976 9.4341049194
01426 1461243338.5408530235 9.4341049194
01427 1461243338.5615470409 9.6390171051
01428 1461243338.5812487602 9.6390171051
01429 1461243338.6010208130 9.6390171051
01430 1461243338.6227343082 9.6390171051
01431 1461243338.6411993504 9.6390171051
01432 1461243338.6609475613 9.7879295349
01433 1461243338.6814391613 9.7879295349
01434 1461243338.7011039257 9.7879295349
01435 1461243338.7211565971 9.7879295349
01436 1461243338.7410070896 9.7879295349
01437 1461243338.7612469196 9.7879295349
01438 1461243338.7811088562 9.7879295349
01439 1461243338.8012526035 9.7879295349
01440 1461243338.8212859631 9.7879295349
01441 1461243338.8412199020 9.7879295349
01442 1461243338.8610780239 9.7879295349
01443 1461243338.8812189102 9.7879295349
01444 1461243338.9010829926 9.7879295349
01445 1461243338.9228599072 9.7879295349
01446 1461243338.9411551952 9.7879295349
01447 1461243338.9612116814 9.9438600540
01448 1461243338.9813461304 9.9438600540
01449 1461243339.0009567738 9.9438600540
01450 1461243339.0226972103 9.9438600540
01451 1461243339.0409586430 9.9438600540
01452 1461243339.0611534119 10.1257543564
01453 1461243339.0810515881 10.1257543564
01454 1461243339.1010158062 10.1257543564
01455 1461243339.1227798462 10.2586669922
01456 1461243339.1411428452 10.2586669922
01457 1461243339.1609752178 10.2586669922
01458 1461243339.1811795235 10.2586669922
01459 1461243339.2010452747 10.2586669922
01460 1461243339.2212686539 10.2586669922
01461 1461243339.2412257195 10.2586669922
01462 1461243339.2609891891 10.2586669922
01463 1461243339.2811861038 10.2586669922
01464 1461243339.3012993336 10.2586669922
01465 1461243339.3213250637 10.2586669922
01466 1461243339.3409190178 10.2586669922
01467 1461243339.3614230156 10.2586669922
01468 1461243339.3812069893 10.2586669922
01469 1461243339.4028906822 10.2586669922
01470 1461243339.4234855175 10.2586669922
01471 1461243339.4411642551 10.2586669922
01472 1461243339.4608919621 10.1546669006
01473 1461243339.4813940525 10.1546669006
01474 1461243339.5013439655 10.1546669006
01475 1461243339.5229473114 10.1546669006
01476 1461243339.5412340164 10.1546669006
01477 1461243339.5614457130 9.9866666794
01478 1461243339.5816419125 9.9866666794
01479 1461243339.6009538174 9.9866666794
01480 1461243339.6241638660 9.9866666794
01481 1461243339.6412413120 9.9866666794
01482 1461243339.6610660553 9.8056144714
01483 1461243339.6810197830 9.8056144714
01484 1461243339.7011988163 9.8056144714
01485 1461243339.7227194309 9.5865259171
01486 1461243339.7410619259 9.5865259171
01487 1461243339.7611165047 9.5865259171
01488 1461243339.7809312344 9.5865259171
01489 1461243339.8011825085 9.5865259171
01490 1461243339.8229017258 9.5865259171
01491 1461243339.8408596516 9.3914384842
01492 1461243339.8614997864 9.3914384842
01493 1461243339.8809773922 9.3914384842
01494 1461243339.9009017944 9.3914384842
01495 1461243339.9226691723 9.3914384842
01496 1461243339.9410450459 9.3914384842
01497 1461243339.9613680840 9.2113685608
01498 1461243339.9809772968 9.2113685608
01499 1461243340.0010106564 9.2113685608
01500 1461243340.0214221478 9.2113685608
01501 1461243340.0409975052 9.2113685608
01502 1461243340.0609948635 9.2113685608
01503 1461243340.0813560486 9.2113685608
01504 1461243340.1010677814 9.2113685608
01505 1461243340.1209218502 9.2113685608
01506 1461243340.1414148808 9.2113685608
01507 1461243340.1608693600 9.2113685608
01508 1461243340.1812715530 9.2113685608
01509 1461243340.2011613846 9.2113685608
01510 1461243340.2210309505 9.2113685608
01511 1461243340.2409114838 9.2113685608
01512 1461243340.2611753941 9.2113685608
01513 1461243340.2810738087 9.2113685608
01514 1461243340.3009045124 9.2113685608
01515 1461243340.3213102818 9.2113685608
01516 1461243340.3408505917 9.2113685608
01517 1461243340.3611516953 9.2113685608
01518 1461243340.3810248375 9.2113685608
01519 1461243340.4010519981 9.2113685608
01520 1461243340.4208841324 9.2113685608
01521 1461243340.4411742687 9.2113685608
01522 1461243340.4628126621 9.2113685608
01523 1461243340.4809503555 9.2113685608
01524 1461243340.5011579990 9.2113685608
01525 1461243340.5211322308 9.2113685608
01526 1461243340.5408928394 9.2113685608
01527 1461243340.5612580776 9.2113685608
01528 1461243340.5811936855 9.2113685608
01529 1461243340.6008708477 9.2113685608
01530 1461243340.6210825443 9.2113685608
01531 1461243340.6409292221 9.2113685608
01532 1461243340.6608507633 9.2113685608
01533 1461243340.6808984280 9.2113685608
01534 1461243340.7009828091 9.2113685608
01535 1461243340.7208476067 9.2113685608
01536 1461243340.7409024239 9.2113685608
01537 1461243340.7610125542 9.2113685608
01538 1461243340.7810313702 9.2113685608
01539 1461243340.8009514809 9.2113685608
01540 1461243340.8208737373 9.2113685608
01541 1461243340.8412852287 9.2113685608
01542 1461243340.8608133793 9.2113685608
01543 1461243340.8807418346 9.2113685608
01544 1461243340.9008641243 9.2113685608
01545 1461243340.9209132195 9.2113685608
01546 1461243340.9408819675 9.2113685608
01547 1461243340.9611351490 9.2113685608
01548 1461243340.9808857441 9.2113685608
01549 1461243341.0012352467 9.2113685608
01550 1461243341.0209658146 9.2113685608
01551 1461243341.0410997868 9.2113685608
01552 1461243341.0610194206 9.2113685608
01553 1461243341.0807886124 9.2113685608
01554 1461243341.1010937691 9.2113685608
01555 1461243341.1211662292 9.2113685608
01556 1461243341.1408500671 9.2113685608
01557 1461243341.1610231400 9.2113685608
01558 1461243341.1812291145 9.2113685608
01559 1461243341.2007827759 9.2113685608
01560 1461243341.2211847305 9.2113685608
01561 1461243341.2410483360 9.2113685608
01562 1461243341.2614672184 9.2113685608
01563 1461243341.2807984352 9.2113685608
01564 1461243341.3011898994 9.2113685608
01565 1461243341.3209869862 9.2113685608
01566 1461243341.3407869339 9.2113685608
01567 1461243341.3608169556 9.2113685608
01568 1461243341.3809878826 9.2113685608
01569 1461243341.4008498192 9.2113685608
01570 1461243341.4208326340 9.2113685608
01571 1461243341.4408583641 9.2113685608
01572 1461243341.4610862732 9.2113685608
01573 1461243341.4810583591 9.2113685608
01574 1461243341.5012459755 9.2113685608
01575 1461243341.5211520195 9.2113685608
01576 1461243341.5409593582 9.2113685608
01577 1461243341.5610282421 9.2113685608
01578 1461243341.5811166763 9.2113685608
01579 1461243341.6009588242 9.2113685608
01580 1461243341.6207056046 9.2113685608
01581 1461243341.6411373615 9.2113685608
01582 1461243341.6606826782 9.2113685608
01583 1461243341.6810302734 9.2113685608
01584 1461243341.7011997700 9.2113685608
01585 1461243341.7211663723 9.2113685608
01586 1461243341.7407875061 9.2113685608
01587 1461243341.7607767582 9.2113685608
01588 1461243341.7808125019 9.2113685608
01589 1461243341.8016822338 9.2113685608
01590 1461243341.8207955360 9.2113685608
01591 1461243341.8407905102 9.2113685608
01592 1461243341.8610820770 9.2113685608
01593 1461243341.8810408115 9.2113685608
01594 1461243341.9008667469 9.2113685608
01595 1461243341.9212226868 9.2113685608
01596 1461243341.9410796165 9.2113685608
01597 1461243341.9607641697 9.2113685608
01598 1461243341.9809646606 9.2113685608
01599 1461243342.0009899139 9.2113685608
01600 1461243342.0215125084 9.2113685608
01601 1461243342.0426676273 9.2113685608
01602 1461243342.0610682964 9.2113685608
01603 1461243342.0807838440 9.2113685608
01604 1461243342.1007351875 9.2113685608
01605 1461243342.1213226318 9.2113685608
01606 1461243342.1411006451 9.2113685608
01607 1461243342.1612317562 9.2113685608
01608 1461243342.1811370850 9.2113685608
01609 1461243342.2011475563 9.2113685608
01610 1461243342.2207486629 9.2113685608
01611 1461243342.2411427498 9.2113685608
01612 1461243342.2612876892 9.2113685608
01613 1461243342.2810001373 9.2113685608
01614 1461243342.3008666039 9.2113685608
01615 1461243342.3210153580 9.2113685608
01616 1461243342.3413717747 9.2113685608
01617 1461243342.3610360622 9.2113685608
01618 1461243342.3806080818 9.2113685608
01619 1461243342.4008064270 9.2113685608
01620 1461243342.4207196236 9.2113685608
01621 1461243342.4407882690 9.2113685608
01622 1461243342.4608657360 9.2113685608
01623 1461243342.4807047844 9.2113685608
01624 1461243342.5013909340 9.2113685608
01625 1461243342.5227239132 9.2113685608
01626 1461243342.5410239697 9.2533330917
01627 1461243342.5608036518 9.2533330917
01628 1461243342.5810322762 9.2533330917
01629 1461243342.6010274887 9.2533330917
01630 1461243342.6228613853 9.2533330917
01631 1461243342.6411099434 9.2533330917
01632 1461243342.6614172459 9.3142452240
01633 1461243342.6812174320 9.3142452240
01634 1461243342.7007598877 9.3142452240
01635 1461243342.7232186794 9.3142452240
01636 1461243342.7409269810 9.3771228790
01637 1461243342.7611298561 9.3771228790
01638 1461243342.7817275524 9.3771228790
01639 1461243342.8023879528 9.3771228790
01640 1461243342.8222601414 9.3771228790
01641 1461243342.8409266472 9.3771228790
01642 1461243342.8610548973 9.5090522766
01643 1461243342.8808269501 9.5090522766
01644 1461243342.9006929398 9.5090522766
01645 1461243342.9229879379 9.5090522766
01646 1461243342.9410758018 9.5090522766
01647 1461243342.9606802464 9.6989469528
01648 1461243342.9809622765 9.6989469528
01649 1461243343.0012116432 9.6989469528
01650 1461243343.0225951672 9.6989469528
01651 1461243343.0408315659 9.9628067017
01652 1461243343.0610094070 9.9628067017
01653 1461243343.0806741714 9.9628067017
01654 1461243343.1009554863 9.9628067017
01655 1461243343.1227974892 9.9628067017
01656 1461243343.1410202980 10.1917190552
01657 1461243343.1606242657 10.1917190552
01658 1461243343.1810271740 10.1917190552
01659 1461243343.2010145187 10.1917190552
01660 1461243343.2225351334 10.1917190552
01661 1461243343.2406604290 10.1917190552
01662 1461243343.2610092163 10.4836492538
01663 1461243343.2808673382 10.4836492538
01664 1461243343.3012278080 10.4836492538
01665 1461243343.3228833675 10.4836492538
01666 1461243343.3408401012 10.4836492538
01667 1461243343.3610541821 10.7484912872
01668 1461243343.3809623718 10.7484912872
01669 1461243343.4009997845 10.7484912872
01670 1461243343.4224555492 10.7484912872
01671 1461243343.4406704903 10.7484912872
01672 1461243343.4608407021 10.9934034348
01673 1461243343.4806263447 10.9934034348
01674 1461243343.5010519028 10.9934034348
01675 1461243343.5224823952 11.1672983170
01676 1461243343.5406181812 11.1672983170
01677 1461243343.5607435703 11.1672983170
01678 1461243343.5806732178 11.1672983170
01679 1461243343.6009411812 11.1672983170
01680 1461243343.6206476688 11.1672983170
01681 1461243343.6409673691 11.1672983170
01682 1461243343.6608576775 11.1672983170
01683 1461243343.6819005013 11.1672983170
01684 1461243343.7008974552 11.1672983170
01685 1461243343.7206203938 11.1672983170
01686 1461243343.7409934998 11.1672983170
01687 1461243343.7609894276 11.1672983170
01688 1461243343.7806227207 11.1672983170
01689 1461243343.8010888100 11.1672983170
01690 1461243343.8208086491 11.1672983170
01691 1461243343.8406291008 11.1672983170
01692 1461243343.8605809212 11.1672983170
01693 1461243343.8810677528 11.1672983170
01694 1461243343.9005579948 11.1672983170
01695 1461243343.9205603600 11.1672983170
01696 1461243343.9409208298 11.1672983170
01697 1461243343.9607954025 11.1672983170
01698 1461243343.9806411266 11.1672983170
01699 1461243344.0013499260 11.1672983170
01700 1461243344.0210289955 11.1672983170
01701 1461243344.0407316685 11.1672983170
01702 1461243344.0606615543 11.1672983170
01703 1461243344.0807998180 11.1672983170
01704 1461243344.1006801128 11.1672983170
01705 1461243344.1208834648 11.1672983170
01706 1461243344.1407995224 11.1672983170
01707 1461243344.1606767178 11.1672983170
01708 1461243344.1806447506 11.1672983170
01709 1461243344.2008743286 11.1672983170
01710 1461243344.2226767540 11.1672983170
01711 1461243344.2408554554 11.1672983170
01712 1461243344.2608015537 11.1232280731
01713 1461243344.2809367180 11.1232280731
01714 1461243344.3006618023 11.1232280731
01715 1461243344.3228774071 11.0541753769
01716 1461243344.3412263393 11.0541753769
01717 1461243344.3617634773 11.0541753769
01718 1461243344.3808214664 11.0541753769
01719 1461243344.4011223316 11.0541753769
01720 1461243344.4227993488 11.0541753769
01721 1461243344.4409766197 10.8830881119
01722 1461243344.4611232281 10.8830881119
01723 1461243344.4807868004 10.8830881119
01724 1461243344.5010833740 10.8830881119
01725 1461243344.5228216648 10.8830881119
01726 1461243344.5407710075 10.8830881119
01727 1461243344.5607376099 10.5560703278
01728 1461243344.5809438229 10.5560703278
01729 1461243344.6005694866 10.5560703278
01730 1461243344.6229369640 10.5560703278
01731 1461243344.6409006119 10.5560703278
01732 1461243344.6607584953 10.2159996033
01733 1461243344.6810338497 10.2159996033
01734 1461243344.7009077072 10.2159996033
01735 1461243344.7230534554 10.2159996033
01736 1461243344.7408111095 9.8589477539
01737 1461243344.7609472275 9.8589477539
01738 1461243344.7807831764 9.8589477539
01739 1461243344.8006687164 9.8589477539
01740 1461243344.8229258060 9.8589477539
01741 1461243344.8410186768 9.8589477539
01742 1461243344.8608541489 9.5768423080
01743 1461243344.8810076714 9.5768423080
01744 1461243344.9011313915 9.5768423080
01745 1461243344.9228248596 9.5768423080
01746 1461243344.9408254623 9.5768423080
01747 1461243344.9616813660 9.2767715454
01748 1461243344.9818782806 9.2767715454
01749 1461243345.0011003017 9.2767715454
01750 1461243345.0232694149 9.2767715454
01751 1461243345.0561132431 9.0526313782
01752 1461243345.0853881836 9.0526313782
01753 1461243345.1034495831 9.0526313782
01754 1461243345.1177067757 9.0526313782
01755 1461243345.1309072971 8.8955793381
01756 1461243345.1434116364 8.8955793381
01757 1461243345.1626820564 8.8955793381
01758 1461243345.1825163364 8.8955793381
01759 1461243345.2019124031 8.8955793381
01760 1461243345.2235348225 8.8955793381
01761 1461243345.2417201996 8.8955793381
01762 1461243345.2614071369 8.7514381409
01763 1461243345.2815535069 8.7514381409
01764 1461243345.3008074760 8.7514381409
01765 1461243345.3207290173 8.7514381409
01766 1461243345.3408803940 8.7514381409
01767 1461243345.3605375290 8.7514381409
01768 1461243345.3810355663 8.7514381409
01769 1461243345.4007732868 8.7514381409
01770 1461243345.4209351540 8.7514381409
01771 1461243345.4408850670 8.7514381409
01772 1461243345.4613609314 8.7514381409
01773 1461243345.4809939861 8.7514381409
01774 1461243345.5009505749 8.7514381409
01775 1461243345.5247604847 8.7514381409
01776 1461243345.5405495167 8.7514381409
01777 1461243345.5607252121 8.6244211197
01778 1461243345.5920319557 8.6244211197
01779 1461243345.6241977215 8.6244211197
01780 1461243345.6450746059 8.6244211197
01781 1461243345.6620316505 8.6244211197
01782 1461243345.6816647053 8.6244211197
01783 1461243345.7012553215 8.6244211197
01784 1461243345.7216110229 8.6244211197
01785 1461243345.7409493923 8.6244211197
01786 1461243345.7608094215 8.6244211197
01787 1461243345.7808487415 8.6244211197
01788 1461243345.8010597229 8.6244211197
01789 1461243345.8207006454 8.6244211197
01790 1461243345.8409314156 8.6244211197
01791 1461243345.8610394001 8.6244211197
01792 1461243345.8804972172 8.6244211197
01793 1461243345.9009926319 8.6244211197
01794 1461243345.9210729599 8.6244211197
01795 1461243345.9408042431 8.6244211197
01796 1461243345.9610528946 8.6244211197
01797 1461243345.9807963371 8.6244211197
01798 1461243346.0006539822 8.6244211197
01799 1461243346.0206463337 8.6244211197
01800 1461243346.0408833027 8.6244211197
01801 1461243346.0606265068 8.6244211197
01802 1461243346.0806462765 8.6244211197
01803 1461243346.1006228924 8.6244211197
01804 1461243346.1224524975 8.6244211197
01805 1461243346.1409389973 8.6244211197
01806 1461243346.1607019901 8.4863157272
01807 1461243346.1807761192 8.4863157272
01808 1461243346.2010400295 8.4863157272
01809 1461243346.2224369049 8.4863157272
01810 1461243346.2412519455 8.3331928253
01811 1461243346.2612433434 8.3331928253
01812 1461243346.2809514999 8.3331928253
01813 1461243346.3006634712 8.3331928253
01814 1461243346.3231821060 8.3331928253
01815 1461243346.3407297134 8.3331928253
01816 1461243346.3614001274 8.1831579208
01817 1461243346.3807938099 8.1831579208
01818 1461243346.4009611607 8.1831579208
01819 1461243346.4234635830 8.1831579208
01820 1461243346.4423892498 8.1831579208
01821 1461243346.4607081413 8.0290527344
01822 1461243346.4818770885 8.0290527344
01823 1461243346.5020327568 8.0290527344
01824 1461243346.5225191116 8.0290527344
01825 1461243346.5413465500 8.0290527344
01826 1461243346.5622465611 7.8470177650
01827 1461243346.5813348293 7.8470177650
01828 1461243346.6016769409 7.8470177650
01829 1461243346.6236038208 7.8470177650
01830 1461243346.6417620182 7.8470177650
01831 1461243346.6612031460 7.6929121017
01832 1461243346.6818830967 7.6929121017
01833 1461243346.7019281387 7.6929121017
01834 1461243346.7229256630 7.6929121017
01835 1461243346.7419722080 7.5128421783
01836 1461243346.7620184422 7.5128421783
01837 1461243346.7812736034 7.5128421783
01838 1461243346.8022146225 7.5128421783
01839 1461243346.8239631653 7.5128421783
01840 1461243346.8406374454 7.5128421783
01841 1461243346.8620047569 7.3397893906
01842 1461243346.8819966316 7.3397893906
01843 1461243346.9006569386 7.3397893906
01844 1461243346.9228584766 7.3397893906
01845 1461243346.9409558773 7.3397893906
01846 1461243346.9607899189 7.1897544861
01847 1461243346.9806358814 7.1897544861
01848 1461243347.0009927750 7.1897544861
01849 1461243347.0229537487 7.1897544861
01850 1461243347.0406885147 7.1897544861
01851 1461243347.0608518124 7.0627369881
01852 1461243347.0806279182 7.0627369881
01853 1461243347.1003932953 7.0627369881
01854 1461243347.1208655834 7.0627369881
01855 1461243347.1407277584 7.0627369881
01856 1461243347.1605575085 7.0627369881
01857 1461243347.1805267334 7.0627369881
01858 1461243347.2007358074 7.0627369881
01859 1461243347.2206671238 7.0627369881
01860 1461243347.2405138016 7.0627369881
01861 1461243347.2607049942 7.0627369881
01862 1461243347.2805442810 7.0627369881
01863 1461243347.3004679680 7.0627369881
01864 1461243347.3206655979 7.0627369881
01865 1461243347.3404903412 7.0627369881
01866 1461243347.3607957363 7.0627369881
01867 1461243347.3805356026 7.0627369881
01868 1461243347.4007730484 7.0627369881
01869 1461243347.4206981659 7.0627369881
01870 1461243347.4407365322 7.0627369881
01871 1461243347.4610531330 7.0627369881
01872 1461243347.4808635712 7.0627369881
01873 1461243347.5006067753 7.0627369881
01874 1461243347.5237226486 7.0627369881
01875 1461243347.5405347347 7.0627369881
01876 1461243347.5608131886 7.1016139984
01877 1461243347.5805919170 7.1016139984
01878 1461243347.6008224487 7.1016139984
01879 1461243347.6226861477 7.1016139984
01880 1461243347.6408672333 7.1016139984
01881 1461243347.6604483128 7.1016139984
01882 1461243347.6805505753 7.1525611877
01883 1461243347.7008433342 7.1525611877
01884 1461243347.7226696014 7.1525611877
01885 1461243347.7403967381 7.2524909973
01886 1461243347.7603511810 7.2524909973
01887 1461243347.7806491852 7.2524909973
01888 1461243347.8003296852 7.2524909973
01889 1461243347.8224756718 7.2524909973
01890 1461243347.8414914608 7.2524909973
01891 1461243347.8613257408 7.4023861885
01892 1461243347.8805713654 7.4023861885
01893 1461243347.9003860950 7.4023861885
01894 1461243347.9226977825 7.4023861885
01895 1461243347.9403960705 7.4023861885
01896 1461243347.9609067440 7.6042103767
01897 1461243347.9807307720 7.6042103767
01898 1461243348.0006632805 7.6042103767
01899 1461243348.0225698948 7.6042103767
01900 1461243348.0404436588 7.8450527191
01901 1461243348.0604181290 7.8450527191
01902 1461243348.0804345608 7.8450527191
01903 1461243348.1006317139 7.8450527191
01904 1461243348.1224930286 7.8450527191
01905 1461243348.1406562328 7.8450527191
01906 1461243348.1609117985 8.1289825439
01907 1461243348.1803929806 8.1289825439
01908 1461243348.2004089355 8.1289825439
01909 1461243348.2219986916 8.1289825439
01910 1461243348.2407562733 8.1289825439
01911 1461243348.2606172562 8.4919300079
01912 1461243348.2804398537 8.4919300079
01913 1461243348.3004043102 8.4919300079
01914 1461243348.3223063946 8.4919300079
01915 1461243348.3404684067 8.4919300079
01916 1461243348.3604578972 8.9068069458
01917 1461243348.3806638718 8.9068069458
01918 1461243348.4003901482 8.9068069458
01919 1461243348.4222817421 8.9068069458
01920 1461243348.4404592514 8.9068069458
01921 1461243348.4603974819 9.3507366180
01922 1461243348.4803926945 9.3507366180
01923 1461243348.5004425049 9.3507366180
01924 1461243348.5220241547 9.3507366180
01925 1461243348.5406317711 9.3507366180
01926 1461243348.5605752468 9.7936840057
01927 1461243348.5804469585 9.7936840057
01928 1461243348.6004807949 9.7936840057
01929 1461243348.6224322319 9.7936840057
01930 1461243348.6407506466 9.7936840057
01931 1461243348.6603996754 10.2335433960
01932 1461243348.6806488037 10.2335433960
01933 1461243348.7006635666 10.2335433960
01934 1461243348.7224590778 10.2335433960
01935 1461243348.7406392097 10.2335433960
01936 1461243348.7604808807 10.6195087433
01937 1461243348.7805495262 10.6195087433
01938 1461243348.8003935814 10.6195087433
01939 1461243348.8227074146 10.6195087433
01940 1461243348.8404185772 11.0214738846
01941 1461243348.8604018688 11.0214738846
01942 1461243348.8803784847 11.0214738846
01943 1461243348.9003424644 11.0214738846
01944 1461243348.9220514297 11.0214738846
01945 1461243348.9406058788 11.0214738846
01946 1461243348.9602625370 11.3803510666
01947 1461243348.9807157516 11.3803510666
01948 1461243349.0005640984 11.3803510666
01949 1461243349.0225155354 11.3803510666
01950 1461243349.0403721333 11.3803510666
01951 1461243349.0606048107 11.7423162460
01952 1461243349.0806701183 11.7423162460
01953 1461243349.1003017426 11.7423162460
01954 1461243349.1222259998 11.7423162460
01955 1461243349.1408059597 11.7423162460
01956 1461243349.1606941223 12.0592279434
01957 1461243349.1804227829 12.0592279434
01958 1461243349.2006793022 12.0592279434
01959 1461243349.2226908207 12.0592279434
01960 1461243349.2405488491 12.0592279434
01961 1461243349.2604310513 12.3421754837
01962 1461243349.2803094387 12.3421754837
01963 1461243349.3004233837 12.3421754837
01964 1461243349.3224947453 12.3421754837
01965 1461243349.3413529396 12.3421754837
01966 1461243349.3616364002 12.6280698776
01967 1461243349.3813233376 12.6280698776
01968 1461243349.4013476372 12.6280698776
01969 1461243349.4235467911 12.6280698776
01970 1461243349.4409856796 12.6280698776
01971 1461243349.4609389305 12.8659648895
01972 1461243349.4815716743 12.8659648895
01973 1461243349.5003092289 12.8659648895
01974 1461243349.5223128796 12.8659648895
01975 1461243349.5417931080 12.8659648895
01976 1461243349.5602567196 13.1498947144
01977 1461243349.5807108879 13.1498947144
01978 1461243349.6008255482 13.1498947144
01979 1461243349.6220843792 13.1498947144
01980 1461243349.6405417919 13.1498947144
01981 1461243349.6605942249 13.4248418808
01982 1461243349.6814153194 13.4248418808
01983 1461243349.7009367943 13.4248418808
01984 1461243349.7204878330 13.4248418808
01985 1461243349.7404317856 13.4248418808
01986 1461243349.7604732513 13.4248418808
01987 1461243349.7805135250 13.4248418808
01988 1461243349.8006169796 13.4248418808
01989 1461243349.8220584393 13.4248418808
01990 1461243349.8406498432 13.4248418808
01991 1461243349.8605666161 13.6567020416
01992 1461243349.8804552555 13.6567020416
01993 1461243349.9006145000 13.6567020416
01994 1461243349.9208276272 13.6567020416
01995 1461243349.9405870438 13.6567020416
01996 1461243349.9604775906 13.6567020416
01997 1461243349.9808743000 13.6567020416
01998 1461243350.0005722046 13.6567020416
01999 1461243350.0207180977 13.6567020416
02000 1461243350.0409767628 13.6567020416
02001 1461243350.0604636669 13.6567020416
02002 1461243350.0808207989 13.6567020416
02003 1461243350.1005687714 13.6567020416
02004 1461243350.1223351955 13.6567020416
02005 1461243350.1404712200 13.6567020416
02006 1461243350.1608479023 13.5755786896
02007 1461243350.1802754402 13.5755786896
02008 1461243350.2018322945 13.5755786896
02009 1461243350.2216556072 13.5755786896
02010 1461243350.2403600216 13.5755786896
02011 1461243350.2604091167 13.5755786896
02012 1461243350.2807371616 13.5755786896
02013 1461243350.3003714085 13.5755786896
02014 1461243350.3230986595 13.5755786896
02015 1461243350.3420066833 13.5344562531
02016 1461243350.3604626656 13.5344562531
02017 1461243350.3805525303 13.5344562531
02018 1461243350.4008116722 13.5344562531
02019 1461243350.4223287106 13.5344562531
02020 1461243350.4407401085 13.5344562531
02021 1461243350.4607899189 13.4513683319
02022 1461243350.4805524349 13.4513683319
02023 1461243350.5005025864 13.4513683319
02024 1461243350.5228989124 13.4513683319
02025 1461243350.5405340195 13.4513683319
02026 1461243350.5604641438 13.2843513489
02027 1461243350.5807313919 13.2843513489
02028 1461243350.6003360748 13.2843513489
02029 1461243350.6213901043 13.2843513489
02030 1461243350.6406385899 13.2843513489
02031 1461243350.6604719162 13.2843513489
02032 1461243350.6804432869 13.2843513489
02033 1461243350.7008075714 13.2843513489
02034 1461243350.7228178978 13.2843513489
02035 1461243350.7402935028 13.2843513489
02036 1461243350.7609605789 13.0872983932
02037 1461243350.7806265354 13.0872983932
02038 1461243350.8004453182 13.0872983932
02039 1461243350.8230047226 13.0872983932
02040 1461243350.8404991627 13.0872983932
02041 1461243350.8605647087 12.8071575165
02042 1461243350.8809199333 12.8071575165
02043 1461243350.9003694057 12.8071575165
02044 1461243350.9230387211 12.8071575165
02045 1461243350.9405324459 12.8071575165
02046 1461243350.9604263306 12.5371227264
02047 1461243350.9804837704 12.5371227264
02048 1461243351.0012166500 12.5371227264
02049 1461243351.0223655701 12.5371227264
02050 1461243351.0404789448 12.5371227264
02051 1461243351.0607218742 12.1830177307
02052 1461243351.0801851749 12.1830177307
02053 1461243351.1006395817 12.1830177307
02054 1461243351.1225106716 12.1830177307
02055 1461243351.1403622627 12.1830177307
02056 1461243351.1607182026 11.8019647598
02057 1461243351.1809344292 11.8019647598
02058 1461243351.2005000114 11.8019647598
02059 1461243351.2225847244 11.8019647598
02060 1461243351.2407190800 11.8019647598
02061 1461243351.2604494095 11.4178247452
02062 1461243351.2806069851 11.4178247452
02063 1461243351.3003249168 11.4178247452
02064 1461243351.3219237328 11.4178247452
02065 1461243351.3404443264 11.4178247452
02066 1461243351.3603255749 11.0327014923
02067 1461243351.3805372715 11.0327014923
02068 1461243351.4004180431 11.0327014923
02069 1461243351.4226086140 11.0327014923
02070 1461243351.4405345917 11.0327014923
02071 1461243351.4607696533 10.6465969086
02072 1461243351.4807558060 10.6465969086
02073 1461243351.5002908707 10.6465969086
02074 1461243351.5221962929 10.6465969086
02075 1461243351.5407099724 10.6465969086
02076 1461243351.5602209568 10.2385969162
02077 1461243351.5807149410 10.2385969162
02078 1461243351.6004903316 10.2385969162
02079 1461243351.6221029758 10.2385969162
02080 1461243351.6410820484 10.2385969162
02081 1461243351.6602764130 9.8495435715
02082 1461243351.6803455353 9.8495435715
02083 1461243351.7002553940 9.8495435715
02084 1461243351.7220630646 9.8495435715
02085 1461243351.7403578758 9.8495435715
02086 1461243351.7603499889 9.4714384079
02087 1461243351.7806196213 9.4714384079
02088 1461243351.8004186153 9.4714384079
02089 1461243351.8222401142 9.4714384079
02090 1461243351.8405685425 9.4714384079
02091 1461243351.8603560925 9.1044206619
02092 1461243351.8802092075 9.1044206619
02093 1461243351.9003570080 9.1044206619
02094 1461243351.9222877026 9.1044206619
02095 1461243351.9406297207 9.1044206619
02096 1461243351.9609644413 8.7473688126
02097 1461243351.9816737175 8.7473688126
02098 1461243352.0013396740 8.7473688126
02099 1461243352.0228731632 8.7473688126
02100 1461243352.0404171944 8.7473688126
02101 1461243352.0602419376 8.4293336868
02102 1461243352.0800909996 8.4293336868
02103 1461243352.1001257896 8.4293336868
02104 1461243352.1222434044 8.4293336868
02105 1461243352.1402854919 8.4293336868
02106 1461243352.1602180004 8.1702451706
02107 1461243352.1804494858 8.1702451706
02108 1461243352.2002737522 8.1702451706
02109 1461243352.2223427296 8.1702451706
02110 1461243352.2404687405 8.1702451706
02111 1461243352.2602016926 7.9411931038
02112 1461243352.2805323601 7.9411931038
02113 1461243352.3003611565 7.9411931038
02114 1461243352.3223676682 7.9411931038
02115 1461243352.3400917053 7.9411931038
02116 1461243352.3605184555 7.7490525246
02117 1461243352.3801903725 7.7490525246
02118 1461243352.4000904560 7.7490525246
02119 1461243352.4224009514 7.7490525246
02120 1461243352.4402406216 7.7490525246
02121 1461243352.4602217674 7.5959296227
02122 1461243352.4804441929 7.5959296227
02123 1461243352.5002491474 7.5959296227
02124 1461243352.5220298767 7.5959296227
02125 1461243352.5404512882 7.5959296227
02126 1461243352.5601036549 7.4318594933
02127 1461243352.5805680752 7.4318594933
02128 1461243352.6003427505 7.4318594933
02129 1461243352.6225180626 7.4318594933
02130 1461243352.6402561665 7.4318594933
02131 1461243352.6602745056 7.3058247566
02132 1461243352.6803400517 7.3058247566
02133 1461243352.7003321648 7.3058247566
02134 1461243352.7228016853 7.3058247566
02135 1461243352.7403168678 7.3058247566
02136 1461243352.7602910995 7.1827368736
02137 1461243352.7802836895 7.1827368736
02138 1461243352.8003277779 7.1827368736
02139 1461243352.8221247196 7.1827368736
02140 1461243352.8403575420 7.1827368736
02141 1461243352.8600685596 7.0416841507
02142 1461243352.8801219463 7.0416841507
02143 1461243352.9004399776 7.0416841507
02144 1461243352.9220752716 7.0416841507
02145 1461243352.9401841164 7.0416841507
02146 1461243352.9606678486 6.9066667557
02147 1461243352.9802165031 6.9066667557
02148 1461243353.0003314018 6.9066667557
02149 1461243353.0223152637 6.9066667557
02150 1461243353.0403151512 6.9066667557
02151 1461243353.0604362488 6.7736139297
02152 1461243353.0804462433 6.7736139297
02153 1461243353.1002962589 6.7736139297
02154 1461243353.1225054264 6.7736139297
02155 1461243353.1404924393 6.7736139297
02156 1461243353.1603229046 6.6405615807
02157 1461243353.1801760197 6.6405615807
02158 1461243353.2003996372 6.6405615807
02159 1461243353.2222049236 6.6405615807
02160 1461243353.2403328419 6.6405615807
02161 1461243353.2607986927 6.5075087547
02162 1461243353.2803733349 6.5075087547
02163 1461243353.3002021313 6.5075087547
02164 1461243353.3222651482 6.5075087547
02165 1461243353.3405201435 6.5075087547
02166 1461243353.3606343269 6.3974738121
02167 1461243353.3803493977 6.3974738121
02168 1461243353.4001860619 6.3974738121
02169 1461243353.4225752354 6.3974738121
02170 1461243353.4402644634 6.3974738121
02171 1461243353.4605801105 6.3073682785
02172 1461243353.4801316261 6.3073682785
02173 1461243353.5004210472 6.3073682785
02174 1461243353.5203766823 6.3073682785
02175 1461243353.5402469635 6.3073682785
02176 1461243353.5603230000 6.3073682785
02177 1461243353.5805656910 6.3073682785
02178 1461243353.6003959179 6.3073682785
02179 1461243353.6203742027 6.3073682785
02180 1461243353.6404407024 6.3073682785
02181 1461243353.6606700420 6.3073682785
02182 1461243353.6813430786 6.3073682785
02183 1461243353.7004554272 6.3073682785
02184 1461243353.7222681046 6.3073682785
02185 1461243353.7401885986 6.3472280502
02186 1461243353.7605075836 6.3472280502
02187 1461243353.7805209160 6.3472280502
02188 1461243353.7999980450 6.3472280502
02189 1461243353.8224511147 6.3472280502
02190 1461243353.8404695988 6.3472280502
02191 1461243353.8602557182 6.4461755753
02192 1461243353.8805165291 6.4461755753
02193 1461243353.9005858898 6.4461755753
02194 1461243353.9217181206 6.4461755753
02195 1461243353.9404811859 6.4461755753
02196 1461243353.9605085850 6.6321401596
02197 1461243353.9800360203 6.6321401596
02198 1461243354.0002346039 6.6321401596
02199 1461243354.0221369267 6.6321401596
02200 1461243354.0401821136 6.6321401596
02201 1461243354.0600640774 6.8150177002
02202 1461243354.0804896355 6.8150177002
02203 1461243354.1003146172 6.8150177002
02204 1461243354.1222543716 6.8150177002
02205 1461243354.1403059959 6.8150177002
02206 1461243354.1599836349 7.0899648666
02207 1461243354.1802134514 7.0899648666
02208 1461243354.2001280785 7.0899648666
02209 1461243354.2226836681 7.0899648666
02210 1461243354.2402696609 7.0899648666
02211 1461243354.2601149082 7.3278598785
02212 1461243354.2810993195 7.3278598785
02213 1461243354.3000843525 7.3278598785
02214 1461243354.3221988678 7.3278598785
02215 1461243354.3403570652 7.3278598785
02216 1461243354.3600742817 7.5628070831
02217 1461243354.3806285858 7.5628070831
02218 1461243354.4002375603 7.5628070831
02219 1461243354.4227221012 7.5628070831
02220 1461243354.4403147697 7.5628070831
02221 1461243354.4603588581 7.7776842117
02222 1461243354.4802947044 7.7776842117
02223 1461243354.5001094341 7.7776842117
02224 1461243354.5222485065 7.7776842117
02225 1461243354.5401358604 7.7776842117
02226 1461243354.5605070591 7.9985966682
02227 1461243354.5801088810 7.9985966682
02228 1461243354.6000921726 7.9985966682
02229 1461243354.6225459576 7.9985966682
02230 1461243354.6401412487 7.9985966682
02231 1461243354.6600935459 8.2435083389
02232 1461243354.6801567078 8.2435083389
02233 1461243354.7000880241 8.2435083389
02234 1461243354.7219429016 8.2435083389
02235 1461243354.7399818897 8.2435083389
02236 1461243354.7600469589 8.4854736328
02237 1461243354.7803888321 8.4854736328
02238 1461243354.8006312847 8.4854736328
02239 1461243354.8219006062 8.4854736328
02240 1461243354.8401188850 8.4854736328
02241 1461243354.8600873947 8.6724214554
02242 1461243354.8801233768 8.6724214554
02243 1461243354.9001619816 8.6724214554
02244 1461243354.9219343662 8.6724214554
02245 1461243354.9404830933 8.6724214554
02246 1461243354.9600822926 8.8433685303
02247 1461243354.9800970554 8.8433685303
02248 1461243355.0000588894 8.8433685303
02249 1461243355.0222866535 8.8433685303
02250 1461243355.0398583412 8.8433685303
02251 1461243355.0600824356 8.9872283936
02252 1461243355.0801353455 8.9872283936
02253 1461243355.0999126434 8.9872283936
02254 1461243355.1201181412 8.9872283936
02255 1461243355.1400816441 8.9872283936
02256 1461243355.1599571705 8.9872283936
02257 1461243355.1800718307 8.9872283936
02258 1461243355.2000277042 8.9872283936
02259 1461243355.2201073170 8.9872283936
02260 1461243355.2402238846 8.9872283936
02261 1461243355.2600414753 8.9872283936
02262 1461243355.2801244259 8.9872283936
02263 1461243355.3001012802 8.9872283936
02264 1461243355.3202149868 8.9872283936
02265 1461243355.3400242329 8.9872283936
02266 1461243355.3600144386 8.9872283936
02267 1461243355.3801293373 8.9872283936
02268 1461243355.4000983238 8.9872283936
02269 1461243355.4200325012 8.9872283936
02270 1461243355.4401009083 8.9872283936
02271 1461243355.4601168633 8.9872283936
02272 1461243355.4811828136 8.9872283936
02273 1461243355.5004482269 8.9872283936
02274 1461243355.5199456215 8.9872283936
02275 1461243355.5401773453 8.9872283936
02276 1461243355.5604176521 8.9872283936
02277 1461243355.5802884102 8.9872283936
02278 1461243355.6003470421 8.9872283936
02279 1461243355.6203947067 8.9872283936
02280 1461243355.6403477192 8.9872283936
02281 1461243355.6599798203 8.9872283936
02282 1461243355.6804182529 8.9872283936
02283 1461243355.7004888058 8.9872283936
02284 1461243355.7205238342 8.9872283936
02285 1461243355.7404932976 8.9872283936
02286 1461243355.7602517605 8.9872283936
02287 1461243355.7800981998 8.9872283936
02288 1461243355.8005242348 8.9872283936
02289 1461243355.8202300072 8.9872283936
02290 1461243355.8400251865 8.9872283936
02291 1461243355.8604722023 8.9872283936
02292 1461243355.8803007603 8.9872283936
02293 1461243355.9001867771 8.9872283936
02294 1461243355.9200508595 8.9872283936
02295 1461243355.9399242401 8.9872283936
02296 1461243355.9601585865 8.9872283936
02297 1461243355.9799799919 8.9872283936
02298 1461243356.0000643730 8.9872283936
02299 1461243356.0201506615 8.9872283936
