00000 1461244097.0199515820 6.5423159599
00001 1461244097.0609662533 6.5423159599
00002 1461244097.0978651047 6.3532633781
00003 1461244097.1378738880 6.3532633781
00004 1461244097.1802468300 6.3532633781
00005 1461244097.2198455334 6.3532633781
00006 1461244097.2576398849 6.3532633781
00007 1461244097.2989952564 6.1441402435
00008 1461244097.3388180733 6.1441402435
00009 1461244097.3777756691 6.1441402435
00010 1461244097.4200706482 6.1441402435
00011 1461244097.4578285217 6.1441402435
00012 1461244097.4978487492 5.9260349274
00013 1461244097.5377845764 5.9260349274
00014 1461244097.5778484344 5.9260349274
00015 1461244097.6201317310 5.9260349274
00016 1461244097.6580340862 5.9260349274
00017 1461244097.6977703571 5.7209825516
00018 1461244097.7379643917 5.7209825516
00019 1461244097.7783999443 5.7209825516
00020 1461244097.8199157715 5.7209825516
00021 1461244097.8577816486 5.7209825516
00022 1461244097.8977365494 5.5699648857
00023 1461244097.9377870560 5.5699648857
00024 1461244097.9778759480 5.5699648857
00025 1461244098.0178172588 5.5699648857
00026 1461244098.0578088760 5.5699648857
00027 1461244098.0977952480 5.5699648857
00028 1461244098.1378340721 5.5699648857
00029 1461244098.1778423786 5.5699648857
00030 1461244098.2198522091 5.5699648857
00031 1461244098.2579162121 5.5699648857
00032 1461244098.2977566719 5.5938243866
00033 1461244098.3377487659 5.5938243866
00034 1461244098.3777532578 5.5938243866
00035 1461244098.4198384285 5.5938243866
00036 1461244098.4577991962 5.5938243866
00037 1461244098.4977927208 5.6877193451
00038 1461244098.5377459526 5.6877193451
00039 1461244098.5777528286 5.6877193451
00040 1461244098.6199264526 5.6877193451
00041 1461244098.6577737331 5.6877193451
00042 1461244098.6979019642 5.7866668701
00043 1461244098.7376706600 5.7866668701
00044 1461244098.7777581215 5.7866668701
00045 1461244098.8198716640 5.7866668701
00046 1461244098.8576273918 5.7866668701
00047 1461244098.8977820873 5.9525613785
00048 1461244098.9377765656 5.9525613785
00049 1461244098.9777810574 5.9525613785
00050 1461244099.0198607445 5.9525613785
00051 1461244099.0577776432 5.9525613785
00052 1461244099.0977942944 6.1494736671
00053 1461244099.1377449036 6.1494736671
00054 1461244099.1777462959 6.1494736671
00055 1461244099.2199265957 6.1494736671
00056 1461244099.2577247620 6.1494736671
00057 1461244099.2977185249 6.3153686523
00058 1461244099.3377225399 6.3153686523
00059 1461244099.3776848316 6.3153686523
00060 1461244099.4200170040 6.3153686523
00061 1461244099.4577441216 6.3153686523
00062 1461244099.4977259636 6.4463157654
00063 1461244099.5377442837 6.4463157654
00064 1461244099.5783231258 6.4463157654
00065 1461244099.6195411682 6.4463157654
00066 1461244099.6605064869 6.4463157654
00067 1461244099.6976764202 6.6051931381
00068 1461244099.7376391888 6.6051931381
00069 1461244099.7778468132 6.6051931381
00070 1461244099.8196065426 6.6051931381
00071 1461244099.8576638699 6.6051931381
00072 1461244099.8977739811 6.7310876846
00073 1461244099.9394333363 6.7310876846
00074 1461244099.9777336121 6.7310876846
00075 1461244100.0197813511 6.7310876846
00076 1461244100.0582895279 6.7310876846
00077 1461244100.0977098942 6.8540349007
00078 1461244100.1393895149 6.8540349007
00079 1461244100.1805651188 6.8540349007
00080 1461244100.2194612026 6.8540349007
00081 1461244100.2577011585 6.8540349007
00082 1461244100.2976520061 6.9498949051
00083 1461244100.3395106792 6.9498949051
00084 1461244100.3776321411 6.9498949051
00085 1461244100.4176592827 6.9498949051
00086 1461244100.4576635361 6.9498949051
00087 1461244100.4976639748 6.9498949051
00088 1461244100.5376124382 6.9498949051
00089 1461244100.5780541897 6.9498949051
00090 1461244100.6176257133 6.9498949051
00091 1461244100.6575670242 6.9498949051
00092 1461244100.6976063251 6.9498949051
00093 1461244100.7376549244 6.9498949051
00094 1461244100.7775013447 6.9498949051
00095 1461244100.8175778389 6.9498949051
00096 1461244100.8575620651 6.9498949051
00097 1461244100.8975749016 6.9498949051
00098 1461244100.9376199245 6.9498949051
00099 1461244100.9775867462 6.9498949051
00100 1461244101.0185894966 6.9498949051
00101 1461244101.0574555397 6.9498949051
00102 1461244101.0977389812 6.9498949051
00103 1461244101.1376309395 6.9498949051
00104 1461244101.1805410385 6.9498949051
00105 1461244101.2178196907 6.9498949051
00106 1461244101.2575581074 6.9498949051
00107 1461244101.2976729870 6.9498949051
00108 1461244101.3376088142 6.9498949051
00109 1461244101.3775088787 6.9498949051
00110 1461244101.4175090790 6.9498949051
00111 1461244101.4575533867 6.9498949051
00112 1461244101.4975628853 6.9498949051
00113 1461244101.5375566483 6.9498949051
00114 1461244101.5774724483 6.9498949051
00115 1461244101.6210076809 6.9498949051
00116 1461244101.6575477123 7.0508069992
00117 1461244101.6976079941 7.0508069992
00118 1461244101.7376322746 7.0508069992
00119 1461244101.7774696350 7.0508069992
00120 1461244101.8200902939 7.0508069992
00121 1461244101.8575809002 7.1716489792
00122 1461244101.8974640369 7.1716489792
00123 1461244101.9375996590 7.1716489792
00124 1461244101.9774746895 7.1716489792
00125 1461244102.0197308064 7.1716489792
00126 1461244102.0606942177 7.2645611763
00127 1461244102.0981225967 7.2645611763
00128 1461244102.1375837326 7.2645611763
00129 1461244102.1775262356 7.2645611763
00130 1461244102.2216274738 7.2645611763
00131 1461244102.2579526901 7.2645611763
00132 1461244102.2975149155 7.3614034653
00133 1461244102.3376395702 7.3614034653
00134 1461244102.3792414665 7.3614034653
00135 1461244102.4175715446 7.3614034653
00136 1461244102.4575576782 7.3614034653
00137 1461244102.4993178844 7.3614034653
00138 1461244102.5378806591 7.3614034653
00139 1461244102.5775620937 7.3614034653
00140 1461244102.6199841499 7.3614034653
00141 1461244102.6575474739 7.4592280388
00142 1461244102.6974716187 7.4592280388
00143 1461244102.7376577854 7.4592280388
00144 1461244102.7775263786 7.4592280388
00145 1461244102.8198952675 7.4592280388
00146 1461244102.8575310707 7.4592280388
00147 1461244102.8975434303 7.5581755638
00148 1461244102.9375054836 7.5581755638
00149 1461244102.9774723053 7.5581755638
00150 1461244103.0193946362 7.5581755638
00151 1461244103.0575621128 7.5581755638
00152 1461244103.0975439548 7.6561403275
00153 1461244103.1376411915 7.6561403275
00154 1461244103.1773993969 7.6561403275
00155 1461244103.2174258232 7.6561403275
00156 1461244103.2574062347 7.6561403275
00157 1461244103.2975170612 7.6561403275
00158 1461244103.3373982906 7.6561403275
00159 1461244103.3774037361 7.6561403275
00160 1461244103.4197938442 7.6561403275
00161 1461244103.4585292339 7.6561403275
00162 1461244103.4975898266 7.6561403275
00163 1461244103.5373954773 7.6561403275
00164 1461244103.5773437023 7.6561403275
00165 1461244103.6173803806 7.6561403275
00166 1461244103.6573874950 7.6561403275
00167 1461244103.6973896027 7.6561403275
00168 1461244103.7373816967 7.6561403275
00169 1461244103.7801625729 7.6561403275
00170 1461244103.8173682690 7.6561403275
00171 1461244103.8574726582 7.6561403275
00172 1461244103.8974428177 7.6561403275
00173 1461244103.9385325909 7.6561403275
00174 1461244103.9776515961 7.6561403275
00175 1461244104.0174162388 7.6561403275
00176 1461244104.0581207275 7.6561403275
00177 1461244104.0980370045 7.6561403275
00178 1461244104.1375887394 7.6561403275
00179 1461244104.1774036884 7.6561403275
00180 1461244104.2202804089 7.6561403275
00181 1461244104.2574019432 7.5999999046
00182 1461244104.2974016666 7.5999999046
00183 1461244104.3388862610 7.5999999046
00184 1461244104.3774042130 7.5999999046
00185 1461244104.4199099541 7.5999999046
00186 1461244104.4574561119 7.5999999046
00187 1461244104.4973473549 7.4689121246
00188 1461244104.5373563766 7.4689121246
00189 1461244104.5774137974 7.4689121246
00190 1461244104.6196103096 7.4689121246
00191 1461244104.6574563980 7.4689121246
00192 1461244104.6974391937 7.3118596077
00193 1461244104.7374234200 7.3118596077
00194 1461244104.7772836685 7.3118596077
00195 1461244104.8195679188 7.3118596077
00196 1461244104.8572442532 7.3118596077
00197 1461244104.8973805904 7.0898246765
00198 1461244104.9373278618 7.0898246765
00199 1461244104.9773046970 7.0898246765
00200 1461244105.0196628571 7.0898246765
00201 1461244105.0573253632 7.0898246765
00202 1461244105.0973706245 6.8687720299
00203 1461244105.1373941898 6.8687720299
00204 1461244105.1773419380 6.8687720299
00205 1461244105.2197155952 6.8687720299
00206 1461244105.2576832771 6.8687720299
00207 1461244105.2973022461 6.6727018356
00208 1461244105.3373062611 6.6727018356
00209 1461244105.3773460388 6.6727018356
00210 1461244105.4191508293 6.6727018356
00211 1461244105.4573423862 6.6727018356
00212 1461244105.4973316193 6.5336141586
00213 1461244105.5373284817 6.5336141586
00214 1461244105.5772387981 6.5336141586
00215 1461244105.6173663139 6.5336141586
00216 1461244105.6573102474 6.5336141586
00217 1461244105.6973059177 6.5336141586
00218 1461244105.7372868061 6.5336141586
00219 1461244105.7772274017 6.5336141586
00220 1461244105.8212196827 6.5336141586
00221 1461244105.8573303223 6.5465264320
00222 1461244105.8973674774 6.5465264320
00223 1461244105.9373540878 6.5465264320
00224 1461244105.9773700237 6.5465264320
00225 1461244106.0190429688 6.5465264320
00226 1461244106.0572674274 6.5465264320
00227 1461244106.0973260403 6.6273684502
00228 1461244106.1373395920 6.6273684502
00229 1461244106.1773145199 6.6273684502
00230 1461244106.2197513580 6.6273684502
00231 1461244106.2573580742 6.6273684502
00232 1461244106.2973744869 6.7573332787
00233 1461244106.3373360634 6.7573332787
00234 1461244106.3800609112 6.7573332787
00235 1461244106.4192943573 6.7573332787
00236 1461244106.4573154449 6.7573332787
00237 1461244106.4973175526 6.9462456703
00238 1461244106.5372996330 6.9462456703
00239 1461244106.5773503780 6.9462456703
00240 1461244106.6198837757 6.9462456703
00241 1461244106.6573107243 6.9462456703
00242 1461244106.6972613335 7.1671581268
00243 1461244106.7372777462 7.1671581268
00244 1461244106.7772631645 7.1671581268
00245 1461244106.8199355602 7.1671581268
00246 1461244106.8572771549 7.1671581268
00247 1461244106.8971722126 7.4079999924
00248 1461244106.9370932579 7.4079999924
00249 1461244106.9771671295 7.4079999924
00250 1461244107.0193836689 7.4079999924
00251 1461244107.0572142601 7.4079999924
00252 1461244107.0973396301 7.6898245811
00253 1461244107.1373147964 7.6898245811
00254 1461244107.1771817207 7.6898245811
00255 1461244107.2192780972 7.6898245811
00256 1461244107.2572844028 7.6898245811
00257 1461244107.2989947796 8.0416841507
00258 1461244107.3372550011 8.0416841507
00259 1461244107.3772873878 8.0416841507
00260 1461244107.4196059704 8.0416841507
00261 1461244107.4572663307 8.0416841507
00262 1461244107.4979288578 8.4376144409
00263 1461244107.5372493267 8.4376144409
00264 1461244107.5774488449 8.4376144409
00265 1461244107.6197478771 8.4376144409
00266 1461244107.6580047607 8.4376144409
00267 1461244107.6974511147 8.8924913406
00268 1461244107.7371814251 8.8924913406
00269 1461244107.7773237228 8.8924913406
00270 1461244107.8235483170 8.8924913406
00271 1461244107.8571972847 8.8924913406
00272 1461244107.8972034454 9.3813333511
00273 1461244107.9371931553 9.3813333511
00274 1461244107.9771707058 9.3813333511
00275 1461244108.0197508335 9.3813333511
00276 1461244108.0571818352 9.3813333511
00277 1461244108.0982072353 9.8352279663
00278 1461244108.1372158527 9.8352279663
00279 1461244108.1771259308 9.8352279663
00280 1461244108.2195937634 9.8352279663
00281 1461244108.2572522163 9.8352279663
00282 1461244108.2972280979 10.3661756516
00283 1461244108.3372304440 10.3661756516
00284 1461244108.3799655437 10.3661756516
00285 1461244108.4193270206 10.3661756516
00286 1461244108.4571125507 10.3661756516
00287 1461244108.4971446991 11.3250522614
00288 1461244108.5377051830 11.3250522614
00289 1461244108.5794498920 11.3250522614
00290 1461244108.6202676296 11.3250522614
00291 1461244108.6570069790 11.3250522614
00292 1461244108.6979029179 12.6579647064
00293 1461244108.7371137142 12.6579647064
00294 1461244108.7770583630 12.6579647064
00295 1461244108.8235681057 12.6579647064
00296 1461244108.8571376801 12.6579647064
00297 1461244108.8971090317 14.0778951645
00298 1461244108.9371864796 14.0778951645
00299 1461244108.9771063328 14.0778951645
00300 1461244109.0192756653 14.0778951645
00301 1461244109.0598020554 14.0778951645
00302 1461244109.0970482826 15.4658241272
00303 1461244109.1398866177 15.4658241272
00304 1461244109.1785748005 15.4658241272
00305 1461244109.2200212479 15.4658241272
00306 1461244109.2570362091 15.4658241272
00307 1461244109.2970728874 16.6096839905
00308 1461244109.3371329308 16.6096839905
00309 1461244109.3771123886 16.6096839905
00310 1461244109.4192104340 16.6096839905
00311 1461244109.4570856094 16.6096839905
00312 1461244109.4970824718 17.3775444031
00313 1461244109.5370867252 17.3775444031
00314 1461244109.5794312954 17.3775444031
00315 1461244109.6181228161 17.3775444031
00316 1461244109.6574552059 17.3775444031
00317 1461244109.6970760822 17.3775444031
00318 1461244109.7370719910 17.3775444031
00319 1461244109.7770748138 17.3775444031
00320 1461244109.8189890385 17.3775444031
00321 1461244109.8582189083 17.3775444031
00322 1461244109.8971252441 17.4654026031
00323 1461244109.9370043278 17.4654026031
00324 1461244109.9770083427 17.4654026031
00325 1461244110.0205340385 17.4654026031
00326 1461244110.0569860935 17.4654026031
00327 1461244110.0971198082 17.2574043274
00328 1461244110.1376771927 17.2574043274
00329 1461244110.1770260334 17.2574043274
00330 1461244110.2194664478 17.2574043274
00331 1461244110.2570829391 17.2574043274
00332 1461244110.2970716953 16.6703166962
00333 1461244110.3371512890 16.6703166962
00334 1461244110.3770990372 16.6703166962
00335 1461244110.4193923473 16.6703166962
00336 1461244110.4570953846 16.6703166962
00337 1461244110.4971041679 15.9263162613
00338 1461244110.5370712280 15.9263162613
00339 1461244110.5769450665 15.9263162613
00340 1461244110.6195440292 15.9263162613
00341 1461244110.6569957733 15.9263162613
00342 1461244110.6970286369 15.1222457886
00343 1461244110.7369835377 15.1222457886
00344 1461244110.7769529819 15.1222457886
00345 1461244110.8194272518 15.1222457886
00346 1461244110.8570477962 15.1222457886
00347 1461244110.8971965313 14.3671579361
00348 1461244110.9396810532 14.3671579361
00349 1461244110.9769320488 14.3671579361
00350 1461244111.0194215775 14.3671579361
00351 1461244111.0570340157 14.3671579361
00352 1461244111.0969979763 13.6070175171
00353 1461244111.1369631290 13.6070175171
00354 1461244111.1770026684 13.6070175171
00355 1461244111.2193667889 13.6070175171
00356 1461244111.2570312023 13.6070175171
00357 1461244111.2975161076 12.9319295883
00358 1461244111.3369209766 12.9319295883
00359 1461244111.3794846535 12.9319295883
00360 1461244111.4193265438 12.9319295883
00361 1461244111.4572775364 12.9319295883
00362 1461244111.4998633862 12.3368425369
00363 1461244111.5370016098 12.3368425369
00364 1461244111.5775780678 12.3368425369
00365 1461244111.6204795837 12.3368425369
00366 1461244111.6568877697 12.3368425369
00367 1461244111.6980860233 11.6777544022
00368 1461244111.7385697365 11.6777544022
00369 1461244111.7770938873 11.6777544022
00370 1461244111.8190176487 11.6777544022
00371 1461244111.8584525585 11.6777544022
00372 1461244111.8968203068 11.0116491318
00373 1461244111.9369568825 11.0116491318
00374 1461244111.9775948524 11.0116491318
00375 1461244112.0189397335 11.0116491318
00376 1461244112.0576472282 11.0116491318
00377 1461244112.0969152451 10.4155788422
00378 1461244112.1369764805 10.4155788422
00379 1461244112.1769020557 10.4155788422
00380 1461244112.2192325592 10.4155788422
00381 1461244112.2597873211 10.4155788422
00382 1461244112.2969322205 9.8325614929
00383 1461244112.3373231888 9.8325614929
00384 1461244112.3769330978 9.8325614929
00385 1461244112.4193367958 9.8325614929
00386 1461244112.4597198963 9.8325614929
00387 1461244112.5004253387 9.3184556961
00388 1461244112.5395438671 9.3184556961
00389 1461244112.5774960518 9.3184556961
00390 1461244112.6192028522 9.3184556961
00391 1461244112.6590282917 9.3184556961
00392 1461244112.6967506409 8.9813337326
00393 1461244112.7368860245 8.9813337326
00394 1461244112.7773902416 8.9813337326
00395 1461244112.8196587563 8.9813337326
00396 1461244112.8568100929 8.9813337326
00397 1461244112.8975160122 8.7602806091
00398 1461244112.9368069172 8.7602806091
00399 1461244112.9768514633 8.7602806091
00400 1461244113.0168857574 8.7602806091
00401 1461244113.0568704605 8.7602806091
00402 1461244113.0967922211 8.7602806091
00403 1461244113.1368496418 8.7602806091
00404 1461244113.1768355370 8.7602806091
00405 1461244113.2168524265 8.7602806091
00406 1461244113.2592892647 8.7602806091
00407 1461244113.2968504429 8.7602806091
00408 1461244113.3368463516 8.7602806091
00409 1461244113.3768327236 8.7602806091
00410 1461244113.4185931683 8.7602806091
00411 1461244113.4567809105 8.7602806091
00412 1461244113.4971687794 8.7362804413
00413 1461244113.5368454456 8.7362804413
00414 1461244113.5780384541 8.7362804413
00415 1461244113.6186237335 8.7362804413
00416 1461244113.6567230225 8.7351579666
00417 1461244113.6968710423 8.7351579666
00418 1461244113.7379987240 8.7351579666
00419 1461244113.7768466473 8.7351579666
00420 1461244113.8168816566 8.7351579666
00421 1461244113.8569023609 8.7351579666
00422 1461244113.8967685699 8.7351579666
00423 1461244113.9393563271 8.7351579666
00424 1461244113.9788248539 8.7351579666
00425 1461244114.0174002647 8.7351579666
00426 1461244114.0568408966 8.7351579666
00427 1461244114.0968360901 8.7351579666
00428 1461244114.1368787289 8.7351579666
00429 1461244114.1767654419 8.7351579666
00430 1461244114.2190375328 8.7351579666
00431 1461244114.2577102184 8.7351579666
00432 1461244114.2967703342 8.5621051788
00433 1461244114.3368604183 8.5621051788
00434 1461244114.3797101974 8.5621051788
00435 1461244114.4186913967 8.5621051788
00436 1461244114.4567961693 8.5621051788
00437 1461244114.4969527721 8.4270877838
00438 1461244114.5368163586 8.4270877838
00439 1461244114.5767133236 8.4270877838
00440 1461244114.6191430092 8.4270877838
00441 1461244114.6567399502 8.4270877838
00442 1461244114.6968162060 8.2159996033
00443 1461244114.7371530533 8.2159996033
00444 1461244114.7768127918 8.2159996033
00445 1461244114.8189268112 8.2159996033
00446 1461244114.8567161560 8.2159996033
00447 1461244114.8968529701 7.9198598862
00448 1461244114.9368631840 7.9198598862
00449 1461244114.9767000675 7.9198598862
00450 1461244115.0186078548 7.9198598862
00451 1461244115.0567779541 7.9198598862
00452 1461244115.0968635082 7.5608420372
00453 1461244115.1367819309 7.5608420372
00454 1461244115.1766755581 7.5608420372
00455 1461244115.2190353870 7.5608420372
00456 1461244115.2589495182 7.5608420372
00457 1461244115.2968809605 7.1807718277
00458 1461244115.3367998600 7.1807718277
00459 1461244115.3767848015 7.1807718277
00460 1461244115.4189980030 7.1807718277
00461 1461244115.4567332268 7.1807718277
00462 1461244115.4967429638 6.7796492577
00463 1461244115.5367512703 6.7796492577
00464 1461244115.5767023563 6.7796492577
00465 1461244115.6185824871 6.7796492577
00466 1461244115.6567742825 6.7796492577
00467 1461244115.6967544556 6.4405612946
00468 1461244115.7390162945 6.4405612946
00469 1461244115.7782747746 6.4405612946
00470 1461244115.8188357353 6.4405612946
00471 1461244115.8578498363 6.4405612946
00472 1461244115.8967318535 6.1194386482
00473 1461244115.9368429184 6.1194386482
00474 1461244115.9766385555 6.1194386482
00475 1461244116.0191814899 6.1194386482
00476 1461244116.0567274094 6.1194386482
00477 1461244116.0967488289 5.8654036522
00478 1461244116.1366508007 5.8654036522
00479 1461244116.1776440144 5.8654036522
00480 1461244116.2186517715 5.8654036522
00481 1461244116.2567791939 5.8654036522
00482 1461244116.2967760563 5.6583857536
00483 1461244116.3390026093 5.6583857536
00484 1461244116.3767104149 5.6583857536
00485 1461244116.4188735485 5.6583857536
00486 1461244116.4567258358 5.6583857536
00487 1461244116.4967169762 5.5222454071
00488 1461244116.5366797447 5.5222454071
00489 1461244116.5775387287 5.5222454071
00490 1461244116.6167275906 5.5222454071
00491 1461244116.6567142010 5.5222454071
00492 1461244116.6967644691 5.5222454071
00493 1461244116.7367329597 5.5222454071
00494 1461244116.7772090435 5.5222454071
00495 1461244116.8172676563 5.5222454071
00496 1461244116.8567547798 5.5222454071
00497 1461244116.8968408108 5.5222454071
00498 1461244116.9366722107 5.5222454071
00499 1461244116.9772951603 5.5222454071
00500 1461244117.0167431831 5.5222454071
00501 1461244117.0573105812 5.5222454071
00502 1461244117.0968210697 5.5222454071
00503 1461244117.1368601322 5.5222454071
00504 1461244117.1766934395 5.5222454071
00505 1461244117.2168447971 5.5222454071
00506 1461244117.2567510605 5.5222454071
00507 1461244117.2966818810 5.5222454071
00508 1461244117.3368158340 5.5222454071
00509 1461244117.3766913414 5.5222454071
00510 1461244117.4186561108 5.5222454071
00511 1461244117.4566309452 5.5222454071
00512 1461244117.4966962337 5.3971929550
00513 1461244117.5366041660 5.3971929550
00514 1461244117.5766100883 5.3971929550
00515 1461244117.6189668179 5.3971929550
00516 1461244117.6566207409 5.3971929550
00517 1461244117.6966526508 5.2430877686
00518 1461244117.7366168499 5.2430877686
00519 1461244117.7769336700 5.2430877686
00520 1461244117.8183305264 5.2430877686
00521 1461244117.8566179276 5.2430877686
00522 1461244117.8968884945 5.0790176392
00523 1461244117.9365465641 5.0790176392
00524 1461244117.9766352177 5.0790176392
00525 1461244118.0182530880 5.0790176392
00526 1461244118.0565242767 5.0790176392
00527 1461244118.0966258049 4.8809823990
00528 1461244118.1366615295 4.8809823990
00529 1461244118.1764509678 4.8809823990
00530 1461244118.2192409039 4.8809823990
00531 1461244118.2565298080 4.8809823990
00532 1461244118.2966408730 4.6718597412
00533 1461244118.3365256786 4.6718597412
00534 1461244118.3766150475 4.6718597412
00535 1461244118.4184184074 4.6718597412
00536 1461244118.4566214085 4.6718597412
00537 1461244118.4965195656 4.4457545280
00538 1461244118.5364563465 4.4457545280
00539 1461244118.5765156746 4.4457545280
00540 1461244118.6195979118 4.4457545280
00541 1461244118.6578843594 4.4457545280
00542 1461244118.6972780228 4.2457542419
00543 1461244118.7365863323 4.2457542419
00544 1461244118.7764534950 4.2457542419
00545 1461244118.8199844360 4.2457542419
00546 1461244118.8565709591 4.2457542419
00547 1461244118.8965179920 4.0666666031
00548 1461244118.9364757538 4.0666666031
00549 1461244118.9779918194 4.0666666031
00550 1461244119.0189857483 4.0666666031
00551 1461244119.0577774048 4.0666666031
00552 1461244119.0965085030 3.9045615196
00553 1461244119.1366336346 3.9045615196
00554 1461244119.1767523289 3.9045615196
00555 1461244119.2188322544 3.9045615196
00556 1461244119.2565429211 3.9045615196
00557 1461244119.2975399494 3.7635087967
00558 1461244119.3377315998 3.7635087967
00559 1461244119.3765690327 3.7635087967
00560 1461244119.4197659492 3.7635087967
00561 1461244119.4564881325 3.7635087967
00562 1461244119.4965250492 3.6554386616
00563 1461244119.5366954803 3.6554386616
00564 1461244119.5764298439 3.6554386616
00565 1461244119.6186134815 3.6554386616
00566 1461244119.6565392017 3.6554386616
00567 1461244119.6965396404 3.5543859005
00568 1461244119.7365188599 3.5543859005
00569 1461244119.7764348984 3.5543859005
00570 1461244119.8185293674 3.5543859005
00571 1461244119.8587725163 3.5543859005
00572 1461244119.8964111805 3.4412631989
00573 1461244119.9374835491 3.4412631989
00574 1461244119.9765124321 3.4412631989
00575 1461244120.0186607838 3.4412631989
00576 1461244120.0564723015 3.4412631989
00577 1461244120.0962736607 3.2801403999
00578 1461244120.1364676952 3.2801403999
00579 1461244120.1763830185 3.2801403999
00580 1461244120.2186024189 3.2801403999
00581 1461244120.2564740181 3.2801403999
00582 1461244120.2964773178 3.1240701675
00583 1461244120.3364398479 3.1240701675
00584 1461244120.3766098022 3.1240701675
00585 1461244120.4186778069 3.1240701675
00586 1461244120.4564714432 3.1240701675
00587 1461244120.4964120388 2.9590175152
00588 1461244120.5364148617 2.9590175152
00589 1461244120.5764677525 2.9590175152
00590 1461244120.6186273098 2.9590175152
00591 1461244120.6564967632 2.9590175152
00592 1461244120.6965045929 2.7849824429
00593 1461244120.7364358902 2.7849824429
00594 1461244120.7764871120 2.7849824429
00595 1461244120.8187589645 2.7849824429
00596 1461244120.8564360142 2.7849824429
00597 1461244120.8970806599 2.6058948040
00598 1461244120.9364233017 2.6058948040
00599 1461244120.9793503284 2.6058948040
00600 1461244121.0187726021 2.6058948040
00601 1461244121.0564730167 2.6058948040
00602 1461244121.0963988304 2.4418246746
00603 1461244121.1364645958 2.4418246746
00604 1461244121.1763901711 2.4418246746
00605 1461244121.2205147743 2.4418246746
00606 1461244121.2563726902 2.4418246746
00607 1461244121.2976598740 2.2908070087
00608 1461244121.3364498615 2.2908070087
00609 1461244121.3763163090 2.2908070087
00610 1461244121.4189848900 2.2908070087
00611 1461244121.4563860893 2.2908070087
00612 1461244121.4964833260 2.1587369442
00613 1461244121.5364606380 2.1587369442
00614 1461244121.5764288902 2.1587369442
00615 1461244121.6189694405 2.1587369442
00616 1461244121.6563785076 2.1587369442
00617 1461244121.6964457035 2.0397193432
00618 1461244121.7364432812 2.0397193432
00619 1461244121.7762758732 2.0397193432
00620 1461244121.8189203739 2.0397193432
00621 1461244121.8564331532 2.0397193432
00622 1461244121.8964025974 1.9527018070
00623 1461244121.9381310940 1.9527018070
00624 1461244121.9763360023 1.9527018070
00625 1461244122.0186214447 1.9527018070
00626 1461244122.0563967228 1.9527018070
00627 1461244122.0962381363 1.8647017479
00628 1461244122.1363770962 1.8647017479
00629 1461244122.1763482094 1.8647017479
00630 1461244122.2180500031 1.8647017479
00631 1461244122.2562620640 1.8647017479
00632 1461244122.2963206768 1.7765613794
00633 1461244122.3386282921 1.7765613794
00634 1461244122.3767156601 1.7765613794
00635 1461244122.4183032513 1.7765613794
00636 1461244122.4562427998 1.7765613794
00637 1461244122.4963097572 1.6825263500
00638 1461244122.5362904072 1.6825263500
00639 1461244122.5762395859 1.6825263500
00640 1461244122.6183290482 1.6825263500
00641 1461244122.6562452316 1.6825263500
00642 1461244122.6966447830 1.5994385481
00643 1461244122.7363679409 1.5994385481
00644 1461244122.7763812542 1.5994385481
00645 1461244122.8181462288 1.5994385481
00646 1461244122.8562941551 1.5994385481
00647 1461244122.8962342739 1.5124210119
00648 1461244122.9362354279 1.5124210119
00649 1461244122.9762551785 1.5124210119
00650 1461244123.0183167458 1.5124210119
00651 1461244123.0563008785 1.5124210119
00652 1461244123.0961911678 1.4123508930
00653 1461244123.1367714405 1.4123508930
00654 1461244123.1773982048 1.4123508930
00655 1461244123.2192816734 1.4123508930
00656 1461244123.2562735081 1.4123508930
00657 1461244123.2963671684 1.3152281046
00658 1461244123.3362820148 1.3152281046
00659 1461244123.3791737556 1.3152281046
00660 1461244123.4197926521 1.3152281046
00661 1461244123.4562542439 1.3152281046
00662 1461244123.4962372780 1.2301754951
00663 1461244123.5368044376 1.2301754951
00664 1461244123.5764975548 1.2301754951
00665 1461244123.6181888580 1.2301754951
00666 1461244123.6561939716 1.2301754951
00667 1461244123.6965150833 1.1591578722
00668 1461244123.7363343239 1.1591578722
00669 1461244123.7763016224 1.1591578722
00670 1461244123.8182127476 1.1591578722
00671 1461244123.8572475910 1.1591578722
00672 1461244123.8967077732 1.0961403847
00673 1461244123.9362978935 1.0961403847
00674 1461244123.9761681557 1.0961403847
00675 1461244124.0180594921 1.0961403847
00676 1461244124.0562112331 1.0961403847
00677 1461244124.0969657898 1.0411227942
00678 1461244124.1365504265 1.0411227942
00679 1461244124.1768393517 1.0411227942
00680 1461244124.2227056026 1.0411227942
00681 1461244124.2560417652 1.0411227942
00682 1461244124.2963204384 0.9950877428
00683 1461244124.3368537426 0.9950877428
00684 1461244124.3765976429 0.9950877428
00685 1461244124.4190406799 0.9950877428
00686 1461244124.4567730427 0.9950877428
00687 1461244124.4969644547 0.9529824853
00688 1461244124.5362784863 0.9529824853
00689 1461244124.5778229237 0.9529824853
00690 1461244124.6189320087 0.9529824853
00691 1461244124.6568260193 0.9529824853
00692 1461244124.6962063313 0.9149473906
00693 1461244124.7361848354 0.9149473906
00694 1461244124.7761065960 0.9149473906
00695 1461244124.8177001476 0.9149473906
00696 1461244124.8560647964 0.9149473906
00697 1461244124.8961539268 0.8769122958
00698 1461244124.9361560345 0.8769122958
00699 1461244124.9761536121 0.8769122958
00700 1461244125.0179922581 0.8769122958
00701 1461244125.0562341213 0.8769122958
00702 1461244125.0961842537 0.8428069949
00703 1461244125.1360960007 0.8428069949
00704 1461244125.1761939526 0.8428069949
00705 1461244125.2179987431 0.8428069949
00706 1461244125.2562787533 0.8428069949
00707 1461244125.2962059975 0.8127719164
00708 1461244125.3362753391 0.8127719164
00709 1461244125.3760848045 0.8127719164
00710 1461244125.4178452492 0.8127719164
00711 1461244125.4564795494 0.8127719164
00712 1461244125.4961459637 0.7786666751
00713 1461244125.5360090733 0.7786666751
00714 1461244125.5760509968 0.7786666751
00715 1461244125.6220660210 0.7786666751
00716 1461244125.6560709476 0.7786666751
00717 1461244125.6961159706 0.7316491008
00718 1461244125.7361509800 0.7316491008
00719 1461244125.7760987282 0.7316491008
00720 1461244125.8180561066 0.7316491008
00721 1461244125.8563005924 0.7316491008
00722 1461244125.8962247372 0.6825262904
00723 1461244125.9360368252 0.6825262904
00724 1461244125.9760525227 0.6825262904
00725 1461244126.0181975365 0.6825262904
00726 1461244126.0560555458 0.6825262904
00727 1461244126.0961127281 0.6384561658
00728 1461244126.1367149353 0.6384561658
00729 1461244126.1772227287 0.6384561658
00730 1461244126.2182958126 0.6384561658
00731 1461244126.2568485737 0.6384561658
00732 1461244126.2962369919 0.6014035344
00733 1461244126.3361213207 0.6014035344
00734 1461244126.3762073517 0.6014035344
00735 1461244126.4185178280 0.6014035344
00736 1461244126.4560825825 0.6014035344
00737 1461244126.4976704121 0.5772631764
00738 1461244126.5360770226 0.5772631764
00739 1461244126.5761132240 0.5772631764
00740 1461244126.6162765026 0.5772631764
00741 1461244126.6561024189 0.5772631764
00742 1461244126.6960835457 0.5772631764
00743 1461244126.7360801697 0.5772631764
00744 1461244126.7762157917 0.5772631764
00745 1461244126.8184463978 0.5772631764
00746 1461244126.8560435772 0.5772631764
00747 1461244126.8964350224 0.5851228237
00748 1461244126.9360160828 0.5851228237
00749 1461244126.9763617516 0.5851228237
00750 1461244127.0185418129 0.5851228237
00751 1461244127.0560884476 0.5851228237
00752 1461244127.0960471630 0.6079999804
00753 1461244127.1360561848 0.6079999804
00754 1461244127.1759843826 0.6079999804
00755 1461244127.2212619781 0.6079999804
00756 1461244127.2560639381 0.6079999804
00757 1461244127.2960717678 0.6418245435
00758 1461244127.3360724449 0.6418245435
00759 1461244127.3770585060 0.6418245435
00760 1461244127.4184596539 0.6418245435
00761 1461244127.4562194347 0.6418245435
00762 1461244127.4960410595 0.6807017326
00763 1461244127.5360908508 0.6807017326
00764 1461244127.5762763023 0.6807017326
00765 1461244127.6197347641 0.6807017326
00766 1461244127.6559574604 0.6807017326
00767 1461244127.6960146427 0.7195789218
00768 1461244127.7388868332 0.7195789218
00769 1461244127.7760782242 0.7195789218
00770 1461244127.8198442459 0.7195789218
00771 1461244127.8558063507 0.7195789218
00772 1461244127.8987176418 0.7635087967
00773 1461244127.9360466003 0.7635087967
00774 1461244127.9771311283 0.7635087967
00775 1461244128.0181343555 0.7635087967
00776 1461244128.0560071468 0.7635087967
00777 1461244128.0959949493 0.7973333597
00778 1461244128.1359703541 0.7973333597
00779 1461244128.1759021282 0.7973333597
00780 1461244128.2181651592 0.7973333597
00781 1461244128.2561545372 0.7973333597
00782 1461244128.2959938049 0.8412631750
00783 1461244128.3359696865 0.8412631750
00784 1461244128.3767473698 0.8412631750
00785 1461244128.4180779457 0.8412631750
00786 1461244128.4559178352 0.8412631750
00787 1461244128.4959199429 0.9051228166
00788 1461244128.5361590385 0.9051228166
00789 1461244128.5758941174 0.9051228166
00790 1461244128.6182315350 0.9051228166
00791 1461244128.6559720039 0.9051228166
00792 1461244128.6959846020 0.9830175638
00793 1461244128.7360062599 0.9830175638
00794 1461244128.7758686543 0.9830175638
00795 1461244128.8184587955 0.9830175638
00796 1461244128.8565340042 0.9830175638
00797 1461244128.8961517811 1.0919297934
00798 1461244128.9366993904 1.0919297934
00799 1461244128.9758608341 1.0919297934
00800 1461244129.0184938908 1.0919297934
00801 1461244129.0561876297 1.0919297934
00802 1461244129.0959792137 1.2258245945
00803 1461244129.1358644962 1.2258245945
00804 1461244129.1759932041 1.2258245945
00805 1461244129.2181458473 1.2258245945
00806 1461244129.2562141418 1.2258245945
00807 1461244129.2958750725 1.3866666555
00808 1461244129.3359680176 1.3866666555
00809 1461244129.3759531975 1.3866666555
00810 1461244129.4197528362 1.3866666555
00811 1461244129.4559440613 1.3866666555
00812 1461244129.4965660572 1.5964912176
00813 1461244129.5359137058 1.5964912176
00814 1461244129.5758516788 1.5964912176
00815 1461244129.6179816723 1.5964912176
00816 1461244129.6561079025 1.5964912176
00817 1461244129.6957943439 1.8203508854
00818 1461244129.7359712124 1.8203508854
00819 1461244129.7759151459 1.8203508854
00820 1461244129.8184158802 1.8203508854
00821 1461244129.8561213017 1.8203508854
00822 1461244129.8959290981 2.0332632065
00823 1461244129.9359726906 2.0332632065
00824 1461244129.9757854939 2.0332632065
00825 1461244130.0187790394 2.0332632065
00826 1461244130.0559597015 2.0332632065
00827 1461244130.0957925320 2.2672281265
00828 1461244130.1358139515 2.2672281265
00829 1461244130.1758441925 2.2672281265
00830 1461244130.2177221775 2.2672281265
00831 1461244130.2558219433 2.2672281265
00832 1461244130.2959127426 2.5491929054
00833 1461244130.3361082077 2.5491929054
00834 1461244130.3763928413 2.5491929054
00835 1461244130.4199504852 2.5491929054
00836 1461244130.4568500519 2.5491929054
00837 1461244130.4959142208 2.8551578522
00838 1461244130.5357513428 2.8551578522
00839 1461244130.5760576725 2.8551578522
00840 1461244130.6175775528 2.8551578522
00841 1461244130.6557984352 2.8551578522
00842 1461244130.6958930492 3.1781053543
00843 1461244130.7358691692 3.1781053543
00844 1461244130.7757163048 3.1781053543
00845 1461244130.8177559376 3.1781053543
00846 1461244130.8557622433 3.1781053543
00847 1461244130.8958044052 3.5100350380
00848 1461244130.9357390404 3.5100350380
00849 1461244130.9762794971 3.5100350380
00850 1461244131.0176889896 3.5100350380
00851 1461244131.0557892323 3.5100350380
00852 1461244131.0957758427 3.8480000496
00853 1461244131.1361441612 3.8480000496
00854 1461244131.1758427620 3.8480000496
00855 1461244131.2182912827 3.8480000496
00856 1461244131.2557678223 3.8480000496
00857 1461244131.2956137657 4.2008419037
00858 1461244131.3358073235 4.2008419037
00859 1461244131.3786151409 4.2008419037
00860 1461244131.4178931713 4.2008419037
00861 1461244131.4564254284 4.2008419037
00862 1461244131.4957654476 4.5997195244
00863 1461244131.5357885361 4.5997195244
00864 1461244131.5756556988 4.5997195244
00865 1461244131.6177952290 4.5997195244
00866 1461244131.6557612419 4.5997195244
00867 1461244131.6957721710 4.9835791588
00868 1461244131.7363181114 4.9835791588
00869 1461244131.7757189274 4.9835791588
00870 1461244131.8193495274 4.9835791588
00871 1461244131.8558506966 4.9835791588
00872 1461244131.8975722790 5.3564910889
00873 1461244131.9357750416 5.3564910889
00874 1461244131.9756500721 5.3564910889
00875 1461244132.0179924965 5.3564910889
00876 1461244132.0557482243 5.3564910889
00877 1461244132.0959863663 5.6693334579
00878 1461244132.1357183456 5.6693334579
00879 1461244132.1757731438 5.6693334579
00880 1461244132.2199351788 5.6693334579
00881 1461244132.2558035851 5.6693334579
00882 1461244132.2956240177 5.8962807655
00883 1461244132.3357479572 5.8962807655
00884 1461244132.3756961823 5.8962807655
00885 1461244132.4183866978 5.8962807655
00886 1461244132.4557065964 5.8962807655
00887 1461244132.4957208633 6.0861754417
00888 1461244132.5356769562 6.0861754417
00889 1461244132.5756478310 6.0861754417
00890 1461244132.6179451942 6.0861754417
00891 1461244132.6557636261 6.0861754417
00892 1461244132.6957004070 6.2190876007
00893 1461244132.7356295586 6.2190876007
00894 1461244132.7756171227 6.2190876007
00895 1461244132.8177359104 6.2190876007
00896 1461244132.8557524681 6.2190876007
00897 1461244132.8957395554 6.3350176811
00898 1461244132.9360649586 6.3350176811
00899 1461244132.9757504463 6.3350176811
00900 1461244133.0178582668 6.3350176811
00901 1461244133.0557599068 6.3350176811
00902 1461244133.0957455635 6.4529123306
00903 1461244133.1361386776 6.4529123306
00904 1461244133.1757009029 6.4529123306
00905 1461244133.2187807560 6.4529123306
00906 1461244133.2556259632 6.4529123306
00907 1461244133.2976360321 6.6078596115
00908 1461244133.3356368542 6.6078596115
00909 1461244133.3761968613 6.6078596115
00910 1461244133.4174060822 6.6078596115
00911 1461244133.4567723274 6.6078596115
00912 1461244133.4971618652 6.8077192307
00913 1461244133.5356602669 6.8077192307
00914 1461244133.5784764290 6.8077192307
00915 1461244133.6178309917 6.8077192307
00916 1461244133.6557836533 6.8077192307
00917 1461244133.6956152916 6.9896140099
00918 1461244133.7384202480 6.9896140099
00919 1461244133.7756462097 6.9896140099
00920 1461244133.8202929497 6.9896140099
00921 1461244133.8556005955 6.9896140099
00922 1461244133.8957138062 7.0924911499
00923 1461244133.9366254807 7.0924911499
00924 1461244133.9756269455 7.0924911499
00925 1461244134.0156419277 7.0924911499
00926 1461244134.0556101799 7.0924911499
00927 1461244134.0956075191 7.0924911499
00928 1461244134.1355297565 7.0924911499
00929 1461244134.1772706509 7.0924911499
00930 1461244134.2166943550 7.0924911499
00931 1461244134.2555994987 7.0924911499
00932 1461244134.2967104912 7.0924911499
00933 1461244134.3356139660 7.0924911499
00934 1461244134.3756184578 7.0924911499
00935 1461244134.4178400040 7.0924911499
00936 1461244134.4555370808 7.0924911499
00937 1461244134.4955332279 7.2673683167
00938 1461244134.5355374813 7.2673683167
00939 1461244134.5756061077 7.2673683167
00940 1461244134.6175630093 7.2673683167
00941 1461244134.6555247307 7.2673683167
00942 1461244134.6955296993 7.4851927757
00943 1461244134.7355451584 7.4851927757
00944 1461244134.7755789757 7.4851927757
00945 1461244134.8181877136 7.4851927757
00946 1461244134.8555586338 7.4851927757
00947 1461244134.8955831528 7.6940350533
00948 1461244134.9355828762 7.6940350533
00949 1461244134.9756281376 7.6940350533
00950 1461244135.0175642967 7.6940350533
00951 1461244135.0555975437 7.8800001144
00952 1461244135.0956373215 7.8800001144
00953 1461244135.1355841160 7.8800001144
00954 1461244135.1754667759 7.8800001144
00955 1461244135.2180700302 7.8800001144
00956 1461244135.2555472851 7.8800001144
00957 1461244135.2954730988 8.1448421478
00958 1461244135.3354480267 8.1448421478
00959 1461244135.3755943775 8.1448421478
00960 1461244135.4191579819 8.1448421478
00961 1461244135.4555702209 8.1448421478
00962 1461244135.4955255985 8.4147367477
00963 1461244135.5355567932 8.4147367477
00964 1461244135.5754485130 8.4147367477
00965 1461244135.6183888912 8.4147367477
00966 1461244135.6555397511 8.4147367477
00967 1461244135.6955475807 8.4147367477
00968 1461244135.7355337143 8.4147367477
00969 1461244135.7754390240 8.4147367477
00970 1461244135.8156547546 8.4147367477
00971 1461244135.8554937840 8.4147367477
00972 1461244135.8955743313 8.4147367477
00973 1461244135.9355189800 8.4147367477
00974 1461244135.9754891396 8.4147367477
00975 1461244136.0184342861 8.4147367477
00976 1461244136.0555391312 8.3207015991
00977 1461244136.0983700752 8.3207015991
00978 1461244136.1354935169 8.3207015991
00979 1461244136.1772515774 8.3207015991
00980 1461244136.2178411484 8.3207015991
00981 1461244136.2555041313 8.3207015991
00982 1461244136.2954971790 8.1296844482
00983 1461244136.3357598782 8.1296844482
00984 1461244136.3759059906 8.1296844482
00985 1461244136.4177582264 8.1296844482
00986 1461244136.4555110931 8.1296844482
00987 1461244136.4954478741 7.8596491814
00988 1461244136.5355257988 7.8596491814
00989 1461244136.5758435726 7.8596491814
00990 1461244136.6174530983 7.8596491814
00991 1461244136.6555368900 7.8596491814
00992 1461244136.6955065727 7.6145963669
00993 1461244136.7354805470 7.6145963669
00994 1461244136.7754566669 7.6145963669
00995 1461244136.8176860809 7.6145963669
00996 1461244136.8554687500 7.6145963669
00997 1461244136.8955087662 7.3445615768
00998 1461244136.9355349541 7.3445615768
00999 1461244136.9753906727 7.3445615768
01000 1461244137.0181257725 7.3445615768
01001 1461244137.0555264950 7.3445615768
01002 1461244137.0955083370 7.1715087891
01003 1461244137.1358766556 7.1715087891
01004 1461244137.1753935814 7.1715087891
01005 1461244137.2153539658 7.1715087891
01006 1461244137.2557828426 7.1715087891
01007 1461244137.2954969406 7.1715087891
01008 1461244137.3354141712 7.1715087891
01009 1461244137.3753380775 7.1715087891
01010 1461244137.4153771400 7.1715087891
01011 1461244137.4554355145 7.1715087891
01012 1461244137.4953994751 7.1715087891
01013 1461244137.5354344845 7.1715087891
01014 1461244137.5754082203 7.1715087891
01015 1461244137.6178164482 7.1715087891
01016 1461244137.6554846764 7.1715087891
01017 1461244137.6954133511 7.0174036026
01018 1461244137.7354140282 7.0174036026
01019 1461244137.7754192352 7.0174036026
01020 1461244137.8153195381 7.0174036026
01021 1461244137.8553740978 7.0174036026
01022 1461244137.8953838348 7.0174036026
01023 1461244137.9353706837 7.0174036026
01024 1461244137.9753336906 7.0174036026
01025 1461244138.0173215866 7.0174036026
01026 1461244138.0554051399 7.0174036026
01027 1461244138.0953910351 6.8903861046
01028 1461244138.1352927685 6.8903861046
01029 1461244138.1752660275 6.8903861046
01030 1461244138.2178876400 6.8903861046
01031 1461244138.2582075596 6.8903861046
01032 1461244138.2953693867 6.7873682976
01033 1461244138.3354058266 6.7873682976
01034 1461244138.3752658367 6.7873682976
01035 1461244138.4161372185 6.7873682976
01036 1461244138.4553568363 6.7873682976
01037 1461244138.4953765869 6.7873682976
01038 1461244138.5353503227 6.7873682976
01039 1461244138.5775849819 6.7873682976
01040 1461244138.6154124737 6.7873682976
01041 1461244138.6553740501 6.7873682976
01042 1461244138.6969325542 6.7873682976
01043 1461244138.7353119850 6.7873682976
01044 1461244138.7753634453 6.7873682976
01045 1461244138.8178825378 6.7873682976
01046 1461244138.8553147316 6.7873682976
01047 1461244138.8953301907 6.7023158073
01048 1461244138.9353232384 6.7023158073
01049 1461244138.9752259254 6.7023158073
01050 1461244139.0188550949 6.7023158073
01051 1461244139.0553865433 6.7023158073
01052 1461244139.0963840485 6.5592980385
01053 1461244139.1365287304 6.5592980385
01054 1461244139.1753120422 6.5592980385
01055 1461244139.2188396454 6.5592980385
01056 1461244139.2551529408 6.5592980385
01057 1461244139.2953360081 6.3302454948
01058 1461244139.3353378773 6.3302454948
01059 1461244139.3780198097 6.3302454948
01060 1461244139.4174602032 6.3302454948
01061 1461244139.4553117752 6.3302454948
01062 1461244139.4954311848 6.0951581001
01063 1461244139.5352237225 6.0951581001
01064 1461244139.5752320290 6.0951581001
01065 1461244139.6153306961 6.0951581001
01066 1461244139.6553132534 6.0951581001
01067 1461244139.6952350140 6.0951581001
01068 1461244139.7352118492 6.0951581001
01069 1461244139.7753567696 6.0951581001
01070 1461244139.8152973652 6.0951581001
01071 1461244139.8552999496 6.0951581001
01072 1461244139.8952927589 6.0951581001
01073 1461244139.9360122681 6.0951581001
01074 1461244139.9752652645 6.0951581001
01075 1461244140.0173401833 6.0951581001
01076 1461244140.0552802086 6.0951581001
01077 1461244140.0952694416 6.1820349693
01078 1461244140.1352651119 6.1820349693
01079 1461244140.1751766205 6.1820349693
01080 1461244140.2177355289 6.1820349693
01081 1461244140.2552087307 6.1820349693
01082 1461244140.2953636646 6.3520002365
01083 1461244140.3352093697 6.3520002365
01084 1461244140.3751871586 6.3520002365
01085 1461244140.4177362919 6.3520002365
01086 1461244140.4552090168 6.3520002365
01087 1461244140.4958703518 6.6708769798
01088 1461244140.5352482796 6.6708769798
01089 1461244140.5751094818 6.6708769798
01090 1461244140.6181619167 6.6708769798
01091 1461244140.6559369564 6.6708769798
01092 1461244140.6950461864 7.0477194786
01093 1461244140.7351994514 7.0477194786
01094 1461244140.7751498222 7.0477194786
01095 1461244140.8174378872 7.0477194786
01096 1461244140.8552160263 7.0477194786
01097 1461244140.8952429295 7.2376141548
01098 1461244140.9352045059 7.2376141548
01099 1461244140.9761359692 7.2376141548
01100 1461244141.0176334381 7.2376141548
01101 1461244141.0553662777 7.2376141548
01102 1461244141.0952057838 7.4444913864
01103 1461244141.1352148056 7.4444913864
01104 1461244141.1751625538 7.4444913864
01105 1461244141.2179446220 7.4444913864
01106 1461244141.2559001446 7.4444913864
01107 1461244141.2952299118 7.6484212875
01108 1461244141.3352491856 7.6484212875
01109 1461244141.3755443096 7.6484212875
01110 1461244141.4173529148 7.6484212875
01111 1461244141.4557073116 7.6484212875
01112 1461244141.4951586723 7.8213334084
01113 1461244141.5352010727 7.8213334084
01114 1461244141.5751097202 7.8213334084
01115 1461244141.6176986694 7.8213334084
01116 1461244141.6551921368 7.8213334084
01117 1461244141.6951577663 7.9602808952
01118 1461244141.7358474731 7.9602808952
01119 1461244141.7753279209 7.9602808952
01120 1461244141.8151404858 7.9602808952
01121 1461244141.8562853336 7.9602808952
01122 1461244141.8951380253 7.9602808952
01123 1461244141.9380297661 7.9602808952
01124 1461244141.9750382900 7.9602808952
01125 1461244142.0151991844 7.9602808952
01126 1461244142.0550551414 7.9602808952
01127 1461244142.0951533318 7.9602808952
01128 1461244142.1351754665 7.9602808952
01129 1461244142.1750049591 7.9602808952
01130 1461244142.2151081562 7.9602808952
01131 1461244142.2555296421 7.9602808952
01132 1461244142.2951495647 7.9602808952
01133 1461244142.3351435661 7.9602808952
01134 1461244142.3767049313 7.9602808952
01135 1461244142.4163720608 7.9602808952
01136 1461244142.4550225735 7.9602808952
01137 1461244142.4951393604 7.9602808952
01138 1461244142.5351023674 7.9602808952
01139 1461244142.5757517815 7.9602808952
01140 1461244142.6150617599 7.9602808952
01141 1461244142.6554892063 7.9602808952
01142 1461244142.6954817772 7.9602808952
01143 1461244142.7351760864 7.9602808952
01144 1461244142.7749836445 7.9602808952
01145 1461244142.8151388168 7.9602808952
01146 1461244142.8551461697 7.9602808952
01147 1461244142.8954606056 7.9602808952
01148 1461244142.9350914955 7.9602808952
01149 1461244142.9749600887 7.9602808952
01150 1461244143.0170474052 7.9602808952
01151 1461244143.0550627708 7.9602808952
01152 1461244143.0951697826 8.1531229019
01153 1461244143.1362822056 8.1531229019
01154 1461244143.1748354435 8.1531229019
01155 1461244143.2181439400 8.1531229019
01156 1461244143.2551274300 8.1531229019
01157 1461244143.2951555252 8.3439998627
01158 1461244143.3350646496 8.3439998627
01159 1461244143.3751456738 8.3439998627
01160 1461244143.4208350182 8.3439998627
01161 1461244143.4548642635 8.3439998627
01162 1461244143.4950215816 8.5459651947
01163 1461244143.5350623131 8.5459651947
01164 1461244143.5749719143 8.5459651947
01165 1461244143.6173622608 8.5459651947
01166 1461244143.6560504436 8.5459651947
01167 1461244143.6953482628 8.7908773422
01168 1461244143.7367913723 8.7908773422
01169 1461244143.7749750614 8.7908773422
01170 1461244143.8212578297 8.7908773422
01171 1461244143.8549542427 8.7908773422
01172 1461244143.8964631557 9.1128425598
01173 1461244143.9361386299 9.1128425598
01174 1461244143.9761662483 9.1128425598
01175 1461244144.0168788433 9.1128425598
01176 1461244144.0549707413 9.1128425598
01177 1461244144.0950365067 9.4407014847
01178 1461244144.1374471188 9.4407014847
01179 1461244144.1748094559 9.4407014847
01180 1461244144.2179658413 9.4407014847
01181 1461244144.2549300194 9.5845613480
01182 1461244144.2948777676 9.5845613480
01183 1461244144.3350322247 9.5845613480
01184 1461244144.3777787685 9.5845613480
01185 1461244144.4148650169 9.5845613480
01186 1461244144.4561090469 9.5845613480
01187 1461244144.4949066639 9.5845613480
01188 1461244144.5349512100 9.5845613480
01189 1461244144.5764038563 9.5845613480
01190 1461244144.6177225113 9.5845613480
01191 1461244144.6550922394 9.5845613480
01192 1461244144.6950500011 9.4544563293
01193 1461244144.7349030972 9.4544563293
01194 1461244144.7749004364 9.4544563293
01195 1461244144.8172841072 9.4544563293
01196 1461244144.8550086021 9.4544563293
01197 1461244144.8949801922 9.2673683167
01198 1461244144.9351954460 9.2673683167
01199 1461244144.9749867916 9.2673683167
01200 1461244145.0172133446 9.2673683167
01201 1461244145.0549299717 9.2673683167
01202 1461244145.0949223042 9.1183156967
01203 1461244145.1349864006 9.1183156967
01204 1461244145.1748518944 9.1183156967
01205 1461244145.2168931961 9.1183156967
01206 1461244145.2554287910 9.1183156967
01207 1461244145.2951681614 8.9772634506
01208 1461244145.3349454403 8.9772634506
01209 1461244145.3767385483 8.9772634506
01210 1461244145.4164233208 8.9772634506
01211 1461244145.4553081989 8.9772634506
01212 1461244145.4949479103 8.8211927414
01213 1461244145.5377759933 8.8211927414
01214 1461244145.5748615265 8.8211927414
01215 1461244145.6166410446 8.8211927414
01216 1461244145.6548945904 8.8211927414
01217 1461244145.6949069500 8.8211927414
01218 1461244145.7349162102 8.8211927414
01219 1461244145.7762854099 8.8211927414
01220 1461244145.8149342537 8.8211927414
01221 1461244145.8549325466 8.8211927414
01222 1461244145.8952767849 8.8211927414
01223 1461244145.9348866940 8.8211927414
01224 1461244145.9763481617 8.8211927414
01225 1461244146.0149106979 8.8211927414
01226 1461244146.0549499989 8.8211927414
01227 1461244146.0948944092 8.8211927414
01228 1461244146.1358094215 8.8211927414
01229 1461244146.1752350330 8.8211927414
01230 1461244146.2172746658 8.8211927414
01231 1461244146.2549269199 8.6741056442
01232 1461244146.2977836132 8.6741056442
01233 1461244146.3349664211 8.6741056442
01234 1461244146.3748831749 8.6741056442
01235 1461244146.4171898365 8.6741056442
01236 1461244146.4547724724 8.5520000458
01237 1461244146.4948439598 8.5520000458
01238 1461244146.5352942944 8.5520000458
01239 1461244146.5747568607 8.5520000458
01240 1461244146.6172361374 8.5520000458
01241 1461244146.6548659801 8.4449119568
01242 1461244146.6948471069 8.4449119568
01243 1461244146.7364366055 8.4449119568
01244 1461244146.7747652531 8.4449119568
01245 1461244146.8169417381 8.4449119568
01246 1461244146.8546395302 8.3157892227
01247 1461244146.8949089050 8.3157892227
01248 1461244146.9349334240 8.3157892227
01249 1461244146.9750030041 8.3157892227
01250 1461244147.0171701908 8.3157892227
01251 1461244147.0550146103 8.1657543182
01252 1461244147.0948872566 8.1657543182
01253 1461244147.1355857849 8.1657543182
01254 1461244147.1748352051 8.1657543182
01255 1461244147.2167706490 8.1657543182
01256 1461244147.2548017502 8.1657543182
01257 1461244147.2948789597 7.9936842918
01258 1461244147.3349068165 7.9936842918
01259 1461244147.3749613762 7.9936842918
01260 1461244147.4176816940 7.9936842918
01261 1461244147.4548826218 7.9936842918
01262 1461244147.4948034286 7.8216142654
01263 1461244147.5347576141 7.8216142654
01264 1461244147.5748758316 7.8216142654
01265 1461244147.6171581745 7.8216142654
01266 1461244147.6548628807 7.8216142654
01267 1461244147.6947891712 7.5745964050
01268 1461244147.7348031998 7.5745964050
01269 1461244147.7748708725 7.5745964050
01270 1461244147.8169729710 7.5745964050
01271 1461244147.8548300266 7.2945966721
01272 1461244147.8948247433 7.2945966721
01273 1461244147.9347484112 7.2945966721
01274 1461244147.9747021198 7.2945966721
01275 1461244148.0164451599 7.2945966721
01276 1461244148.0548360348 7.2945966721
01277 1461244148.0947055817 6.8995089531
01278 1461244148.1348166466 6.8995089531
01279 1461244148.1754794121 6.8995089531
01280 1461244148.2175788879 6.8995089531
01281 1461244148.2546184063 6.8995089531
01282 1461244148.2947230339 6.5073685646
01283 1461244148.3347465992 6.5073685646
01284 1461244148.3747053146 6.5073685646
01285 1461244148.4173555374 6.5073685646
01286 1461244148.4546558857 6.5073685646
01287 1461244148.4946992397 6.2143158913
01288 1461244148.5346884727 6.2143158913
01289 1461244148.5750246048 6.2143158913
01290 1461244148.6170930862 6.2143158913
01291 1461244148.6547524929 6.2143158913
01292 1461244148.6965229511 6.0282106400
01293 1461244148.7344441414 6.0282106400
01294 1461244148.7757790089 6.0282106400
01295 1461244148.8146636486 6.0282106400
01296 1461244148.8547940254 6.0282106400
01297 1461244148.8957452774 6.0282106400
01298 1461244148.9357960224 6.0282106400
01299 1461244148.9746155739 6.0282106400
01300 1461244149.0168735981 6.0561404228
01301 1461244149.0554578304 6.0561404228
01302 1461244149.0947313309 6.0561404228
01303 1461244149.1347339153 6.0561404228
01304 1461244149.1746468544 6.0561404228
01305 1461244149.2171361446 6.0561404228
01306 1461244149.2547264099 6.0561404228
01307 1461244149.2946937084 6.1570525169
01308 1461244149.3348875046 6.1570525169
01309 1461244149.3746812344 6.1570525169
01310 1461244149.4169783592 6.1570525169
01311 1461244149.4549190998 6.1570525169
01312 1461244149.4947407246 6.3108773232
01313 1461244149.5346224308 6.3108773232
01314 1461244149.5760936737 6.3108773232
01315 1461244149.6172058582 6.3108773232
01316 1461244149.6546626091 6.3108773232
01317 1461244149.6946730614 6.4487018585
01318 1461244149.7350480556 6.4487018585
01319 1461244149.7749698162 6.4487018585
01320 1461244149.8167786598 6.4487018585
01321 1461244149.8546328545 6.4487018585
01322 1461244149.8946051598 6.6325612068
01323 1461244149.9345891476 6.6325612068
01324 1461244149.9746441841 6.6325612068
01325 1461244150.0162143707 6.6325612068
01326 1461244150.0545792580 6.6325612068
01327 1461244150.0944464207 6.7964911461
01328 1461244150.1346678734 6.7964911461
01329 1461244150.1746244431 6.7964911461
01330 1461244150.2170977592 6.7964911461
01331 1461244150.2546558380 6.7964911461
01332 1461244150.2946524620 6.9343156815
01333 1461244150.3346259594 6.9343156815
01334 1461244150.3745756149 6.9343156815
01335 1461244150.4164526463 6.9343156815
01336 1461244150.4546544552 6.9343156815
01337 1461244150.4946348667 7.0672278404
01338 1461244150.5346755981 7.0672278404
01339 1461244150.5770380497 7.0672278404
01340 1461244150.6168708801 7.0672278404
01341 1461244150.6546299458 7.0672278404
01342 1461244150.6946845055 7.1970524788
01343 1461244150.7346100807 7.1970524788
01344 1461244150.7745385170 7.1970524788
01345 1461244150.8168132305 7.1970524788
01346 1461244150.8545835018 7.1970524788
01347 1461244150.8946456909 7.3229475021
01348 1461244150.9345786572 7.3229475021
01349 1461244150.9746153355 7.3229475021
01350 1461244151.0166921616 7.3229475021
01351 1461244151.0546088219 7.4228773117
01352 1461244151.0945782661 7.4228773117
01353 1461244151.1346573830 7.4228773117
01354 1461244151.1766152382 7.4228773117
01355 1461244151.2146625519 7.4228773117
01356 1461244151.2545573711 7.4228773117
01357 1461244151.2946002483 7.4228773117
01358 1461244151.3346514702 7.4228773117
01359 1461244151.3744366169 7.4228773117
01360 1461244151.4151685238 7.4228773117
01361 1461244151.4544870853 7.4228773117
01362 1461244151.4944653511 7.4228773117
01363 1461244151.5345089436 7.4228773117
01364 1461244151.5745406151 7.4228773117
01365 1461244151.6143987179 7.4228773117
01366 1461244151.6546068192 7.4228773117
01367 1461244151.6945788860 7.4228773117
01368 1461244151.7345559597 7.4228773117
01369 1461244151.7744760513 7.4228773117
01370 1461244151.8145844936 7.4228773117
01371 1461244151.8546855450 7.4228773117
01372 1461244151.8953216076 7.4228773117
01373 1461244151.9348590374 7.4228773117
01374 1461244151.9744098186 7.4228773117
01375 1461244152.0144741535 7.4228773117
01376 1461244152.0544996262 7.4228773117
01377 1461244152.0944721699 7.4228773117
01378 1461244152.1345469952 7.4228773117
01379 1461244152.1744458675 7.4228773117
01380 1461244152.2163560390 7.4228773117
01381 1461244152.2544910908 7.4228773117
01382 1461244152.2945425510 7.3298244476
01383 1461244152.3344929218 7.3298244476
01384 1461244152.3744502068 7.3298244476
01385 1461244152.4161906242 7.3298244476
01386 1461244152.4545149803 7.3298244476
01387 1461244152.4944324493 7.2147369385
01388 1461244152.5344309807 7.2147369385
01389 1461244152.5751245022 7.2147369385
01390 1461244152.6169493198 7.2147369385
01391 1461244152.6544725895 7.2147369385
01392 1461244152.6945242882 7.1037192345
01393 1461244152.7345521450 7.1037192345
01394 1461244152.7744357586 7.1037192345
01395 1461244152.8171572685 7.1037192345
01396 1461244152.8545393944 7.1037192345
01397 1461244152.8945629597 6.9825963974
01398 1461244152.9344792366 6.9825963974
01399 1461244152.9743864536 6.9825963974
01400 1461244153.0179412365 6.9825963974
01401 1461244153.0545024872 6.9825963974
01402 1461244153.0948762894 6.8795790672
01403 1461244153.1345548630 6.8795790672
01404 1461244153.1743690968 6.8795790672
01405 1461244153.2145817280 6.8795790672
01406 1461244153.2544932365 6.8795790672
01407 1461244153.2945158482 6.8795790672
01408 1461244153.3343966007 6.8795790672
01409 1461244153.3764076233 6.8795790672
01410 1461244153.4143819809 6.8795790672
01411 1461244153.4544878006 6.8795790672
01412 1461244153.4952805042 6.8795790672
01413 1461244153.5344324112 6.8795790672
01414 1461244153.5743503571 6.8795790672
01415 1461244153.6143770218 6.8795790672
01416 1461244153.6543059349 6.8795790672
01417 1461244153.6943988800 6.8795790672
01418 1461244153.7343885899 6.8795790672
01419 1461244153.7743165493 6.8795790672
01420 1461244153.8144953251 6.8795790672
01421 1461244153.8544995785 6.8795790672
01422 1461244153.8943986893 6.8795790672
01423 1461244153.9373188019 6.8795790672
01424 1461244153.9744486809 6.8795790672
01425 1461244154.0145928860 6.8795790672
01426 1461244154.0543918610 6.8795790672
01427 1461244154.0944163799 6.8795790672
01428 1461244154.1343712807 6.8795790672
01429 1461244154.1743061543 6.8795790672
01430 1461244154.2158548832 6.8795790672
01431 1461244154.2542946339 6.8795790672
01432 1461244154.2943112850 6.9124212265
01433 1461244154.3343460560 6.9124212265
01434 1461244154.3743002415 6.9124212265
01435 1461244154.4161159992 6.9124212265
01436 1461244154.4542949200 6.9124212265
01437 1461244154.4944026470 6.9403510094
01438 1461244154.5343739986 6.9403510094
01439 1461244154.5743339062 6.9403510094
01440 1461244154.6149597168 6.9403510094
01441 1461244154.6543536186 6.9403510094
01442 1461244154.6942327023 6.9403510094
01443 1461244154.7343957424 6.9403510094
01444 1461244154.7742667198 6.9403510094
01445 1461244154.8143994808 6.9403510094
01446 1461244154.8546581268 6.9403510094
01447 1461244154.8943419456 6.9403510094
01448 1461244154.9344151020 6.9403510094
01449 1461244154.9743628502 6.9403510094
01450 1461244155.0162136555 6.9403510094
01451 1461244155.0544393063 6.9403510094
01452 1461244155.0943002701 6.9932632446
01453 1461244155.1344974041 6.9932632446
01454 1461244155.1746206284 6.9932632446
01455 1461244155.2142872810 6.9932632446
01456 1461244155.2544212341 6.9932632446
01457 1461244155.2943911552 6.9932632446
01458 1461244155.3343734741 6.9932632446
01459 1461244155.3742256165 6.9932632446
01460 1461244155.4173099995 6.9932632446
01461 1461244155.4543566704 6.9932632446
01462 1461244155.4945011139 7.0931930542
01463 1461244155.5345098972 7.0931930542
01464 1461244155.5742714405 7.0931930542
01465 1461244155.6143603325 7.0931930542
01466 1461244155.6544659138 7.0931930542
01467 1461244155.6950066090 7.0931930542
01468 1461244155.7343332767 7.0931930542
01469 1461244155.7742042542 7.0931930542
01470 1461244155.8150446415 7.0931930542
01471 1461244155.8543713093 7.0931930542
01472 1461244155.8942654133 7.0931930542
01473 1461244155.9352641106 7.0931930542
01474 1461244155.9743456841 7.0931930542
01475 1461244156.0142831802 7.0931930542
01476 1461244156.0542349815 7.0931930542
01477 1461244156.0944147110 7.0931930542
01478 1461244156.1342616081 7.0931930542
01479 1461244156.1742064953 7.0931930542
01480 1461244156.2142534256 7.0931930542
01481 1461244156.2542581558 7.0931930542
01482 1461244156.2942602634 7.0931930542
01483 1461244156.3342747688 7.0931930542
01484 1461244156.3748824596 7.0931930542
01485 1461244156.4145264626 7.0931930542
01486 1461244156.4543819427 7.0931930542
01487 1461244156.4941790104 7.0931930542
01488 1461244156.5341989994 7.0931930542
01489 1461244156.5741820335 7.0931930542
01490 1461244156.6140975952 7.0931930542
01491 1461244156.6542303562 7.0931930542
01492 1461244156.6942088604 7.0931930542
01493 1461244156.7343311310 7.0931930542
01494 1461244156.7741630077 7.0931930542
01495 1461244156.8158583641 7.0931930542
01496 1461244156.8542296886 7.0931930542
01497 1461244156.8942120075 7.1820349693
01498 1461244156.9341936111 7.1820349693
01499 1461244156.9743299484 7.1820349693
