00000 1461243977.9464049339 5.0482807159
00001 1461243977.9664585590 5.0482807159
00002 1461243977.9864382744 5.0482807159
00003 1461243978.0064179897 5.0482807159
00004 1461243978.0264177322 5.0482807159
00005 1461243978.0464138985 5.0482807159
00006 1461243978.0665645599 5.0482807159
00007 1461243978.0873513222 5.0482807159
00008 1461243978.1064391136 5.0482807159
00009 1461243978.1264774799 5.0482807159
00010 1461243978.1473569870 5.0482807159
00011 1461243978.1666803360 5.0482807159
00012 1461243978.1863987446 5.0482807159
00013 1461243978.2086958885 5.0482807159
00014 1461243978.2283201218 5.0482807159
00015 1461243978.2464013100 5.0851931572
00016 1461243978.2664630413 5.0851931572
00017 1461243978.2864615917 5.0851931572
00018 1461243978.3080749512 5.0851931572
00019 1461243978.3268828392 5.0851931572
00020 1461243978.3463528156 5.1320700645
00021 1461243978.3664155006 5.1320700645
00022 1461243978.3864004612 5.1320700645
00023 1461243978.4087831974 5.1320700645
00024 1461243978.4265515804 5.1320700645
00025 1461243978.4463028908 5.2080001831
00026 1461243978.4663078785 5.2080001831
00027 1461243978.4863028526 5.2080001831
00028 1461243978.5093374252 5.2080001831
00029 1461243978.5264081955 5.2080001831
00030 1461243978.5467710495 5.2999296188
00031 1461243978.5663695335 5.2999296188
00032 1461243978.5866153240 5.2999296188
00033 1461243978.6084172726 5.2999296188
00034 1461243978.6275751591 5.2999296188
00035 1461243978.6463761330 5.3898949623
00036 1461243978.6663956642 5.3898949623
00037 1461243978.6866166592 5.3898949623
00038 1461243978.7065908909 5.3898949623
00039 1461243978.7263700962 5.3898949623
00040 1461243978.7464408875 5.3898949623
00041 1461243978.7667562962 5.3898949623
00042 1461243978.7866241932 5.3898949623
00043 1461243978.8091702461 5.3898949623
00044 1461243978.8263046741 5.3898949623
00045 1461243978.8463137150 5.4687719345
00046 1461243978.8668510914 5.4687719345
00047 1461243978.8866808414 5.4687719345
00048 1461243978.9063098431 5.4687719345
00049 1461243978.9268813133 5.4687719345
00050 1461243978.9463148117 5.4687719345
00051 1461243978.9662876129 5.4687719345
00052 1461243978.9863688946 5.4687719345
00053 1461243979.0083823204 5.4687719345
00054 1461243979.0262246132 5.4687719345
00055 1461243979.0467731953 5.5505967140
00056 1461243979.0663521290 5.5505967140
00057 1461243979.0870921612 5.5505967140
00058 1461243979.1080508232 5.5505967140
00059 1461243979.1267790794 5.5505967140
00060 1461243979.1463344097 5.6294736862
00061 1461243979.1669008732 5.6294736862
00062 1461243979.1863269806 5.6294736862
00063 1461243979.2062594891 5.6294736862
00064 1461243979.2268881798 5.6294736862
00065 1461243979.2463192940 5.6294736862
00066 1461243979.2661688328 5.6294736862
00067 1461243979.2862694263 5.6294736862
00068 1461243979.3083360195 5.6294736862
00069 1461243979.3263103962 5.6294736862
00070 1461243979.3463678360 5.7054033279
00071 1461243979.3662447929 5.7054033279
00072 1461243979.3864772320 5.7054033279
00073 1461243979.4064335823 5.7054033279
00074 1461243979.4263186455 5.7054033279
00075 1461243979.4464490414 5.7054033279
00076 1461243979.4663805962 5.7054033279
00077 1461243979.4862594604 5.7054033279
00078 1461243979.5084030628 5.7054033279
00079 1461243979.5262963772 5.7054033279
00080 1461243979.5462567806 5.7803506851
00081 1461243979.5665183067 5.7803506851
00082 1461243979.5863184929 5.7803506851
00083 1461243979.6063001156 5.7803506851
00084 1461243979.6270186901 5.7803506851
00085 1461243979.6473100185 5.7803506851
00086 1461243979.6670064926 5.7803506851
00087 1461243979.6872498989 5.7803506851
00088 1461243979.7088599205 5.7803506851
00089 1461243979.7270472050 5.7803506851
00090 1461243979.7465782166 5.8762106895
00091 1461243979.7672147751 5.8762106895
00092 1461243979.7863521576 5.8762106895
00093 1461243979.8084328175 5.8762106895
00094 1461243979.8262655735 5.8762106895
00095 1461243979.8463518620 5.9710879326
00096 1461243979.8664307594 5.9710879326
00097 1461243979.8863465786 5.9710879326
00098 1461243979.9085013866 5.9710879326
00099 1461243979.9263017178 5.9710879326
00100 1461243979.9480080605 6.0700349808
00101 1461243979.9663007259 6.0700349808
00102 1461243979.9862864017 6.0700349808
00103 1461243980.0081827641 6.0700349808
00104 1461243980.0262610912 6.0700349808
00105 1461243980.0464801788 6.1519999504
00106 1461243980.0665109158 6.1519999504
00107 1461243980.0864927769 6.1519999504
00108 1461243980.1086065769 6.1519999504
00109 1461243980.1262705326 6.1519999504
00110 1461243980.1464991570 6.2398595810
00111 1461243980.1662933826 6.2398595810
00112 1461243980.1871714592 6.2398595810
00113 1461243980.2081680298 6.2398595810
00114 1461243980.2266993523 6.2398595810
00115 1461243980.2462816238 6.3257541656
00116 1461243980.2664835453 6.3257541656
00117 1461243980.2862803936 6.3257541656
00118 1461243980.3063519001 6.3257541656
00119 1461243980.3262569904 6.3257541656
00120 1461243980.3462421894 6.3257541656
00121 1461243980.3662300110 6.3257541656
00122 1461243980.3871006966 6.3257541656
00123 1461243980.4061944485 6.3257541656
00124 1461243980.4264934063 6.3257541656
00125 1461243980.4466705322 6.3257541656
00126 1461243980.4661982059 6.3257541656
00127 1461243980.4865989685 6.3257541656
00128 1461243980.5084481239 6.3257541656
00129 1461243980.5267896652 6.3257541656
00130 1461243980.5462129116 6.4106664658
00131 1461243980.5664091110 6.4106664658
00132 1461243980.5866546631 6.4106664658
00133 1461243980.6081101894 6.4106664658
00134 1461243980.6266083717 6.4106664658
00135 1461243980.6462900639 6.4945964813
00136 1461243980.6662340164 6.4945964813
00137 1461243980.6866343021 6.4945964813
00138 1461243980.7083799839 6.4945964813
00139 1461243980.7262582779 6.4945964813
00140 1461243980.7466471195 6.6025261879
00141 1461243980.7665636539 6.6025261879
00142 1461243980.7862818241 6.6025261879
00143 1461243980.8084518909 6.6025261879
00144 1461243980.8269419670 6.6025261879
00145 1461243980.8462715149 6.6854739189
00146 1461243980.8663218021 6.6854739189
00147 1461243980.8862388134 6.6854739189
00148 1461243980.9091739655 6.6854739189
00149 1461243980.9262676239 6.6854739189
00150 1461243980.9462671280 6.7983160019
00151 1461243980.9664857388 6.7983160019
00152 1461243980.9862439632 6.7983160019
00153 1461243981.0080931187 6.7983160019
00154 1461243981.0269787312 6.7983160019
00155 1461243981.0461621284 6.8861756325
00156 1461243981.0661311150 6.8861756325
00157 1461243981.0873696804 6.8861756325
00158 1461243981.1061770916 6.8861756325
00159 1461243981.1263139248 6.8861756325
00160 1461243981.1462283134 6.8861756325
00161 1461243981.1661839485 6.8861756325
00162 1461243981.1861827374 6.8861756325
00163 1461243981.2062392235 6.8861756325
00164 1461243981.2262387276 6.8861756325
00165 1461243981.2463324070 6.8861756325
00166 1461243981.2663936615 6.8861756325
00167 1461243981.2863547802 6.8861756325
00168 1461243981.3062200546 6.8861756325
00169 1461243981.3266026974 6.8861756325
00170 1461243981.3462445736 6.8861756325
00171 1461243981.3661229610 6.8861756325
00172 1461243981.3865776062 6.8861756325
00173 1461243981.4061739445 6.8861756325
00174 1461243981.4261600971 6.8861756325
00175 1461243981.4461333752 6.8861756325
00176 1461243981.4661889076 6.8861756325
00177 1461243981.4865794182 6.8861756325
00178 1461243981.5062336922 6.8861756325
00179 1461243981.5262486935 6.8861756325
00180 1461243981.5461442471 6.8861756325
00181 1461243981.5662415028 6.8861756325
00182 1461243981.5869660378 6.8861756325
00183 1461243981.6083960533 6.8861756325
00184 1461243981.6267256737 6.8861756325
00185 1461243981.6462166309 6.9810523987
00186 1461243981.6663274765 6.9810523987
00187 1461243981.6862351894 6.9810523987
00188 1461243981.7084388733 6.9810523987
00189 1461243981.7261788845 6.9810523987
00190 1461243981.7462263107 7.0749473572
00191 1461243981.7662332058 7.0749473572
00192 1461243981.7861232758 7.0749473572
00193 1461243981.8084120750 7.0749473572
00194 1461243981.8261940479 7.0749473572
00195 1461243981.8464012146 7.1698246002
00196 1461243981.8662338257 7.1698246002
00197 1461243981.8866732121 7.1698246002
00198 1461243981.9082102776 7.1698246002
00199 1461243981.9274306297 7.1698246002
00200 1461243981.9462063313 7.2627367973
00201 1461243981.9663679600 7.2627367973
00202 1461243981.9870152473 7.2627367973
00203 1461243982.0061423779 7.2627367973
00204 1461243982.0261201859 7.2627367973
00205 1461243982.0465269089 7.2627367973
00206 1461243982.0662288666 7.2627367973
00207 1461243982.0860989094 7.2627367973
00208 1461243982.1065213680 7.2627367973
00209 1461243982.1264781952 7.2627367973
00210 1461243982.1461126804 7.2627367973
00211 1461243982.1662256718 7.2627367973
00212 1461243982.1881453991 7.2627367973
00213 1461243982.2061116695 7.2627367973
00214 1461243982.2262413502 7.2627367973
00215 1461243982.2461078167 7.2627367973
00216 1461243982.2669768333 7.2627367973
00217 1461243982.2861514091 7.2627367973
00218 1461243982.3082735538 7.2627367973
00219 1461243982.3261518478 7.2627367973
00220 1461243982.3462610245 7.3566317558
00221 1461243982.3660657406 7.3566317558
00222 1461243982.3861255646 7.3566317558
00223 1461243982.4082484245 7.3566317558
00224 1461243982.4261667728 7.3566317558
00225 1461243982.4461636543 7.4524912834
00226 1461243982.4665195942 7.4524912834
00227 1461243982.4862687588 7.4524912834
00228 1461243982.5103116035 7.4524912834
00229 1461243982.5263447762 7.4524912834
00230 1461243982.5461678505 7.5493330956
00231 1461243982.5660972595 7.5493330956
00232 1461243982.5862748623 7.5493330956
00233 1461243982.6087143421 7.5493330956
00234 1461243982.6263830662 7.5493330956
00235 1461243982.6461973190 7.6472983360
00236 1461243982.6663641930 7.6472983360
00237 1461243982.6860840321 7.6472983360
00238 1461243982.7063803673 7.6472983360
00239 1461243982.7260904312 7.6472983360
00240 1461243982.7461163998 7.6472983360
00241 1461243982.7661304474 7.6472983360
00242 1461243982.7863354683 7.6472983360
00243 1461243982.8065018654 7.6472983360
00244 1461243982.8261411190 7.6472983360
00245 1461243982.8462285995 7.6472983360
00246 1461243982.8662273884 7.6472983360
00247 1461243982.8862562180 7.6472983360
00248 1461243982.9061627388 7.6472983360
00249 1461243982.9262988567 7.6472983360
00250 1461243982.9461004734 7.6472983360
00251 1461243982.9661548138 7.6472983360
00252 1461243982.9863877296 7.6472983360
00253 1461243983.0080392361 7.6472983360
00254 1461243983.0260975361 7.6472983360
00255 1461243983.0461506844 7.7462453842
00256 1461243983.0664789677 7.7462453842
00257 1461243983.0864601135 7.7462453842
00258 1461243983.1084682941 7.7462453842
00259 1461243983.1279702187 7.7462453842
00260 1461243983.1461539268 7.8461756706
00261 1461243983.1660454273 7.8461756706
00262 1461243983.1859571934 7.8461756706
00263 1461243983.2060570717 7.8461756706
00264 1461243983.2259790897 7.8461756706
00265 1461243983.2467153072 7.8461756706
00266 1461243983.2660915852 7.8461756706
00267 1461243983.2860517502 7.8461756706
00268 1461243983.3062062263 7.8461756706
00269 1461243983.3261132240 7.8461756706
00270 1461243983.3462626934 7.8461756706
00271 1461243983.3665292263 7.8461756706
00272 1461243983.3866124153 7.8461756706
00273 1461243983.4082577229 7.8461756706
00274 1461243983.4260036945 7.8461756706
00275 1461243983.4462749958 7.9470877647
00276 1461243983.4660379887 7.9470877647
00277 1461243983.4862239361 7.9470877647
00278 1461243983.5063543320 7.9470877647
00279 1461243983.5261116028 7.9470877647
00280 1461243983.5461013317 7.9470877647
00281 1461243983.5659744740 7.9470877647
00282 1461243983.5860848427 7.9470877647
00283 1461243983.6062955856 7.9470877647
00284 1461243983.6264083385 7.9470877647
00285 1461243983.6460151672 7.9470877647
00286 1461243983.6671555042 7.9470877647
00287 1461243983.6860899925 7.9470877647
00288 1461243983.7059664726 7.9470877647
00289 1461243983.7264564037 7.9470877647
00290 1461243983.7463939190 7.9470877647
00291 1461243983.7663760185 7.9470877647
00292 1461243983.7860145569 7.9470877647
00293 1461243983.8064842224 7.9470877647
00294 1461243983.8260436058 7.9470877647
00295 1461243983.8471624851 7.9470877647
00296 1461243983.8660674095 7.9470877647
00297 1461243983.8859734535 7.9470877647
00298 1461243983.9062814713 7.9470877647
00299 1461243983.9265387058 7.9470877647
00300 1461243983.9463810921 7.9470877647
00301 1461243983.9662230015 7.9470877647
00302 1461243983.9860880375 7.9470877647
00303 1461243984.0060756207 7.9470877647
00304 1461243984.0259730816 7.9470877647
00305 1461243984.0467579365 7.9470877647
00306 1461243984.0659708977 7.9470877647
00307 1461243984.0863807201 7.9470877647
00308 1461243984.1064529419 7.9470877647
00309 1461243984.1263382435 7.9470877647
00310 1461243984.1459615231 7.9470877647
00311 1461243984.1705257893 7.9470877647
00312 1461243984.1859803200 7.9470877647
00313 1461243984.2079794407 7.9470877647
00314 1461243984.2268528938 7.9470877647
00315 1461243984.2460031509 7.8880000114
00316 1461243984.2663147449 7.8880000114
00317 1461243984.2868173122 7.8880000114
00318 1461243984.3081882000 7.8880000114
00319 1461243984.3260109425 7.8238596916
00320 1461243984.3460683823 7.8238596916
00321 1461243984.3659951687 7.8238596916
00322 1461243984.3860886097 7.8238596916
00323 1461243984.4076452255 7.8238596916
00324 1461243984.4259228706 7.8238596916
00325 1461243984.4459810257 7.7208418846
00326 1461243984.4661197662 7.7208418846
00327 1461243984.4859669209 7.7208418846
00328 1461243984.5080554485 7.7208418846
00329 1461243984.5260040760 7.7208418846
00330 1461243984.5459430218 7.6008419991
00331 1461243984.5660476685 7.6008419991
00332 1461243984.5867171288 7.6008419991
00333 1461243984.6078100204 7.6008419991
00334 1461243984.6264972687 7.6008419991
00335 1461243984.6463215351 7.4588069916
00336 1461243984.6660141945 7.4588069916
00337 1461243984.6862409115 7.4588069916
00338 1461243984.7082428932 7.4588069916
00339 1461243984.7264924049 7.4588069916
00340 1461243984.7460150719 7.3367018700
00341 1461243984.7658987045 7.3367018700
00342 1461243984.7859687805 7.3367018700
00343 1461243984.8086760044 7.3367018700
00344 1461243984.8264186382 7.3367018700
00345 1461243984.8460187912 7.2336840630
00346 1461243984.8662195206 7.2336840630
00347 1461243984.8863112926 7.2336840630
00348 1461243984.9085743427 7.2336840630
00349 1461243984.9260177612 7.2336840630
00350 1461243984.9462330341 7.1316490173
00351 1461243984.9661085606 7.1316490173
00352 1461243984.9860358238 7.1316490173
00353 1461243985.0080623627 7.1316490173
00354 1461243985.0272786617 7.1316490173
00355 1461243985.0459372997 7.0376138687
00356 1461243985.0659675598 7.0376138687
00357 1461243985.0866737366 7.0376138687
00358 1461243985.1076738834 7.0376138687
00359 1461243985.1271767616 7.0376138687
00360 1461243985.1468727589 7.0376138687
00361 1461243985.1659934521 7.0376138687
00362 1461243985.1862881184 7.0376138687
00363 1461243985.2060594559 7.0376138687
00364 1461243985.2259869576 7.0376138687
00365 1461243985.2459223270 7.0376138687
00366 1461243985.2658801079 7.0376138687
00367 1461243985.2861597538 7.0376138687
00368 1461243985.3059184551 7.0376138687
00369 1461243985.3259658813 7.0376138687
00370 1461243985.3460550308 7.0376138687
00371 1461243985.3659267426 7.0376138687
00372 1461243985.3859446049 7.0376138687
00373 1461243985.4062147141 7.0376138687
00374 1461243985.4260067940 7.0376138687
00375 1461243985.4459640980 7.0376138687
00376 1461243985.4660220146 7.0376138687
00377 1461243985.4860131741 7.0376138687
00378 1461243985.5062994957 7.0376138687
00379 1461243985.5259661674 7.0376138687
00380 1461243985.5460095406 7.0376138687
00381 1461243985.5682084560 7.0376138687
00382 1461243985.5860166550 7.0376138687
00383 1461243985.6067645550 7.0376138687
00384 1461243985.6259787083 7.0376138687
00385 1461243985.6459176540 7.0376138687
00386 1461243985.6664631367 7.0376138687
00387 1461243985.6859717369 7.0376138687
00388 1461243985.7071433067 7.0376138687
00389 1461243985.7258844376 7.0376138687
00390 1461243985.7460985184 7.0376138687
00391 1461243985.7659795284 7.0376138687
00392 1461243985.7859027386 7.0376138687
00393 1461243985.8059322834 7.0376138687
00394 1461243985.8260185719 7.0376138687
00395 1461243985.8459694386 7.0376138687
00396 1461243985.8660609722 7.0376138687
00397 1461243985.8864245415 7.0376138687
00398 1461243985.9057936668 7.0376138687
00399 1461243985.9262392521 7.0376138687
00400 1461243985.9460558891 7.0376138687
00401 1461243985.9666182995 7.0376138687
00402 1461243985.9858539104 7.0376138687
00403 1461243986.0059380531 7.0376138687
00404 1461243986.0260825157 7.0376138687
00405 1461243986.0459742546 7.0376138687
00406 1461243986.0659542084 7.0376138687
00407 1461243986.0864663124 7.0376138687
00408 1461243986.1058549881 7.0376138687
00409 1461243986.1259770393 7.0376138687
00410 1461243986.1459813118 7.0376138687
00411 1461243986.1658806801 7.0376138687
00412 1461243986.1858255863 7.0376138687
00413 1461243986.2058014870 7.0376138687
00414 1461243986.2259345055 7.0376138687
00415 1461243986.2465448380 7.0376138687
00416 1461243986.2662110329 7.0376138687
00417 1461243986.2861628532 7.0376138687
00418 1461243986.3061201572 7.0376138687
00419 1461243986.3260891438 7.0376138687
00420 1461243986.3458843231 7.0376138687
00421 1461243986.3667676449 7.0376138687
00422 1461243986.3859274387 7.0376138687
00423 1461243986.4090337753 7.0376138687
00424 1461243986.4264359474 7.0376138687
00425 1461243986.4459688663 7.1174736023
00426 1461243986.4661595821 7.1174736023
00427 1461243986.4866876602 7.1174736023
00428 1461243986.5081295967 7.1174736023
00429 1461243986.5272195339 7.1174736023
00430 1461243986.5458557606 7.2074384689
00431 1461243986.5660753250 7.2074384689
00432 1461243986.5858221054 7.2074384689
00433 1461243986.6079659462 7.2074384689
00434 1461243986.6261835098 7.2074384689
00435 1461243986.6458246708 7.3413333893
00436 1461243986.6660783291 7.3413333893
00437 1461243986.6858060360 7.3413333893
00438 1461243986.7077381611 7.3413333893
00439 1461243986.7270779610 7.3413333893
00440 1461243986.7458834648 7.5251932144
00441 1461243986.7660145760 7.5251932144
00442 1461243986.7859878540 7.5251932144
00443 1461243986.8119151592 7.5251932144
00444 1461243986.8267490864 7.7080702782
00445 1461243986.8458731174 7.7080702782
00446 1461243986.8658404350 7.7080702782
00447 1461243986.8860940933 7.7080702782
00448 1461243986.9084904194 7.7080702782
00449 1461243986.9263248444 7.7080702782
00450 1461243986.9460968971 7.8790173531
00451 1461243986.9657890797 7.8790173531
00452 1461243986.9858775139 7.8790173531
00453 1461243987.0081481934 7.8790173531
00454 1461243987.0263819695 7.8790173531
00455 1461243987.0458359718 8.0889825821
00456 1461243987.0658376217 8.0889825821
00457 1461243987.0867199898 8.0889825821
00458 1461243987.1079504490 8.0889825821
00459 1461243987.1258773804 8.0889825821
00460 1461243987.1459975243 8.2679300308
00461 1461243987.1658294201 8.2679300308
00462 1461243987.1859524250 8.2679300308
00463 1461243987.2080047131 8.2679300308
00464 1461243987.2257857323 8.2679300308
00465 1461243987.2458188534 8.4508066177
00466 1461243987.2659630775 8.4508066177
00467 1461243987.2857744694 8.4508066177
00468 1461243987.3078653812 8.4508066177
00469 1461243987.3257226944 8.4508066177
00470 1461243987.3458235264 8.6046314240
00471 1461243987.3660969734 8.6046314240
00472 1461243987.3862719536 8.6046314240
00473 1461243987.4057595730 8.6046314240
00474 1461243987.4261536598 8.6046314240
00475 1461243987.4463407993 8.6046314240
00476 1461243987.4657611847 8.6046314240
00477 1461243987.4857478142 8.6046314240
00478 1461243987.5058400631 8.6046314240
00479 1461243987.5259697437 8.6046314240
00480 1461243987.5459370613 8.6046314240
00481 1461243987.5659604073 8.6046314240
00482 1461243987.5857360363 8.6046314240
00483 1461243987.6078965664 8.6046314240
00484 1461243987.6261165142 8.6046314240
00485 1461243987.6462242603 8.4035091400
00486 1461243987.6658031940 8.4035091400
00487 1461243987.6866390705 8.4035091400
00488 1461243987.7078640461 8.4035091400
00489 1461243987.7261607647 8.4035091400
00490 1461243987.7460148335 8.1734733582
00491 1461243987.7658727169 8.1734733582
00492 1461243987.7865061760 8.1734733582
00493 1461243987.8079085350 8.1734733582
00494 1461243987.8257443905 8.1734733582
00495 1461243987.8458378315 7.9143857956
00496 1461243987.8659620285 7.9143857956
00497 1461243987.8858036995 7.9143857956
00498 1461243987.9078764915 7.9143857956
00499 1461243987.9256961346 7.9143857956
00500 1461243987.9460120201 7.6552982330
00501 1461243987.9659013748 7.6552982330
00502 1461243987.9866352081 7.6552982330
00503 1461243988.0078389645 7.6552982330
00504 1461243988.0257508755 7.6552982330
00505 1461243988.0458238125 7.3712282181
00506 1461243988.0658128262 7.3712282181
00507 1461243988.0860140324 7.3712282181
00508 1461243988.1077833176 7.3712282181
00509 1461243988.1263542175 7.3712282181
00510 1461243988.1467235088 7.1121401787
00511 1461243988.1658258438 7.1121401787
00512 1461243988.1861603260 7.1121401787
00513 1461243988.2077667713 7.1121401787
00514 1461243988.2271575928 7.1121401787
00515 1461243988.2458565235 6.9541053772
00516 1461243988.2656936646 6.9541053772
00517 1461243988.2863211632 6.9541053772
00518 1461243988.3066825867 6.9541053772
00519 1461243988.3257310390 6.9541053772
00520 1461243988.3457205296 6.9541053772
00521 1461243988.3665788174 6.9541053772
00522 1461243988.3858556747 6.9541053772
00523 1461243988.4080636501 6.9541053772
00524 1461243988.4283368587 6.9541053772
00525 1461243988.4471969604 6.8220353127
00526 1461243988.4672970772 6.8220353127
00527 1461243988.4864876270 6.8220353127
00528 1461243988.5085754395 6.8220353127
00529 1461243988.5260980129 6.8220353127
00530 1461243988.5457758904 6.6640000343
00531 1461243988.5657370090 6.6640000343
00532 1461243988.5858292580 6.6640000343
00533 1461243988.6088685989 6.6640000343
00534 1461243988.6257660389 6.6640000343
00535 1461243988.6460795403 6.5719299316
00536 1461243988.6663284302 6.5719299316
00537 1461243988.6857655048 6.5719299316
00538 1461243988.7064743042 6.5719299316
00539 1461243988.7257525921 6.5719299316
00540 1461243988.7462341785 6.5719299316
00541 1461243988.7658913136 6.5719299316
00542 1461243988.7859997749 6.5719299316
00543 1461243988.8059704304 6.5719299316
00544 1461243988.8259382248 6.5719299316
00545 1461243988.8459343910 6.5719299316
00546 1461243988.8657035828 6.5719299316
00547 1461243988.8861322403 6.5719299316
00548 1461243988.9060935974 6.5719299316
00549 1461243988.9261336327 6.5719299316
00550 1461243988.9457333088 6.5719299316
00551 1461243988.9660048485 6.5719299316
00552 1461243988.9860780239 6.5719299316
00553 1461243989.0057039261 6.5719299316
00554 1461243989.0259513855 6.5719299316
00555 1461243989.0459141731 6.5719299316
00556 1461243989.0657074451 6.5719299316
00557 1461243989.0858900547 6.5719299316
00558 1461243989.1059386730 6.5719299316
00559 1461243989.1260185242 6.5719299316
00560 1461243989.1459031105 6.5719299316
00561 1461243989.1659331322 6.5719299316
00562 1461243989.1856901646 6.5719299316
00563 1461243989.2061648369 6.5719299316
00564 1461243989.2256381512 6.5719299316
00565 1461243989.2462296486 6.5719299316
00566 1461243989.2656705379 6.5719299316
00567 1461243989.2857077122 6.5719299316
00568 1461243989.3056266308 6.5719299316
00569 1461243989.3286938667 6.5719299316
00570 1461243989.3457686901 6.5719299316
00571 1461243989.3656971455 6.5719299316
00572 1461243989.3859577179 6.5719299316
00573 1461243989.4062101841 6.5719299316
00574 1461243989.4256913662 6.5719299316
00575 1461243989.4456608295 6.5719299316
00576 1461243989.4659016132 6.5719299316
00577 1461243989.4857819080 6.5719299316
00578 1461243989.5078895092 6.5719299316
00579 1461243989.5257115364 6.5719299316
00580 1461243989.5457019806 6.4839296341
00581 1461243989.5657842159 6.4839296341
00582 1461243989.5857751369 6.4839296341
00583 1461243989.6056642532 6.4839296341
00584 1461243989.6256864071 6.4839296341
00585 1461243989.6456873417 6.4839296341
00586 1461243989.6656560898 6.4839296341
00587 1461243989.6855716705 6.4839296341
00588 1461243989.7056708336 6.4839296341
00589 1461243989.7256457806 6.4839296341
00590 1461243989.7456738949 6.4839296341
00591 1461243989.7657287121 6.4839296341
00592 1461243989.7857124805 6.4839296341
00593 1461243989.8064780235 6.4839296341
00594 1461243989.8257405758 6.4839296341
00595 1461243989.8460378647 6.4839296341
00596 1461243989.8660295010 6.4839296341
00597 1461243989.8859398365 6.4839296341
00598 1461243989.9056336880 6.4839296341
00599 1461243989.9257471561 6.4839296341
00600 1461243989.9457197189 6.4839296341
00601 1461243989.9656200409 6.4839296341
00602 1461243989.9862959385 6.4839296341
00603 1461243990.0071878433 6.4839296341
00604 1461243990.0262174606 6.4839296341
00605 1461243990.0458564758 6.3799300194
00606 1461243990.0656766891 6.3799300194
00607 1461243990.0856184959 6.3799300194
00608 1461243990.1079146862 6.3799300194
00609 1461243990.1259028912 6.3799300194
00610 1461243990.1459033489 6.2798595428
00611 1461243990.1659047604 6.2798595428
00612 1461243990.1856389046 6.2798595428
00613 1461243990.2078909874 6.2798595428
00614 1461243990.2259075642 6.2798595428
00615 1461243990.2457089424 6.1837191582
00616 1461243990.2658026218 6.1837191582
00617 1461243990.2856562138 6.1837191582
00618 1461243990.3076648712 6.1837191582
00619 1461243990.3304612637 6.1837191582
00620 1461243990.3463125229 6.0877194405
00621 1461243990.3664267063 6.0877194405
00622 1461243990.3855717182 6.0877194405
00623 1461243990.4073626995 6.0877194405
00624 1461243990.4256250858 6.0877194405
00625 1461243990.4457545280 5.9905962944
00626 1461243990.4657711983 5.9905962944
00627 1461243990.4856827259 5.9905962944
00628 1461243990.5073904991 5.9905962944
00629 1461243990.5263834000 5.9905962944
00630 1461243990.5462028980 5.9135437012
00631 1461243990.5660269260 5.9135437012
00632 1461243990.5855598450 5.9135437012
00633 1461243990.6081914902 5.9135437012
00634 1461243990.6262316704 5.9135437012
00635 1461243990.6455993652 5.8355088234
00636 1461243990.6659829617 5.8355088234
00637 1461243990.6869359016 5.8355088234
00638 1461243990.7056934834 5.8355088234
00639 1461243990.7256534100 5.8355088234
00640 1461243990.7465996742 5.8355088234
00641 1461243990.7659430504 5.8355088234
00642 1461243990.7855987549 5.8355088234
00643 1461243990.8063962460 5.8355088234
00644 1461243990.8255960941 5.8355088234
00645 1461243990.8456504345 5.8355088234
00646 1461243990.8658127785 5.8355088234
00647 1461243990.8861479759 5.8355088234
00648 1461243990.9081563950 5.8355088234
00649 1461243990.9255554676 5.8355088234
00650 1461243990.9456250668 5.8355088234
00651 1461243990.9675066471 5.8355088234
00652 1461243990.9860403538 5.8355088234
00653 1461243991.0056576729 5.8355088234
00654 1461243991.0256485939 5.8355088234
00655 1461243991.0464928150 5.8355088234
00656 1461243991.0655696392 5.8355088234
00657 1461243991.0856928825 5.8355088234
00658 1461243991.1069769859 5.8355088234
00659 1461243991.1255440712 5.8355088234
00660 1461243991.1455993652 5.8355088234
00661 1461243991.1662604809 5.8355088234
00662 1461243991.1855642796 5.8355088234
00663 1461243991.2056078911 5.8355088234
00664 1461243991.2263019085 5.8355088234
00665 1461243991.2456431389 5.8355088234
00666 1461243991.2657399178 5.8355088234
00667 1461243991.2858777046 5.8355088234
00668 1461243991.3055620193 5.8355088234
00669 1461243991.3256080151 5.8355088234
00670 1461243991.3461949825 5.8355088234
00671 1461243991.3655529022 5.8355088234
00672 1461243991.3855981827 5.8355088234
00673 1461243991.4062876701 5.8355088234
00674 1461243991.4256608486 5.8355088234
00675 1461243991.4455711842 5.8355088234
00676 1461243991.4660005569 5.8355088234
00677 1461243991.4857063293 5.8355088234
00678 1461243991.5075011253 5.8355088234
00679 1461243991.5272922516 5.8355088234
00680 1461243991.5455133915 5.7604212761
00681 1461243991.5656270981 5.7604212761
00682 1461243991.5856344700 5.7604212761
00683 1461243991.6075494289 5.7604212761
00684 1461243991.6261146069 5.7604212761
00685 1461243991.6456484795 5.6523509026
00686 1461243991.6657500267 5.6523509026
00687 1461243991.6855733395 5.6523509026
00688 1461243991.7082073689 5.6523509026
00689 1461243991.7256410122 5.6523509026
00690 1461243991.7457892895 5.5532631874
00691 1461243991.7657818794 5.5532631874
00692 1461243991.7855496407 5.5532631874
00693 1461243991.8078365326 5.5532631874
00694 1461243991.8255379200 5.5532631874
00695 1461243991.8456268311 5.4342455864
00696 1461243991.8661112785 5.4342455864
00697 1461243991.8854889870 5.4342455864
00698 1461243991.9074904919 5.4342455864
00699 1461243991.9255352020 5.4342455864
00700 1461243991.9455277920 5.3491930962
00701 1461243991.9657144547 5.3491930962
00702 1461243991.9855837822 5.3491930962
00703 1461243992.0082380772 5.3491930962
00704 1461243992.0260481834 5.3491930962
00705 1461243992.0455880165 5.2551579475
00706 1461243992.0655727386 5.2551579475
00707 1461243992.0857410431 5.2551579475
00708 1461243992.1055216789 5.2551579475
00709 1461243992.1266326904 5.2551579475
00710 1461243992.1455562115 5.2551579475
00711 1461243992.1656210423 5.2551579475
00712 1461243992.1855719090 5.2551579475
00713 1461243992.2058467865 5.2551579475
00714 1461243992.2254958153 5.2551579475
00715 1461243992.2457461357 5.2551579475
00716 1461243992.2654712200 5.2551579475
00717 1461243992.2879593372 5.2551579475
00718 1461243992.3058080673 5.2551579475
00719 1461243992.3260319233 5.2551579475
00720 1461243992.3455011845 5.2551579475
00721 1461243992.3655638695 5.2551579475
00722 1461243992.3857400417 5.2551579475
00723 1461243992.4057514668 5.2551579475
00724 1461243992.4255280495 5.2551579475
00725 1461243992.4454510212 5.2551579475
00726 1461243992.4656829834 5.2551579475
00727 1461243992.4855279922 5.2551579475
00728 1461243992.5056614876 5.2551579475
00729 1461243992.5255253315 5.2551579475
00730 1461243992.5455257893 5.2551579475
00731 1461243992.5657663345 5.2551579475
00732 1461243992.5856702328 5.2551579475
00733 1461243992.6055340767 5.2551579475
00734 1461243992.6259257793 5.2551579475
00735 1461243992.6454961300 5.2551579475
00736 1461243992.6657025814 5.2551579475
00737 1461243992.6863732338 5.2551579475
00738 1461243992.7053894997 5.2551579475
00739 1461243992.7254455090 5.2551579475
00740 1461243992.7457792759 5.2551579475
00741 1461243992.7654430866 5.2551579475
00742 1461243992.7859005928 5.2551579475
00743 1461243992.8055493832 5.2551579475
00744 1461243992.8254628181 5.2551579475
00745 1461243992.8461899757 5.2551579475
00746 1461243992.8656692505 5.2551579475
00747 1461243992.8855166435 5.2551579475
00748 1461243992.9085586071 5.2551579475
00749 1461243992.9257302284 5.2889823914
00750 1461243992.9455695152 5.2889823914
00751 1461243992.9654507637 5.2889823914
00752 1461243992.9854996204 5.2889823914
00753 1461243993.0074851513 5.2889823914
00754 1461243993.0260369778 5.2889823914
00755 1461243993.0454199314 5.3298244476
00756 1461243993.0654940605 5.3298244476
00757 1461243993.0860130787 5.3298244476
00758 1461243993.1076285839 5.3298244476
00759 1461243993.1254718304 5.3298244476
00760 1461243993.1469137669 5.3877892494
00761 1461243993.1656708717 5.3877892494
00762 1461243993.1856396198 5.3877892494
00763 1461243993.2076249123 5.3877892494
00764 1461243993.2254569530 5.3877892494
00765 1461243993.2454597950 5.4637193680
00766 1461243993.2660098076 5.4637193680
00767 1461243993.2859616280 5.4637193680
00768 1461243993.3057889938 5.4637193680
00769 1461243993.3261873722 5.4637193680
00770 1461243993.3457825184 5.4637193680
00771 1461243993.3653450012 5.4637193680
00772 1461243993.3858001232 5.4637193680
00773 1461243993.4057292938 5.4637193680
00774 1461243993.4255201817 5.4637193680
00775 1461243993.4455430508 5.4637193680
00776 1461243993.4655389786 5.4637193680
00777 1461243993.4855420589 5.4637193680
00778 1461243993.5055205822 5.4637193680
00779 1461243993.5254790783 5.4637193680
00780 1461243993.5455203056 5.4637193680
00781 1461243993.5658745766 5.4637193680
00782 1461243993.5860629082 5.4637193680
00783 1461243993.6058614254 5.4637193680
00784 1461243993.6255943775 5.4637193680
00785 1461243993.6458439827 5.4637193680
00786 1461243993.6658148766 5.4637193680
00787 1461243993.6855170727 5.4637193680
00788 1461243993.7073369026 5.4637193680
00789 1461243993.7257134914 5.4637193680
00790 1461243993.7455220222 5.5375437737
00791 1461243993.7655813694 5.5375437737
00792 1461243993.7863535881 5.5375437737
00793 1461243993.8080995083 5.5375437737
00794 1461243993.8269503117 5.5375437737
00795 1461243993.8462233543 5.6164212227
00796 1461243993.8677349091 5.6164212227
00797 1461243993.8854362965 5.6164212227
00798 1461243993.9073622227 5.6164212227
00799 1461243993.9254982471 5.6164212227
00800 1461243993.9454131126 5.7142457962
00801 1461243993.9653964043 5.7142457962
00802 1461243993.9854342937 5.7142457962
00803 1461243994.0073242188 5.7142457962
00804 1461243994.0254082680 5.7142457962
00805 1461243994.0454776287 5.8291931152
00806 1461243994.0655927658 5.8291931152
00807 1461243994.0854673386 5.8291931152
00808 1461243994.1083669662 5.8291931152
00809 1461243994.1258265972 5.8291931152
00810 1461243994.1454038620 5.9230875969
00811 1461243994.1669321060 5.9230875969
00812 1461243994.1861534119 5.9230875969
00813 1461243994.2087662220 5.9230875969
00814 1461243994.2254090309 5.9230875969
00815 1461243994.2454569340 6.0050525665
00816 1461243994.2653563023 6.0050525665
00817 1461243994.2854804993 6.0050525665
00818 1461243994.3054385185 6.0050525665
00819 1461243994.3253104687 6.0050525665
00820 1461243994.3459672928 6.0050525665
00821 1461243994.3654613495 6.0050525665
00822 1461243994.3854384422 6.0050525665
00823 1461243994.4056861401 6.0050525665
00824 1461243994.4254794121 6.0050525665
00825 1461243994.4454455376 6.0050525665
00826 1461243994.4654147625 6.0050525665
00827 1461243994.4857542515 6.0050525665
00828 1461243994.5054228306 6.0050525665
00829 1461243994.5253570080 6.0050525665
00830 1461243994.5463533401 6.0050525665
00831 1461243994.5654442310 6.0050525665
00832 1461243994.5854997635 6.0050525665
00833 1461243994.6054255962 6.0050525665
00834 1461243994.6254491806 6.0050525665
00835 1461243994.6458067894 6.0050525665
00836 1461243994.6653416157 6.0050525665
00837 1461243994.6855196953 6.0050525665
00838 1461243994.7054035664 6.0050525665
00839 1461243994.7255513668 6.0050525665
00840 1461243994.7456328869 6.0050525665
00841 1461243994.7655174732 6.0050525665
00842 1461243994.7853536606 6.0050525665
00843 1461243994.8052628040 6.0050525665
00844 1461243994.8253810406 6.0050525665
00845 1461243994.8454957008 6.0050525665
00846 1461243994.8656167984 6.0050525665
00847 1461243994.8854353428 6.0050525665
00848 1461243994.9074969292 6.0050525665
00849 1461243994.9253406525 6.0050525665
00850 1461243994.9456827641 6.0929121971
00851 1461243994.9655041695 6.0929121971
00852 1461243994.9854311943 6.0929121971
00853 1461243995.0055310726 6.0929121971
00854 1461243995.0254690647 6.0929121971
00855 1461243995.0459420681 6.0929121971
00856 1461243995.0655927658 6.0929121971
00857 1461243995.0852835178 6.0929121971
00858 1461243995.1075243950 6.0929121971
00859 1461243995.1253790855 6.0929121971
00860 1461243995.1453206539 6.1788067818
00861 1461243995.1654961109 6.1788067818
00862 1461243995.1853663921 6.1788067818
00863 1461243995.2075252533 6.1788067818
00864 1461243995.2252755165 6.1788067818
00865 1461243995.2455492020 6.2826666832
00866 1461243995.2653217316 6.2826666832
00867 1461243995.2852933407 6.2826666832
00868 1461243995.3053374290 6.2826666832
00869 1461243995.3254277706 6.2826666832
00870 1461243995.3452901840 6.2826666832
00871 1461243995.3653738499 6.2826666832
00872 1461243995.3855245113 6.2826666832
00873 1461243995.4078168869 6.2826666832
00874 1461243995.4252791405 6.2826666832
00875 1461243995.4454822540 6.3615436554
00876 1461243995.4652972221 6.3615436554
00877 1461243995.4852902889 6.3615436554
00878 1461243995.5074748993 6.3615436554
00879 1461243995.5252990723 6.3615436554
00880 1461243995.5453133583 6.4694738388
00881 1461243995.5653181076 6.4694738388
00882 1461243995.5855405331 6.4694738388
00883 1461243995.6075243950 6.4694738388
00884 1461243995.6252822876 6.4694738388
00885 1461243995.6457557678 6.6223158836
00886 1461243995.6654715538 6.6223158836
00887 1461243995.6860475540 6.6223158836
00888 1461243995.7076051235 6.6223158836
00889 1461243995.7258448601 6.6223158836
00890 1461243995.7453017235 6.7762808800
00891 1461243995.7654016018 6.7762808800
00892 1461243995.7856132984 6.7762808800
00893 1461243995.8078539371 6.7762808800
00894 1461243995.8253479004 6.7762808800
00895 1461243995.8455166817 6.9381051064
00896 1461243995.8654294014 6.9381051064
00897 1461243995.8852977753 6.9381051064
00898 1461243995.9074482918 6.9381051064
00899 1461243995.9253265858 6.9381051064
00900 1461243995.9454202652 7.1379647255
00901 1461243995.9658031464 7.1379647255
00902 1461243995.9857764244 7.1379647255
00903 1461243996.0079524517 7.1379647255
00904 1461243996.0252239704 7.1379647255
00905 1461243996.0455036163 7.3188772202
00906 1461243996.0653843880 7.3188772202
00907 1461243996.0853168964 7.3188772202
00908 1461243996.1071047783 7.3188772202
00909 1461243996.1251420975 7.3188772202
00910 1461243996.1454486847 7.5107369423
00911 1461243996.1652793884 7.5107369423
00912 1461243996.1853599548 7.5107369423
00913 1461243996.2090692520 7.5107369423
00914 1461243996.2268314362 7.5107369423
00915 1461243996.2453143597 7.7076492310
00916 1461243996.2654061317 7.7076492310
00917 1461243996.2853415012 7.7076492310
00918 1461243996.3068559170 7.7076492310
00919 1461243996.3260583878 7.7076492310
00920 1461243996.3452560902 7.9096140862
00921 1461243996.3655481339 7.9096140862
00922 1461243996.3861467838 7.9096140862
00923 1461243996.4073610306 7.9096140862
00924 1461243996.4253001213 7.9096140862
00925 1461243996.4453132153 8.1135435104
00926 1461243996.4652495384 8.1135435104
00927 1461243996.4855053425 8.1135435104
00928 1461243996.5070221424 8.1135435104
00929 1461243996.5252883434 8.1135435104
00930 1461243996.5453097820 8.3524208069
00931 1461243996.5654582977 8.3524208069
00932 1461243996.5855350494 8.3524208069
00933 1461243996.6073303223 8.3524208069
00934 1461243996.6253421307 8.3524208069
00935 1461243996.6453094482 8.5643510818
00936 1461243996.6652169228 8.5643510818
00937 1461243996.6853284836 8.5643510818
00938 1461243996.7072465420 8.5643510818
00939 1461243996.7252843380 8.5643510818
00940 1461243996.7453591824 8.7882108688
00941 1461243996.7654073238 8.7882108688
00942 1461243996.7854199409 8.7882108688
00943 1461243996.8074018955 8.7882108688
00944 1461243996.8252563477 8.7882108688
00945 1461243996.8456068039 8.9861049652
00946 1461243996.8654861450 8.9861049652
00947 1461243996.8853409290 8.9861049652
00948 1461243996.9074585438 8.9861049652
00949 1461243996.9252684116 8.9861049652
00950 1461243996.9456133842 9.2249822617
00951 1461243996.9656283855 9.2249822617
00952 1461243996.9854211807 9.2249822617
00953 1461243997.0073106289 9.2249822617
00954 1461243997.0252318382 9.2249822617
00955 1461243997.0455596447 9.4589471817
00956 1461243997.0653488636 9.4589471817
00957 1461243997.0853219032 9.4589471817
00958 1461243997.1073431969 9.4589471817
00959 1461243997.1251685619 9.4589471817
00960 1461243997.1455287933 9.6978244781
00961 1461243997.1657326221 9.6978244781
00962 1461243997.1855602264 9.6978244781
00963 1461243997.2075090408 9.6978244781
00964 1461243997.2258107662 9.6978244781
00965 1461243997.2452003956 9.9437189102
00966 1461243997.2652821541 9.9437189102
00967 1461243997.2853217125 9.9437189102
00968 1461243997.3073780537 9.9437189102
00969 1461243997.3252069950 9.9437189102
00970 1461243997.3469161987 10.1626663208
00971 1461243997.3653140068 10.1626663208
00972 1461243997.3852224350 10.1626663208
00973 1461243997.4071097374 10.1626663208
00974 1461243997.4255282879 10.1626663208
00975 1461243997.4458625317 10.3555088043
00976 1461243997.4651618004 10.3555088043
00977 1461243997.4851567745 10.3555088043
00978 1461243997.5058884621 10.3555088043
00979 1461243997.5252485275 10.3555088043
00980 1461243997.5451908112 10.3555088043
00981 1461243997.5652585030 10.3555088043
00982 1461243997.5853857994 10.3555088043
00983 1461243997.6051614285 10.3555088043
00984 1461243997.6254830360 10.3555088043
00985 1461243997.6455323696 10.3555088043
00986 1461243997.6653695107 10.3555088043
00987 1461243997.6851558685 10.3555088043
00988 1461243997.7074844837 10.3555088043
00989 1461243997.7254998684 10.3555088043
00990 1461243997.7455587387 10.2734031677
00991 1461243997.7652034760 10.2734031677
00992 1461243997.7852115631 10.2734031677
00993 1461243997.8078784943 10.2734031677
00994 1461243997.8261985779 10.1863861084
00995 1461243997.8451607227 10.1863861084
00996 1461243997.8655016422 10.1863861084
00997 1461243997.8855111599 10.1863861084
00998 1461243997.9081795216 10.1863861084
00999 1461243997.9264311790 10.1863861084
01000 1461243997.9451873302 9.9723510742
01001 1461243997.9653723240 9.9723510742
01002 1461243997.9851350784 9.9723510742
01003 1461243998.0074648857 9.9723510742
01004 1461243998.0255908966 9.6773328781
01005 1461243998.0452382565 9.6773328781
01006 1461243998.0655796528 9.6773328781
01007 1461243998.0855078697 9.6773328781
01008 1461243998.1077365875 9.6773328781
01009 1461243998.1255531311 9.6773328781
01010 1461243998.1452982426 9.3232278824
01011 1461243998.1652033329 9.3232278824
01012 1461243998.1854741573 9.3232278824
01013 1461243998.2076640129 9.3232278824
01014 1461243998.2252507210 9.3232278824
01015 1461243998.2451407909 8.9891929626
01016 1461243998.2656314373 8.9891929626
01017 1461243998.2851748466 8.9891929626
01018 1461243998.3075311184 8.9891929626
01019 1461243998.3258752823 8.9891929626
01020 1461243998.3451135159 8.6680698395
01021 1461243998.3651530743 8.6680698395
01022 1461243998.3853123188 8.6680698395
01023 1461243998.4073510170 8.6680698395
01024 1461243998.4252042770 8.6680698395
01025 1461243998.4451708794 8.3990173340
01026 1461243998.4654035568 8.3990173340
01027 1461243998.4851193428 8.3990173340
01028 1461243998.5078549385 8.3990173340
01029 1461243998.5250723362 8.3990173340
01030 1461243998.5451691151 8.1599998474
01031 1461243998.5652804375 8.1599998474
01032 1461243998.5865106583 8.1599998474
01033 1461243998.6074190140 8.1599998474
01034 1461243998.6259722710 8.1599998474
01035 1461243998.6451516151 7.9379649162
01036 1461243998.6651365757 7.9379649162
01037 1461243998.6854245663 7.9379649162
01038 1461243998.7073945999 7.9379649162
01039 1461243998.7257144451 7.9379649162
01040 1461243998.7451393604 7.7348771095
01041 1461243998.7652349472 7.7348771095
01042 1461243998.7852880955 7.7348771095
01043 1461243998.8072834015 7.7348771095
01044 1461243998.8250939846 7.7348771095
01045 1461243998.8454310894 7.5468068123
01046 1461243998.8652946949 7.5468068123
01047 1461243998.8850858212 7.5468068123
01048 1461243998.9072191715 7.5468068123
01049 1461243998.9256062508 7.5468068123
01050 1461243998.9450523853 7.3657546043
01051 1461243998.9654078484 7.3657546043
01052 1461243998.9853224754 7.3657546043
01053 1461243999.0074641705 7.3657546043
01054 1461243999.0270535946 7.3657546043
01055 1461243999.0451905727 7.1677193642
01056 1461243999.0651290417 7.1677193642
01057 1461243999.0859396458 7.1677193642
01058 1461243999.1071949005 7.1677193642
01059 1461243999.1250205040 7.1677193642
01060 1461243999.1453561783 6.9776840210
01061 1461243999.1653265953 6.9776840210
01062 1461243999.1853618622 6.9776840210
01063 1461243999.2079415321 6.9776840210
01064 1461243999.2251427174 6.9776840210
01065 1461243999.2456059456 6.7896142006
01066 1461243999.2651422024 6.7896142006
01067 1461243999.2858734131 6.7896142006
01068 1461243999.3073372841 6.7896142006
01069 1461243999.3251087666 6.7896142006
01070 1461243999.3452141285 6.6035089493
01071 1461243999.3651008606 6.6035089493
01072 1461243999.3852026463 6.6035089493
01073 1461243999.4073617458 6.6035089493
01074 1461243999.4250712395 6.6035089493
01075 1461243999.4456324577 6.4204912186
01076 1461243999.4655594826 6.4204912186
01077 1461243999.4855713844 6.4204912186
01078 1461243999.5071532726 6.4204912186
01079 1461243999.5254013538 6.4204912186
01080 1461243999.5451529026 6.2614736557
01081 1461243999.5650517941 6.2614736557
01082 1461243999.5856294632 6.2614736557
01083 1461243999.6068999767 6.2614736557
01084 1461243999.6257894039 6.2614736557
01085 1461243999.6451201439 6.1044211388
01086 1461243999.6651794910 6.1044211388
01087 1461243999.6852135658 6.1044211388
01088 1461243999.7078762054 6.1044211388
01089 1461243999.7249798775 6.1044211388
01090 1461243999.7452769279 5.9723510742
01091 1461243999.7658736706 5.9723510742
01092 1461243999.7850937843 5.9723510742
01093 1461243999.8072934151 5.9723510742
01094 1461243999.8258666992 5.9723510742
01095 1461243999.8452348709 5.8623156548
01096 1461243999.8655250072 5.8623156548
01097 1461243999.8850445747 5.8623156548
01098 1461243999.9051625729 5.8623156548
01099 1461243999.9250700474 5.8623156548
01100 1461243999.9456222057 5.8623156548
01101 1461243999.9650738239 5.8623156548
01102 1461243999.9850394726 5.8623156548
01103 1461244000.0055267811 5.8623156548
01104 1461244000.0254282951 5.8623156548
01105 1461244000.0450234413 5.8623156548
01106 1461244000.0650122166 5.8623156548
01107 1461244000.0850620270 5.8623156548
01108 1461244000.1053524017 5.8623156548
01109 1461244000.1253244877 5.8623156548
01110 1461244000.1451373100 5.8623156548
01111 1461244000.1650772095 5.8623156548
01112 1461244000.1852459908 5.8623156548
01113 1461244000.2083389759 5.8623156548
01114 1461244000.2266216278 5.8623156548
01115 1461244000.2457582951 5.8623156548
01116 1461244000.2657558918 5.8623156548
01117 1461244000.2850549221 5.8623156548
01118 1461244000.3050720692 5.8623156548
01119 1461244000.3250823021 5.8623156548
01120 1461244000.3452122211 5.8623156548
01121 1461244000.3651468754 5.8623156548
01122 1461244000.3853423595 5.8623156548
01123 1461244000.4072108269 5.8623156548
01124 1461244000.4250130653 5.8623156548
01125 1461244000.4450254440 5.7562103271
01126 1461244000.4652891159 5.7562103271
01127 1461244000.4849865437 5.7562103271
01128 1461244000.5069324970 5.7562103271
01129 1461244000.5250771046 5.7562103271
01130 1461244000.5451581478 5.6571226120
01131 1461244000.5651111603 5.6571226120
01132 1461244000.5850846767 5.6571226120
01133 1461244000.6069347858 5.6571226120
01134 1461244000.6251597404 5.6571226120
01135 1461244000.6449978352 5.5461053848
01136 1461244000.6654119492 5.5461053848
01137 1461244000.6852388382 5.5461053848
01138 1461244000.7072093487 5.5461053848
01139 1461244000.7251605988 5.5461053848
01140 1461244000.7450547218 5.4249825478
01141 1461244000.7659616470 5.4249825478
01142 1461244000.7850680351 5.4249825478
01143 1461244000.8068659306 5.4249825478
01144 1461244000.8253507614 5.4249825478
01145 1461244000.8453023434 5.2899646759
01146 1461244000.8649711609 5.2899646759
01147 1461244000.8852927685 5.2899646759
01148 1461244000.9071116447 5.2899646759
01149 1461244000.9250404835 5.2899646759
01150 1461244000.9449923038 5.1409120560
01151 1461244000.9651992321 5.1409120560
01152 1461244000.9857165813 5.1409120560
01153 1461244001.0072832108 5.1409120560
01154 1461244001.0253283978 5.1409120560
01155 1461244001.0453989506 4.9758596420
01156 1461244001.0655121803 4.9758596420
01157 1461244001.0853781700 4.9758596420
01158 1461244001.1068675518 4.9758596420
01159 1461244001.1255950928 4.9758596420
01160 1461244001.1449849606 4.8568420410
01161 1461244001.1650071144 4.8568420410
01162 1461244001.1854860783 4.8568420410
01163 1461244001.2070748806 4.8568420410
01164 1461244001.2249948978 4.8568420410
01165 1461244001.2457277775 4.7597193718
01166 1461244001.2651655674 4.7597193718
01167 1461244001.2850232124 4.7597193718
01168 1461244001.3052854538 4.7597193718
01169 1461244001.3250017166 4.7597193718
01170 1461244001.3451871872 4.7597193718
01171 1461244001.3649902344 4.7597193718
01172 1461244001.3849718571 4.7597193718
01173 1461244001.4051437378 4.7597193718
01174 1461244001.4251098633 4.7597193718
01175 1461244001.4449450970 4.7597193718
01176 1461244001.4649386406 4.7597193718
01177 1461244001.4850058556 4.7597193718
01178 1461244001.5072057247 4.7597193718
01179 1461244001.5250728130 4.7597193718
01180 1461244001.5450527668 4.7755789757
01181 1461244001.5649139881 4.7755789757
01182 1461244001.5849907398 4.7755789757
01183 1461244001.6068987846 4.7755789757
01184 1461244001.6249768734 4.7755789757
01185 1461244001.6451444626 4.8374738693
01186 1461244001.6649808884 4.8374738693
01187 1461244001.6850054264 4.8374738693
01188 1461244001.7067720890 4.8374738693
01189 1461244001.7249560356 4.8374738693
01190 1461244001.7451329231 4.9534034729
01191 1461244001.7667217255 4.9534034729
01192 1461244001.7849326134 4.9534034729
01193 1461244001.8072988987 4.9534034729
01194 1461244001.8264751434 4.9534034729
01195 1461244001.8457105160 5.1682806015
01196 1461244001.8667960167 5.1682806015
01197 1461244001.8849732876 5.1682806015
01198 1461244001.9071159363 5.1682806015
01199 1461244001.9251852036 5.1682806015
01200 1461244001.9456572533 5.4071578979
01201 1461244001.9649343491 5.4071578979
01202 1461244001.9849371910 5.4071578979
01203 1461244002.0074794292 5.4071578979
01204 1461244002.0254533291 5.4071578979
01205 1461244002.0448627472 5.6750879288
01206 1461244002.0649974346 5.6750879288
01207 1461244002.0854346752 5.6750879288
01208 1461244002.1074016094 5.6750879288
01209 1461244002.1249647141 5.6750879288
01210 1461244002.1453409195 5.9679999352
01211 1461244002.1649222374 5.9679999352
01212 1461244002.1849794388 5.9679999352
01213 1461244002.2072246075 5.9679999352
01214 1461244002.2254772186 5.9679999352
01215 1461244002.2449061871 6.2609124184
01216 1461244002.2652680874 6.2609124184
01217 1461244002.2850201130 6.2609124184
01218 1461244002.3071146011 6.2609124184
01219 1461244002.3252017498 6.2609124184
01220 1461244002.3450691700 6.5708069801
01221 1461244002.3649077415 6.5708069801
01222 1461244002.3857150078 6.5708069801
01223 1461244002.4072222710 6.5708069801
01224 1461244002.4252967834 6.5708069801
01225 1461244002.4452157021 6.8416843414
01226 1461244002.4649803638 6.8416843414
01227 1461244002.4849803448 6.8416843414
01228 1461244002.5074012280 6.8416843414
01229 1461244002.5252490044 6.8416843414
01230 1461244002.5448980331 7.1265964508
01231 1461244002.5652468204 7.1265964508
01232 1461244002.5851521492 7.1265964508
01233 1461244002.6070671082 7.1265964508
01234 1461244002.6251986027 7.1265964508
01235 1461244002.6447894573 7.3884911537
01236 1461244002.6651194096 7.3884911537
01237 1461244002.6851878166 7.3884911537
01238 1461244002.7067856789 7.3884911537
01239 1461244002.7248976231 7.3884911537
01240 1461244002.7452244759 7.6574034691
01241 1461244002.7651274204 7.6574034691
01242 1461244002.7849168777 7.6574034691
01243 1461244002.8077905178 7.6574034691
01244 1461244002.8252258301 7.6574034691
01245 1461244002.8448996544 7.9272980690
01246 1461244002.8648881912 7.9272980690
01247 1461244002.8854684830 7.9272980690
01248 1461244002.9069862366 7.9272980690
01249 1461244002.9268836975 7.9272980690
01250 1461244002.9456815720 8.2042102814
01251 1461244002.9656171799 8.2042102814
01252 1461244002.9851107597 8.2042102814
01253 1461244003.0071773529 8.2042102814
01254 1461244003.0249385834 8.2042102814
01255 1461244003.0450899601 8.4871578217
01256 1461244003.0649521351 8.4871578217
01257 1461244003.0850841999 8.4871578217
01258 1461244003.1070718765 8.4871578217
01259 1461244003.1248261929 8.4871578217
01260 1461244003.1451444626 8.7800703049
01261 1461244003.1649065018 8.7800703049
01262 1461244003.1848742962 8.7800703049
01263 1461244003.2069120407 8.7800703049
01264 1461244003.2253880501 8.7800703049
01265 1461244003.2448673248 9.0499649048
01266 1461244003.2647998333 9.0499649048
01267 1461244003.2850046158 9.0499649048
01268 1461244003.3070440292 9.0499649048
01269 1461244003.3249084949 9.0499649048
01270 1461244003.3449230194 9.3329124451
01271 1461244003.3649947643 9.3329124451
01272 1461244003.3859176636 9.3329124451
01273 1461244003.4078111649 9.3329124451
01274 1461244003.4253849983 9.3329124451
01275 1461244003.4448153973 9.5858249664
01276 1461244003.4648334980 9.5858249664
01277 1461244003.4848005772 9.5858249664
01278 1461244003.5069653988 9.5858249664
01279 1461244003.5248389244 9.5858249664
01280 1461244003.5450148582 9.8116493225
01281 1461244003.5647492409 9.8116493225
01282 1461244003.5848646164 9.8116493225
01283 1461244003.6067497730 9.8116493225
01284 1461244003.6248338223 9.8116493225
01285 1461244003.6448857784 10.0395793915
01286 1461244003.6648499966 10.0395793915
01287 1461244003.6848599911 10.0395793915
01288 1461244003.7068178654 10.0395793915
01289 1461244003.7249286175 10.0395793915
01290 1461244003.7449634075 10.1945266724
01291 1461244003.7649035454 10.1945266724
01292 1461244003.7848749161 10.1945266724
01293 1461244003.8050596714 10.1945266724
01294 1461244003.8248863220 10.1945266724
01295 1461244003.8447616100 10.1945266724
01296 1461244003.8648829460 10.1945266724
01297 1461244003.8852014542 10.1945266724
01298 1461244003.9051609039 10.1945266724
01299 1461244003.9249844551 10.1945266724
01300 1461244003.9447588921 10.1945266724
01301 1461244003.9647691250 10.1945266724
01302 1461244003.9849157333 10.1945266724
01303 1461244004.0050337315 10.1945266724
01304 1461244004.0247554779 10.1945266724
01305 1461244004.0448367596 10.1945266724
01306 1461244004.0647726059 10.1945266724
01307 1461244004.0852355957 10.1945266724
01308 1461244004.1058700085 10.1945266724
01309 1461244004.1255283356 10.1945266724
01310 1461244004.1447834969 10.1945266724
01311 1461244004.1648867130 10.1945266724
01312 1461244004.1847848892 10.1945266724
01313 1461244004.2049772739 10.1945266724
01314 1461244004.2248020172 10.1945266724
01315 1461244004.2449464798 10.1945266724
01316 1461244004.2649490833 10.1945266724
01317 1461244004.2849566936 10.1945266724
01318 1461244004.3050081730 10.1945266724
01319 1461244004.3250210285 10.1945266724
01320 1461244004.3448603153 10.1945266724
01321 1461244004.3646888733 10.1945266724
01322 1461244004.3850429058 10.1945266724
01323 1461244004.4047682285 10.1945266724
01324 1461244004.4247920513 10.1945266724
01325 1461244004.4448263645 10.1945266724
01326 1461244004.4649841785 10.1945266724
01327 1461244004.4847671986 10.1945266724
01328 1461244004.5070734024 10.1945266724
01329 1461244004.5248076916 10.1945266724
01330 1461244004.5447659492 10.1465263367
01331 1461244004.5648381710 10.1465263367
01332 1461244004.5848813057 10.1114387512
01333 1461244004.6071100235 10.1114387512
01334 1461244004.6248660088 10.1114387512
01335 1461244004.6447453499 10.1114387512
01336 1461244004.6653420925 10.1114387512
01337 1461244004.6855680943 10.1114387512
01338 1461244004.7066807747 10.1114387512
01339 1461244004.7260262966 10.1114387512
01340 1461244004.7455520630 10.0133333206
01341 1461244004.7653999329 10.0133333206
01342 1461244004.7852239609 10.0133333206
01343 1461244004.8070616722 10.0133333206
01344 1461244004.8249433041 10.0133333206
01345 1461244004.8448812962 9.9202804565
01346 1461244004.8647985458 9.9202804565
01347 1461244004.8848230839 9.9202804565
01348 1461244004.9065077305 9.9202804565
01349 1461244004.9255433083 9.9202804565
01350 1461244004.9450378418 9.7971925735
01351 1461244004.9650387764 9.7971925735
01352 1461244004.9848613739 9.7971925735
01353 1461244005.0048508644 9.7971925735
01354 1461244005.0249865055 9.7971925735
01355 1461244005.0451736450 9.7971925735
01356 1461244005.0651531219 9.7971925735
01357 1461244005.0854270458 9.7971925735
01358 1461244005.1047677994 9.7971925735
01359 1461244005.1247649193 9.7971925735
01360 1461244005.1453177929 9.7971925735
01361 1461244005.1652317047 9.7971925735
01362 1461244005.1847028732 9.7971925735
01363 1461244005.2048795223 9.7971925735
01364 1461244005.2248246670 9.7971925735
01365 1461244005.2447934151 9.7971925735
01366 1461244005.2651107311 9.7971925735
01367 1461244005.2851643562 9.7971925735
01368 1461244005.3069276810 9.7971925735
01369 1461244005.3260908127 9.7971925735
01370 1461244005.3455231190 9.9431581497
01371 1461244005.3657276630 9.9431581497
01372 1461244005.3859937191 9.9431581497
01373 1461244005.4070622921 9.9431581497
01374 1461244005.4246931076 9.9431581497
01375 1461244005.4452452660 10.0959997177
01376 1461244005.4647276402 10.0959997177
01377 1461244005.4848411083 10.0959997177
01378 1461244005.5069797039 10.0959997177
01379 1461244005.5249707699 10.0959997177
01380 1461244005.5448279381 10.3578948975
01381 1461244005.5649311543 10.3578948975
01382 1461244005.5847473145 10.3578948975
01383 1461244005.6065948009 10.3578948975
01384 1461244005.6252861023 10.3578948975
01385 1461244005.6447770596 10.7337541580
01386 1461244005.6649813652 10.7337541580
01387 1461244005.6847648621 10.7337541580
01388 1461244005.7068169117 10.7337541580
01389 1461244005.7248814106 10.7337541580
01390 1461244005.7449066639 11.2426662445
01391 1461244005.7648384571 11.2426662445
01392 1461244005.7847995758 11.2426662445
01393 1461244005.8073651791 11.2426662445
01394 1461244005.8246960640 11.2426662445
01395 1461244005.8447108269 11.7416143417
01396 1461244005.8651533127 11.7416143417
01397 1461244005.8851993084 11.7416143417
01398 1461244005.9070644379 11.7416143417
01399 1461244005.9252176285 11.7416143417
01400 1461244005.9446101189 12.2944564819
01401 1461244005.9649574757 12.2944564819
01402 1461244005.9846777916 12.2944564819
01403 1461244006.0064771175 12.2944564819
01404 1461244006.0247230530 12.2944564819
01405 1461244006.0464775562 12.7432985306
01406 1461244006.0647311211 12.7432985306
01407 1461244006.0846993923 12.7432985306
01408 1461244006.1068305969 12.7432985306
01409 1461244006.1254804134 12.7432985306
01410 1461244006.1447958946 13.1821756363
01411 1461244006.1646692753 13.1821756363
01412 1461244006.1847047806 13.1821756363
01413 1461244006.2069270611 13.1821756363
01414 1461244006.2247166634 13.1821756363
01415 1461244006.2447662354 13.5260353088
01416 1461244006.2646882534 13.5260353088
01417 1461244006.2846431732 13.5260353088
01418 1461244006.3065714836 13.5260353088
01419 1461244006.3246786594 13.5260353088
01420 1461244006.3447113037 13.8698949814
01421 1461244006.3646938801 13.8698949814
01422 1461244006.3847923279 13.8698949814
01423 1461244006.4073045254 13.8698949814
01424 1461244006.4246916771 14.1897544861
01425 1461244006.4446494579 14.1897544861
01426 1461244006.4646303654 14.1897544861
01427 1461244006.4846756458 14.1897544861
01428 1461244006.5066213608 14.1897544861
01429 1461244006.5246973038 14.4506664276
01430 1461244006.5449926853 14.4506664276
01431 1461244006.5649373531 14.4506664276
01432 1461244006.5847833157 14.4506664276
01433 1461244006.6046614647 14.4506664276
01434 1461244006.6248824596 14.4506664276
01435 1461244006.6449096203 14.4506664276
01436 1461244006.6647310257 14.4506664276
01437 1461244006.6850178242 14.4506664276
01438 1461244006.7046709061 14.4506664276
01439 1461244006.7245795727 14.4506664276
01440 1461244006.7448647022 14.4506664276
01441 1461244006.7650487423 14.4506664276
01442 1461244006.7852671146 14.4506664276
01443 1461244006.8046019077 14.4506664276
01444 1461244006.8252258301 14.4506664276
01445 1461244006.8449654579 14.4506664276
01446 1461244006.8648772240 14.4506664276
01447 1461244006.8846564293 14.4506664276
01448 1461244006.9046578407 14.4506664276
01449 1461244006.9247870445 14.4506664276
01450 1461244006.9448864460 14.4506664276
01451 1461244006.9646353722 14.4506664276
01452 1461244006.9847357273 14.4506664276
01453 1461244007.0070688725 14.4506664276
01454 1461244007.0246601105 14.4506664276
01455 1461244007.0446143150 14.7115793228
01456 1461244007.0655424595 14.7115793228
01457 1461244007.0848808289 14.7115793228
01458 1461244007.1067881584 14.7115793228
01459 1461244007.1248550415 15.0244207382
01460 1461244007.1449737549 15.0244207382
01461 1461244007.1648497581 15.0244207382
01462 1461244007.1846151352 15.0244207382
01463 1461244007.2066085339 15.0244207382
01464 1461244007.2246305943 15.0244207382
01465 1461244007.2451932430 15.3323507309
01466 1461244007.2651314735 15.3323507309
01467 1461244007.2846610546 15.3323507309
01468 1461244007.3069577217 15.3323507309
01469 1461244007.3253040314 15.3323507309
01470 1461244007.3447430134 15.7023153305
01471 1461244007.3644933701 15.7023153305
01472 1461244007.3846490383 15.7023153305
01473 1461244007.4066822529 15.7023153305
01474 1461244007.4246966839 15.7023153305
01475 1461244007.4450533390 16.0801410675
01476 1461244007.4647490978 16.0801410675
01477 1461244007.4845879078 16.0801410675
01478 1461244007.5066156387 16.0801410675
01479 1461244007.5249328613 16.0801410675
01480 1461244007.5446710587 16.3640708923
01481 1461244007.5646297932 16.3640708923
01482 1461244007.5850284100 16.3640708923
01483 1461244007.6072838306 16.3640708923
01484 1461244007.6248879433 16.7910175323
01485 1461244007.6448938847 16.7910175323
01486 1461244007.6646008492 16.7910175323
01487 1461244007.6848847866 16.7910175323
01488 1461244007.7065885067 16.7910175323
01489 1461244007.7254850864 16.7910175323
01490 1461244007.7449357510 17.0868778229
01491 1461244007.7648420334 17.0868778229
01492 1461244007.7846679688 17.0868778229
01493 1461244007.8045899868 17.0868778229
01494 1461244007.8258540630 17.0868778229
01495 1461244007.8446185589 17.0868778229
01496 1461244007.8646376133 17.0868778229
01497 1461244007.8847820759 17.0868778229
01498 1461244007.9046084881 17.0868778229
01499 1461244007.9246749878 17.0868778229
01500 1461244007.9446029663 17.0868778229
01501 1461244007.9647088051 17.0868778229
01502 1461244007.9847507477 17.0868778229
01503 1461244008.0047791004 17.0868778229
01504 1461244008.0247097015 17.0868778229
01505 1461244008.0447726250 17.0868778229
01506 1461244008.0647511482 17.0868778229
01507 1461244008.0845863819 17.0868778229
01508 1461244008.1068713665 17.0868778229
01509 1461244008.1246149540 17.0868778229
01510 1461244008.1446101665 16.9448413849
01511 1461244008.1645965576 16.9448413849
01512 1461244008.1847281456 16.9448413849
01513 1461244008.2064287663 16.9448413849
01514 1461244008.2246370316 16.9448413849
01515 1461244008.2448918819 16.6908073425
01516 1461244008.2645962238 16.6908073425
01517 1461244008.2847859859 16.6908073425
01518 1461244008.3065087795 16.6908073425
01519 1461244008.3245856762 16.6908073425
01520 1461244008.3445854187 16.1687011719
01521 1461244008.3651723862 16.1687011719
01522 1461244008.3850700855 16.1687011719
01523 1461244008.4066169262 16.1687011719
01524 1461244008.4252870083 16.1687011719
01525 1461244008.4445064068 15.4346666336
01526 1461244008.4645309448 15.4346666336
01527 1461244008.4846632481 15.4346666336
01528 1461244008.5077862740 15.4346666336
01529 1461244008.5247168541 15.4346666336
01530 1461244008.5446808338 14.7785263062
01531 1461244008.5645489693 14.7785263062
01532 1461244008.5850288868 14.7785263062
01533 1461244008.6064100266 14.7785263062
01534 1461244008.6250870228 14.7785263062
01535 1461244008.6446921825 13.9863862991
01536 1461244008.6647419930 13.9863862991
01537 1461244008.6844842434 13.9863862991
01538 1461244008.7069685459 13.9863862991
01539 1461244008.7248842716 13.9863862991
01540 1461244008.7444682121 13.2843513489
01541 1461244008.7647440434 13.2843513489
01542 1461244008.7848403454 13.2843513489
01543 1461244008.8067364693 13.2843513489
01544 1461244008.8256857395 13.2843513489
01545 1461244008.8445281982 12.8182458878
01546 1461244008.8645968437 12.8182458878
01547 1461244008.8851435184 12.8182458878
01548 1461244008.9065535069 12.8182458878
01549 1461244008.9251942635 12.8182458878
01550 1461244008.9444527626 12.4752283096
01551 1461244008.9652135372 12.4752283096
01552 1461244008.9845473766 12.4752283096
01553 1461244009.0073206425 12.4752283096
01554 1461244009.0245447159 12.4752283096
01555 1461244009.0447294712 11.9701051712
01556 1461244009.0650098324 11.9701051712
01557 1461244009.0848100185 11.9701051712
01558 1461244009.1068520546 11.9701051712
01559 1461244009.1250488758 11.9701051712
01560 1461244009.1445317268 11.5250530243
01561 1461244009.1652216911 11.5250530243
01562 1461244009.1845641136 11.5250530243
01563 1461244009.2071573734 11.5250530243
01564 1461244009.2248439789 11.5250530243
01565 1461244009.2445874214 11.0860347748
01566 1461244009.2647156715 11.0860347748
01567 1461244009.2844212055 11.0860347748
01568 1461244009.3081245422 11.0860347748
01569 1461244009.3248016834 11.0860347748
01570 1461244009.3446133137 10.7190179825
01571 1461244009.3647778034 10.7190179825
01572 1461244009.3846530914 10.7190179825
01573 1461244009.4071564674 10.7190179825
01574 1461244009.4270668030 10.7190179825
01575 1461244009.4445848465 10.3578948975
01576 1461244009.4645164013 10.3578948975
01577 1461244009.4844896793 10.3578948975
01578 1461244009.5068154335 10.3578948975
01579 1461244009.5246682167 10.3578948975
01580 1461244009.5447571278 10.0668067932
01581 1461244009.5647823811 10.0668067932
01582 1461244009.5844902992 10.0668067932
01583 1461244009.6066346169 10.0668067932
01584 1461244009.6252334118 10.0668067932
01585 1461244009.6453602314 9.8477191925
01586 1461244009.6644225121 9.8477191925
01587 1461244009.6846432686 9.8477191925
01588 1461244009.7066941261 9.8477191925
01589 1461244009.7245411873 9.8477191925
01590 1461244009.7444918156 9.6766319275
01591 1461244009.7644684315 9.6766319275
01592 1461244009.7849049568 9.6766319275
01593 1461244009.8068060875 9.6766319275
01594 1461244009.8243849277 9.6766319275
01595 1461244009.8451781273 9.5235090256
01596 1461244009.8649346828 9.5235090256
01597 1461244009.8844361305 9.5235090256
01598 1461244009.9044456482 9.5235090256
01599 1461244009.9244728088 9.5235090256
01600 1461244009.9444022179 9.5235090256
01601 1461244009.9644937515 9.5235090256
01602 1461244009.9866662025 9.5235090256
01603 1461244010.0046727657 9.5235090256
01604 1461244010.0244657993 9.5235090256
01605 1461244010.0444810390 9.5235090256
01606 1461244010.0646727085 9.5235090256
01607 1461244010.0847730637 9.5235090256
01608 1461244010.1044733524 9.5235090256
01609 1461244010.1244554520 9.5235090256
01610 1461244010.1445627213 9.5235090256
01611 1461244010.1645996571 9.5235090256
01612 1461244010.1846332550 9.5235090256
01613 1461244010.2046442032 9.5235090256
01614 1461244010.2244901657 9.5235090256
01615 1461244010.2444953918 9.5235090256
01616 1461244010.2645304203 9.5235090256
01617 1461244010.2845199108 9.5235090256
01618 1461244010.3044059277 9.5235090256
01619 1461244010.3248140812 9.5235090256
01620 1461244010.3456757069 9.5235090256
01621 1461244010.3651347160 9.5235090256
01622 1461244010.3852860928 9.5235090256
01623 1461244010.4080700874 9.5235090256
01624 1461244010.4251344204 9.5235090256
01625 1461244010.4451060295 9.5235090256
01626 1461244010.4644610882 9.5235090256
01627 1461244010.4845082760 9.5235090256
01628 1461244010.5048573017 9.5235090256
01629 1461244010.5247912407 9.5235090256
01630 1461244010.5443820953 9.5235090256
01631 1461244010.5645511150 9.5235090256
01632 1461244010.5846121311 9.5235090256
01633 1461244010.6044621468 9.5235090256
01634 1461244010.6244268417 9.5235090256
01635 1461244010.6444547176 9.5235090256
01636 1461244010.6651549339 9.5235090256
01637 1461244010.6844949722 9.5235090256
01638 1461244010.7047500610 9.5235090256
01639 1461244010.7244195938 9.5235090256
01640 1461244010.7445762157 9.5235090256
01641 1461244010.7644836903 9.5235090256
01642 1461244010.7844169140 9.5235090256
01643 1461244010.8044738770 9.5235090256
01644 1461244010.8244106770 9.5235090256
01645 1461244010.8450086117 9.5235090256
01646 1461244010.8647027016 9.5235090256
01647 1461244010.8843519688 9.5235090256
01648 1461244010.9043810368 9.5235090256
01649 1461244010.9245789051 9.5235090256
01650 1461244010.9447548389 9.5235090256
01651 1461244010.9643731117 9.5235090256
01652 1461244010.9844653606 9.5235090256
01653 1461244011.0045473576 9.5235090256
01654 1461244011.0246381760 9.5235090256
01655 1461244011.0450112820 9.5235090256
01656 1461244011.0644078255 9.5235090256
01657 1461244011.0846426487 9.5235090256
01658 1461244011.1047596931 9.5235090256
01659 1461244011.1248304844 9.5235090256
01660 1461244011.1444020271 9.5235090256
01661 1461244011.1648619175 9.5235090256
01662 1461244011.1846098900 9.5235090256
01663 1461244011.2044482231 9.5235090256
01664 1461244011.2244632244 9.5235090256
01665 1461244011.2443876266 9.5235090256
01666 1461244011.2643892765 9.5235090256
01667 1461244011.2848892212 9.5235090256
01668 1461244011.3043463230 9.5235090256
01669 1461244011.3244206905 9.5235090256
01670 1461244011.3444733620 9.5235090256
01671 1461244011.3652081490 9.5235090256
01672 1461244011.3844394684 9.5235090256
01673 1461244011.4044587612 9.5235090256
01674 1461244011.4250955582 9.5235090256
01675 1461244011.4443006516 9.5235090256
01676 1461244011.4642975330 9.5235090256
01677 1461244011.4843707085 9.5235090256
01678 1461244011.5043497086 9.5235090256
01679 1461244011.5243940353 9.5235090256
01680 1461244011.5443534851 9.5235090256
01681 1461244011.5643575191 9.5235090256
01682 1461244011.5843424797 9.5235090256
01683 1461244011.6062271595 9.5235090256
01684 1461244011.6243386269 9.5235090256
01685 1461244011.6443371773 9.5854034424
01686 1461244011.6643836498 9.5854034424
01687 1461244011.6843886375 9.5854034424
01688 1461244011.7043306828 9.5854034424
01689 1461244011.7243978977 9.5854034424
01690 1461244011.7442917824 9.5854034424
01691 1461244011.7645730972 9.5854034424
01692 1461244011.7843999863 9.5854034424
01693 1461244011.8045823574 9.5854034424
01694 1461244011.8242795467 9.5854034424
01695 1461244011.8447396755 9.5854034424
01696 1461244011.8648104668 9.5854034424
01697 1461244011.8843584061 9.5854034424
01698 1461244011.9052965641 9.5854034424
01699 1461244011.9243905544 9.5854034424
01700 1461244011.9444084167 9.5854034424
01701 1461244011.9643077850 9.5854034424
01702 1461244011.9843370914 9.5854034424
01703 1461244012.0062777996 9.5854034424
01704 1461244012.0243062973 9.6373329163
01705 1461244012.0442850590 9.6373329163
01706 1461244012.0644221306 9.6373329163
01707 1461244012.0844073296 9.6373329163
01708 1461244012.1062464714 9.7162103653
01709 1461244012.1243231297 9.7162103653
01710 1461244012.1442871094 9.7162103653
01711 1461244012.1643264294 9.7162103653
01712 1461244012.1843512058 9.7162103653
01713 1461244012.2063150406 9.7162103653
01714 1461244012.2242774963 9.7162103653
01715 1461244012.2451441288 9.8190879822
01716 1461244012.2642135620 9.8190879822
01717 1461244012.2849793434 9.8190879822
01718 1461244012.3072381020 9.8190879822
01719 1461244012.3250465393 9.9459648132
01720 1461244012.3450777531 9.9459648132
01721 1461244012.3642008305 9.9459648132
01722 1461244012.3844680786 9.9459648132
01723 1461244012.4064486027 9.9459648132
01724 1461244012.4243021011 9.9459648132
01725 1461244012.4443745613 10.1089124680
01726 1461244012.4642901421 10.1089124680
01727 1461244012.4846866131 10.1089124680
01728 1461244012.5063891411 10.1089124680
01729 1461244012.5245008469 10.1089124680
01730 1461244012.5445618629 10.3427371979
01731 1461244012.5645351410 10.3427371979
01732 1461244012.5847055912 10.3427371979
01733 1461244012.6060736179 10.3427371979
01734 1461244012.6247346401 10.3427371979
01735 1461244012.6443197727 10.5767021179
01736 1461244012.6647222042 10.5767021179
01737 1461244012.6844544411 10.5767021179
01738 1461244012.7067246437 10.5767021179
01739 1461244012.7263092995 10.5767021179
01740 1461244012.7443609238 10.8676490784
01741 1461244012.7643244267 10.8676490784
01742 1461244012.7845888138 10.8676490784
01743 1461244012.8062653542 10.8676490784
01744 1461244012.8244502544 10.8676490784
01745 1461244012.8444740772 11.1745967865
01746 1461244012.8643324375 11.1745967865
01747 1461244012.8843867779 11.1745967865
01748 1461244012.9061081409 11.1745967865
01749 1461244012.9242699146 11.1745967865
01750 1461244012.9442162514 11.5445613861
01751 1461244012.9642510414 11.5445613861
01752 1461244012.9841477871 11.5445613861
01753 1461244013.0067808628 11.5445613861
01754 1461244013.0245320797 11.5445613861
01755 1461244013.0442628860 11.9254732132
01756 1461244013.0645864010 11.9254732132
01757 1461244013.0843214989 11.9254732132
01758 1461244013.1065530777 11.9254732132
01759 1461244013.1242678165 11.9254732132
01760 1461244013.1442420483 12.2833681107
01761 1461244013.1647882462 12.2833681107
01762 1461244013.1846382618 12.2833681107
01763 1461244013.2065420151 12.2833681107
01764 1461244013.2244713306 12.2833681107
01765 1461244013.2442891598 12.6611928940
01766 1461244013.2642714977 12.6611928940
01767 1461244013.2844851017 12.6611928940
01768 1461244013.3065125942 12.6611928940
01769 1461244013.3248217106 12.6611928940
01770 1461244013.3446586132 12.9580354691
01771 1461244013.3641927242 12.9580354691
01772 1461244013.3842310905 12.9580354691
01773 1461244013.4070248604 12.9580354691
01774 1461244013.4251754284 12.9580354691
01775 1461244013.4442677498 13.2679300308
01776 1461244013.4642388821 13.2679300308
01777 1461244013.4842317104 13.2679300308
01778 1461244013.5062928200 13.2679300308
01779 1461244013.5255074501 13.2679300308
01780 1461244013.5449750423 13.5698242187
01781 1461244013.5654361248 13.5698242187
01782 1461244013.5856938362 13.5698242187
01783 1461244013.6078743935 13.5698242187
01784 1461244013.6245148182 13.5698242187
01785 1461244013.6444611549 13.9177541733
01786 1461244013.6644172668 13.9177541733
01787 1461244013.6846852303 13.9177541733
01788 1461244013.7063331604 13.9177541733
01789 1461244013.7248311043 13.9177541733
01790 1461244013.7442626953 14.2576837540
01791 1461244013.7646679878 14.2576837540
01792 1461244013.7842273712 14.2576837540
01793 1461244013.8059890270 14.2576837540
01794 1461244013.8242676258 14.2576837540
01795 1461244013.8444936275 14.6115083694
01796 1461244013.8643391132 14.6115083694
01797 1461244013.8847618103 14.6115083694
01798 1461244013.9064943790 14.6115083694
01799 1461244013.9243001938 14.6115083694
01800 1461244013.9444777966 14.9264564514
01801 1461244013.9649841785 14.9264564514
01802 1461244013.9842071533 14.9264564514
01803 1461244014.0064318180 14.9264564514
01804 1461244014.0255942345 14.9264564514
01805 1461244014.0443246365 15.2072982788
01806 1461244014.0642802715 15.2072982788
01807 1461244014.0842242241 15.2072982788
01808 1461244014.1066615582 15.2072982788
01809 1461244014.1242365837 15.2072982788
01810 1461244014.1443974972 15.5482101440
01811 1461244014.1642580032 15.5482101440
01812 1461244014.1842381954 15.5482101440
01813 1461244014.2064213753 15.5482101440
01814 1461244014.2242202759 15.5482101440
01815 1461244014.2441904545 15.8231582642
01816 1461244014.2643444538 15.8231582642
01817 1461244014.2841355801 15.8231582642
01818 1461244014.3045077324 15.8231582642
01819 1461244014.3245065212 15.8231582642
01820 1461244014.3446762562 15.8231582642
01821 1461244014.3642065525 15.8231582642
01822 1461244014.3842382431 15.8231582642
01823 1461244014.4041509628 15.8231582642
01824 1461244014.4241418839 15.8231582642
01825 1461244014.4441463947 15.8231582642
01826 1461244014.4653875828 15.8231582642
01827 1461244014.4842233658 15.8231582642
01828 1461244014.5041916370 15.8231582642
01829 1461244014.5244479179 15.8231582642
01830 1461244014.5444383621 15.8231582642
01831 1461244014.5641512871 15.8231582642
01832 1461244014.5844111443 15.8231582642
01833 1461244014.6064693928 15.8231582642
01834 1461244014.6241762638 15.8231582642
01835 1461244014.6448912621 15.6790180206
01836 1461244014.6641767025 15.6790180206
01837 1461244014.6850144863 15.6790180206
01838 1461244014.7041873932 15.6790180206
01839 1461244014.7245430946 15.6790180206
01840 1461244014.7442142963 15.6790180206
01841 1461244014.7643973827 15.6790180206
01842 1461244014.7843072414 15.6790180206
01843 1461244014.8063080311 15.6790180206
01844 1461244014.8241863251 15.6790180206
01845 1461244014.8448259830 15.6310176849
01846 1461244014.8642537594 15.6310176849
01847 1461244014.8847451210 15.6310176849
01848 1461244014.9064397812 15.6310176849
01849 1461244014.9246253967 15.6310176849
01850 1461244014.9442555904 15.5289821625
01851 1461244014.9645669460 15.5289821625
01852 1461244014.9847679138 15.5289821625
01853 1461244015.0059981346 15.5289821625
01854 1461244015.0244216919 15.3299646378
01855 1461244015.0444004536 15.3299646378
01856 1461244015.0645499229 15.3299646378
01857 1461244015.0841577053 15.3299646378
01858 1461244015.1068780422 15.3299646378
01859 1461244015.1242454052 15.3299646378
01860 1461244015.1443762779 15.1448421478
01861 1461244015.1643431187 15.1448421478
01862 1461244015.1840784550 15.1448421478
01863 1461244015.2064082623 15.1448421478
01864 1461244015.2241780758 15.1448421478
01865 1461244015.2442522049 14.9557895660
01866 1461244015.2641229630 14.9557895660
01867 1461244015.2849376202 14.9557895660
01868 1461244015.3062012196 14.9557895660
01869 1461244015.3241198063 14.9557895660
01870 1461244015.3441574574 14.7216844559
01871 1461244015.3640480042 14.7216844559
01872 1461244015.3841633797 14.7216844559
01873 1461244015.4064106941 14.7216844559
01874 1461244015.4241807461 14.7216844559
01875 1461244015.4445607662 14.4065961838
01876 1461244015.4642379284 14.4065961838
01877 1461244015.4841146469 14.4065961838
01878 1461244015.5064754486 14.4065961838
01879 1461244015.5242991447 14.4065961838
01880 1461244015.5443329811 14.1084909439
01881 1461244015.5648112297 14.1084909439
01882 1461244015.5841646194 14.1084909439
01883 1461244015.6064665318 14.1084909439
01884 1461244015.6243183613 14.1084909439
01885 1461244015.6440505981 13.7574739456
01886 1461244015.6640944481 13.7574739456
01887 1461244015.6850974560 13.7574739456
01888 1461244015.7065987587 13.7574739456
01889 1461244015.7241368294 13.7574739456
01890 1461244015.7443208694 13.2833681107
01891 1461244015.7641377449 13.2833681107
01892 1461244015.7840855122 13.2833681107
01893 1461244015.8062055111 13.2833681107
01894 1461244015.8240487576 13.2833681107
01895 1461244015.8440680504 12.7852630615
01896 1461244015.8641920090 12.7852630615
01897 1461244015.8840563297 12.7852630615
01898 1461244015.9061958790 12.7852630615
01899 1461244015.9248566628 12.7852630615
01900 1461244015.9444780350 12.2541751862
01901 1461244015.9647784233 12.2541751862
01902 1461244015.9842686653 12.2541751862
01903 1461244016.0069437027 12.2541751862
01904 1461244016.0246384144 12.2541751862
01905 1461244016.0440914631 11.6901054382
01906 1461244016.0643932819 11.6901054382
01907 1461244016.0843248367 11.6901054382
01908 1461244016.1060593128 11.6901054382
01909 1461244016.1244153976 11.6901054382
01910 1461244016.1443858147 11.1320705414
01911 1461244016.1646659374 11.1320705414
01912 1461244016.1840813160 11.1320705414
01913 1461244016.2064769268 11.1320705414
01914 1461244016.2244286537 11.1320705414
01915 1461244016.2444410324 10.5859651566
01916 1461244016.2645113468 10.5859651566
01917 1461244016.2844924927 10.5859651566
01918 1461244016.3060543537 10.5859651566
01919 1461244016.3241100311 10.5859651566
01920 1461244016.3443012238 10.0868768692
01921 1461244016.3641057014 10.0868768692
01922 1461244016.3843338490 10.0868768692
01923 1461244016.4074411392 10.0868768692
01924 1461244016.4240877628 10.0868768692
01925 1461244016.4442970753 9.6318597794
01926 1461244016.4649012089 9.6318597794
01927 1461244016.4840877056 9.6318597794
01928 1461244016.5063281059 9.6318597794
01929 1461244016.5244400501 9.6318597794
01930 1461244016.5440177917 9.2248420715
01931 1461244016.5639512539 9.2248420715
01932 1461244016.5843818188 9.2248420715
01933 1461244016.6059062481 9.2248420715
01934 1461244016.6242296696 9.2248420715
01935 1461244016.6443960667 8.8658246994
01936 1461244016.6640315056 8.8658246994
01937 1461244016.6840403080 8.8658246994
01938 1461244016.7057998180 8.8658246994
01939 1461244016.7258851528 8.8658246994
01940 1461244016.7440536022 8.5548067093
01941 1461244016.7640824318 8.5548067093
01942 1461244016.7849056721 8.5548067093
01943 1461244016.8063855171 8.5548067093
01944 1461244016.8240506649 8.5548067093
01945 1461244016.8448002338 8.2877197266
01946 1461244016.8641498089 8.2877197266
01947 1461244016.8840777874 8.2877197266
01948 1461244016.9062376022 8.2877197266
01949 1461244016.9246959686 8.2877197266
01950 1461244016.9447724819 8.0366315842
01951 1461244016.9641060829 8.0366315842
01952 1461244016.9840452671 8.0366315842
01953 1461244017.0064294338 8.0366315842
01954 1461244017.0252597332 8.0366315842
01955 1461244017.0439600945 7.8025264740
01956 1461244017.0639925003 7.8025264740
01957 1461244017.0844712257 7.8025264740
01958 1461244017.1061570644 7.8025264740
01959 1461244017.1245687008 7.8025264740
01960 1461244017.1440000534 7.5814738274
01961 1461244017.1640043259 7.5814738274
01962 1461244017.1844894886 7.5814738274
01963 1461244017.2061340809 7.5814738274
01964 1461244017.2245674133 7.5814738274
01965 1461244017.2440862656 7.3934035301
01966 1461244017.2640252113 7.3934035301
01967 1461244017.2848684788 7.3934035301
01968 1461244017.3061914444 7.3934035301
01969 1461244017.3249034882 7.3934035301
01970 1461244017.3439910412 7.2072982788
01971 1461244017.3639812469 7.2072982788
01972 1461244017.3839812279 7.2072982788
01973 1461244017.4062542915 7.2072982788
01974 1461244017.4246232510 7.2072982788
01975 1461244017.4440517426 7.0512280464
01976 1461244017.4640524387 7.0512280464
01977 1461244017.4840726852 7.0512280464
01978 1461244017.5062205791 7.0512280464
01979 1461244017.5239703655 7.0512280464
01980 1461244017.5439991951 6.8771929741
01981 1461244017.5640344620 6.8771929741
01982 1461244017.5839540958 6.8771929741
01983 1461244017.6062560081 6.8771929741
01984 1461244017.6240153313 6.8771929741
01985 1461244017.6440763474 6.6951580048
01986 1461244017.6640095711 6.6951580048
01987 1461244017.6839861870 6.6951580048
01988 1461244017.7063155174 6.6951580048
01989 1461244017.7239780426 6.6951580048
01990 1461244017.7439463139 6.4801402092
01991 1461244017.7638545036 6.4801402092
01992 1461244017.7839920521 6.4801402092
01993 1461244017.8067111969 6.4801402092
01994 1461244017.8251078129 6.4801402092
01995 1461244017.8453824520 6.2741050720
01996 1461244017.8654215336 6.2741050720
01997 1461244017.8846709728 6.2741050720
01998 1461244017.9069168568 6.2741050720
01999 1461244017.9246211052 6.2741050720
02000 1461244017.9440162182 6.0649824142
02001 1461244017.9644606113 6.0649824142
02002 1461244017.9840044975 6.0649824142
02003 1461244018.0060608387 6.0649824142
02004 1461244018.0243368149 6.0649824142
02005 1461244018.0440080166 5.9089121819
02006 1461244018.0640206337 5.9089121819
02007 1461244018.0839941502 5.9089121819
02008 1461244018.1060941219 5.9089121819
02009 1461244018.1241037846 5.9089121819
02010 1461244018.1442499161 5.7828769684
02011 1461244018.1647210121 5.7828769684
02012 1461244018.1847484112 5.7828769684
02013 1461244018.2047767639 5.7828769684
02014 1461244018.2238857746 5.7828769684
02015 1461244018.2439465523 5.7828769684
02016 1461244018.2639834881 5.7828769684
02017 1461244018.2847092152 5.7828769684
02018 1461244018.3039791584 5.7828769684
02019 1461244018.3243541718 5.7828769684
02020 1461244018.3439471722 5.7828769684
02021 1461244018.3640651703 5.7828769684
02022 1461244018.3842115402 5.7828769684
02023 1461244018.4043304920 5.7828769684
02024 1461244018.4239795208 5.7828769684
02025 1461244018.4439485073 5.7828769684
02026 1461244018.4652540684 5.7828769684
02027 1461244018.4844071865 5.7828769684
02028 1461244018.5041368008 5.7828769684
02029 1461244018.5241456032 5.7828769684
02030 1461244018.5441453457 5.7828769684
02031 1461244018.5641803741 5.7828769684
02032 1461244018.5842101574 5.7828769684
02033 1461244018.6045837402 5.7828769684
02034 1461244018.6239271164 5.7828769684
02035 1461244018.6442553997 5.7828769684
02036 1461244018.6645042896 5.7828769684
02037 1461244018.6844930649 5.7828769684
02038 1461244018.7040305138 5.7828769684
02039 1461244018.7239279747 5.7828769684
02040 1461244018.7442982197 5.7828769684
02041 1461244018.7641630173 5.7828769684
02042 1461244018.7839436531 5.7828769684
02043 1461244018.8044760227 5.7828769684
02044 1461244018.8238990307 5.7828769684
02045 1461244018.8443596363 5.7828769684
02046 1461244018.8638646603 5.7828769684
02047 1461244018.8842585087 5.7828769684
02048 1461244018.9055831432 5.7828769684
02049 1461244018.9239647388 5.7828769684
02050 1461244018.9439795017 5.7828769684
02051 1461244018.9642651081 5.7828769684
02052 1461244018.9843223095 5.7828769684
02053 1461244019.0061006546 5.7828769684
02054 1461244019.0248963833 5.7828769684
02055 1461244019.0439364910 5.6808419228
02056 1461244019.0639042854 5.6808419228
02057 1461244019.0843155384 5.6808419228
02058 1461244019.1059324741 5.6808419228
02059 1461244019.1245818138 5.6808419228
02060 1461244019.1440761089 5.5717892647
02061 1461244019.1649863720 5.5717892647
02062 1461244019.1839377880 5.5717892647
02063 1461244019.2057917118 5.5717892647
02064 1461244019.2243130207 5.5717892647
02065 1461244019.2438931465 5.4976840019
02066 1461244019.2639577389 5.4976840019
02067 1461244019.2843739986 5.4976840019
02068 1461244019.3059310913 5.4976840019
02069 1461244019.3239850998 5.4976840019
02070 1461244019.3440918922 5.4266667366
02071 1461244019.3642587662 5.4266667366
02072 1461244019.3843526840 5.4266667366
02073 1461244019.4046511650 5.4266667366
02074 1461244019.4243106842 5.4266667366
02075 1461244019.4441850185 5.4266667366
02076 1461244019.4643611908 5.4266667366
02077 1461244019.4849374294 5.4266667366
02078 1461244019.5042059422 5.4266667366
02079 1461244019.5238471031 5.4266667366
02080 1461244019.5444219112 5.4266667366
02081 1461244019.5638902187 5.4266667366
02082 1461244019.5839195251 5.4266667366
02083 1461244019.6044170856 5.4266667366
02084 1461244019.6238574982 5.4266667366
02085 1461244019.6439685822 5.4266667366
02086 1461244019.6642067432 5.4266667366
02087 1461244019.6839814186 5.4266667366
02088 1461244019.7038860321 5.4266667366
02089 1461244019.7238450050 5.4266667366
02090 1461244019.7440261841 5.4266667366
02091 1461244019.7637453079 5.4266667366
02092 1461244019.7838373184 5.4266667366
02093 1461244019.8037486076 5.4266667366
02094 1461244019.8238427639 5.4266667366
02095 1461244019.8438434601 5.4266667366
02096 1461244019.8638446331 5.4266667366
02097 1461244019.8838934898 5.4266667366
02098 1461244019.9044239521 5.4266667366
02099 1461244019.9244146347 5.4266667366
