00000 1464104600.9881420135 33.3075103760
00001 1464104601.0179359913 33.3075103760
00002 1464104601.0513486862 33.3075103760
00003 1464104601.0850913525 33.3075103760
00004 1464104601.1187715530 33.3075103760
00005 1464104601.1541018486 33.3075103760
00006 1464104601.1846373081 33.3075103760
00007 1464104601.2180690765 33.3075103760
00008 1464104601.2512707710 33.3075103760
00009 1464104601.2855031490 33.3075103760
00010 1464104601.3211524487 33.3075103760
00011 1464104601.3512890339 33.3075103760
00012 1464104601.3847136497 33.3075103760
00013 1464104601.4180467129 33.3075103760
00014 1464104601.4512832165 33.3075103760
00015 1464104601.4913125038 33.3075103760
00016 1464104601.5190658569 33.3075103760
00017 1464104601.5513570309 33.3075103760
00018 1464104601.5846161842 33.3075103760
00019 1464104601.6178085804 33.3075103760
00020 1464104601.6530258656 33.3075103760
00021 1464104601.6845452785 33.3075103760
00022 1464104601.7178380489 33.3075103760
00023 1464104601.7512025833 33.3075103760
00024 1464104601.7844741344 33.3075103760
00025 1464104601.8197922707 33.3075103760
00026 1464104601.8511853218 33.3075103760
00027 1464104601.8845608234 33.3075103760
00028 1464104601.9177250862 33.3075103760
00029 1464104601.9511756897 33.3075103760
00030 1464104601.9863977432 33.3075103760
00031 1464104602.0177116394 33.3075103760
00032 1464104602.0511090755 33.3075103760
00033 1464104602.0845062733 33.3075103760
00034 1464104602.1188516617 33.3075103760
00035 1464104602.1538655758 33.3075103760
00036 1464104602.1845753193 33.3075103760
00037 1464104602.2178697586 33.3075103760
00038 1464104602.2512257099 33.3075103760
00039 1464104602.2850813866 33.3075103760
00040 1464104602.3198730946 33.3075103760
00041 1464104602.3512024879 33.3075103760
00042 1464104602.3845658302 33.3075103760
00043 1464104602.4179403782 33.3075103760
00044 1464104602.4511735439 33.3075103760
00045 1464104602.4873468876 33.3075103760
00046 1464104602.5178766251 33.3075103760
00047 1464104602.5511960983 33.3075103760
00048 1464104602.5845627785 33.3075103760
00049 1464104602.6179072857 33.3075103760
00050 1464104602.6536333561 33.3075103760
00051 1464104602.6844890118 33.3075103760
00052 1464104602.7176961899 33.3075103760
00053 1464104602.7511422634 33.3075103760
00054 1464104602.7845144272 33.3075103760
00055 1464104602.8206977844 33.3075103760
00056 1464104602.8520734310 33.3075103760
00057 1464104602.8845062256 33.3075103760
00058 1464104602.9177937508 33.3075103760
00059 1464104602.9509816170 33.3075103760
00060 1464104602.9870967865 33.3075103760
00061 1464104603.0180344582 33.3075103760
00062 1464104603.0510737896 33.3075103760
00063 1464104603.0847208500 33.3075103760
00064 1464104603.1181395054 33.3075103760
00065 1464104603.1532139778 33.3075103760
00066 1464104603.1843218803 33.3075103760
00067 1464104603.2177202702 33.3075103760
00068 1464104603.2510526180 33.3075103760
00069 1464104603.2843730450 33.3075103760
00070 1464104603.3196136951 33.3075103760
00071 1464104603.3509945869 33.3075103760
00072 1464104603.3843524456 33.3075103760
00073 1464104603.4177069664 33.3075103760
00074 1464104603.4513819218 33.3075103760
00075 1464104603.4868922234 33.3075103760
00076 1464104603.5180327892 33.3075103760
00077 1464104603.5510301590 33.3075103760
00078 1464104603.5844113827 33.3075103760
00079 1464104603.6176965237 33.3075103760
00080 1464104603.6541109085 33.3075103760
00081 1464104603.6843898296 33.3075103760
00082 1464104603.7179610729 33.3075103760
00083 1464104603.7513873577 33.3075103760
00084 1464104603.7844209671 33.3075103760
00085 1464104603.8204600811 33.3075103760
00086 1464104603.8510851860 33.3075103760
00087 1464104603.8843786716 33.3075103760
00088 1464104603.9176793098 33.3075103760
00089 1464104603.9513349533 33.3075103760
00090 1464104603.9869196415 33.3075103760
00091 1464104604.0177030563 33.3075103760
00092 1464104604.0513129234 33.3075103760
00093 1464104604.0845892429 33.3075103760
00094 1464104604.1176218987 33.3075103760
00095 1464104604.1533265114 33.3075103760
00096 1464104604.1843540668 33.3075103760
00097 1464104604.2177059650 33.3075103760
00098 1464104604.2509782314 33.3075103760
00099 1464104604.2843089104 33.3075103760
00100 1464104604.3196141720 33.3075103760
00101 1464104604.3510062695 33.3075103760
00102 1464104604.3843681812 33.3075103760
00103 1464104604.4176609516 33.3075103760
00104 1464104604.4509801865 33.3075103760
00105 1464104604.4869356155 33.3075103760
00106 1464104604.5176541805 33.3075103760
00107 1464104604.5509655476 33.3075103760
00108 1464104604.5843343735 33.3075103760
00109 1464104604.6176247597 33.3075103760
00110 1464104604.6537756920 33.3075103760
00111 1464104604.6843624115 33.3075103760
00112 1464104604.7178370953 33.3075103760
00113 1464104604.7510361671 33.3075103760
00114 1464104604.7842912674 33.3075103760
00115 1464104604.8203771114 33.3075103760
00116 1464104604.8509473801 33.3075103760
00117 1464104604.8842358589 33.3075103760
00118 1464104604.9174451828 33.3075103760
00119 1464104604.9567494392 33.3075103760
00120 1464104604.9870557785 33.3075103760
00121 1464104605.0175950527 33.3075103760
00122 1464104605.0508706570 33.3075103760
00123 1464104605.0842120647 33.3075103760
00124 1464104605.1175825596 33.3075103760
00125 1464104605.1532549858 33.3075103760
00126 1464104605.1842756271 33.3075103760
00127 1464104605.2177243233 33.3075103760
00128 1464104605.2509291172 33.3075103760
00129 1464104605.2841811180 33.3075103760
00130 1464104605.3194644451 33.3075103760
00131 1464104605.3508667946 33.3075103760
00132 1464104605.3841941357 33.3075103760
00133 1464104605.4175500870 33.3075103760
00134 1464104605.4508471489 33.3075103760
00135 1464104605.4865691662 33.3075103760
00136 1464104605.5175290108 33.3075103760
00137 1464104605.5508432388 33.3075103760
00138 1464104605.5841212273 33.3075103760
00139 1464104605.6175110340 33.3075103760
00140 1464104605.6534523964 33.3075103760
00141 1464104605.6841833591 33.3075103760
00142 1464104605.7174861431 33.3075103760
00143 1464104605.7507112026 33.3075103760
00144 1464104605.7841801643 33.3075103760
00145 1464104605.8196785450 33.3075103760
00146 1464104605.8508176804 33.3075103760
00147 1464104605.8840863705 33.3075103760
00148 1464104605.9174196720 33.3075103760
00149 1464104605.9521007538 33.3075103760
00150 1464104605.9866552353 33.3075103760
00151 1464104606.0173718929 33.3075103760
00152 1464104606.0507216454 33.3075103760
00153 1464104606.0840585232 33.3075103760
00154 1464104606.1173384190 33.3075103760
00155 1464104606.1533401012 33.3075103760
00156 1464104606.1845362186 33.3075103760
00157 1464104606.2173810005 33.3075103760
00158 1464104606.2507264614 33.3075103760
00159 1464104606.2843422890 33.3075103760
00160 1464104606.3194160461 33.3075103760
00161 1464104606.3518483639 33.3075103760
00162 1464104606.3840296268 33.3075103760
00163 1464104606.4174251556 33.3075103760
00164 1464104606.4507057667 33.3075103760
00165 1464104606.4866700172 33.3075103760
00166 1464104606.5173504353 33.3075103760
00167 1464104606.5507030487 33.3075103760
00168 1464104606.5841207504 33.3075103760
00169 1464104606.6173951626 33.3075103760
00170 1464104606.6575701237 33.3075103760
00171 1464104606.6847510338 33.3075103760
00172 1464104606.7178056240 33.3075103760
00173 1464104606.7511868477 33.3075103760
00174 1464104606.7840602398 33.3075103760
00175 1464104606.8205225468 33.3075103760
00176 1464104606.8507528305 33.3075103760
00177 1464104606.8840653896 33.3075103760
00178 1464104606.9173686504 33.3075103760
00179 1464104606.9505281448 33.3075103760
00180 1464104606.9861052036 33.3075103760
00181 1464104607.0178802013 33.3075103760
00182 1464104607.0506772995 33.3075103760
00183 1464104607.0840089321 33.3075103760
00184 1464104607.1171939373 33.3075103760
00185 1464104607.1548159122 33.3075103760
00186 1464104607.1838877201 33.3075103760
00187 1464104607.2173116207 33.3075103760
00188 1464104607.2505316734 33.3075103760
00189 1464104607.2840096951 33.3075103760
00190 1464104607.3196132183 33.3075103760
00191 1464104607.3517403603 33.3075103760
00192 1464104607.3839437962 33.3075103760
00193 1464104607.4173607826 33.3075103760
00194 1464104607.4506273270 33.3075103760
00195 1464104607.4863326550 33.3075103760
00196 1464104607.5173368454 33.3075103760
00197 1464104607.5505487919 33.3075103760
00198 1464104607.5839769840 33.3075103760
00199 1464104607.6173269749 33.3075103760
00200 1464104607.6532227993 33.3075103760
00201 1464104607.6839294434 33.3075103760
00202 1464104607.7171368599 33.3075103760
00203 1464104607.7512106895 33.3075103760
00204 1464104607.7839162350 33.3075103760
00205 1464104607.8196492195 33.3075103760
00206 1464104607.8505907059 33.3075103760
00207 1464104607.8839166164 33.3075103760
00208 1464104607.9171319008 33.3075103760
00209 1464104607.9505300522 33.3075103760
00210 1464104607.9863893986 33.3075103760
00211 1464104608.0171661377 33.3075103760
00212 1464104608.0504910946 33.3075103760
00213 1464104608.0837881565 33.3075103760
00214 1464104608.1171014309 33.3075103760
00215 1464104608.1528666019 33.3075103760
00216 1464104608.1837930679 33.3075103760
00217 1464104608.2171566486 33.3075103760
00218 1464104608.2530806065 33.3075103760
00219 1464104608.2838246822 33.3075103760
00220 1464104608.3191485405 33.3075103760
00221 1464104608.3507928848 33.3075103760
00222 1464104608.3840153217 33.3075103760
00223 1464104608.4183895588 33.3075103760
00224 1464104608.4508516788 33.3075103760
00225 1464104608.4866614342 33.3075103760
00226 1464104608.5174338818 33.3075103760
00227 1464104608.5504727364 33.3075103760
00228 1464104608.5837161541 33.3075103760
00229 1464104608.6170594692 33.3075103760
00230 1464104608.6531078815 33.3075103760
00231 1464104608.6838247776 33.3075103760
00232 1464104608.7170817852 33.3075103760
00233 1464104608.7504343987 33.3075103760
00234 1464104608.7837550640 33.3075103760
00235 1464104608.8199863434 33.3075103760
00236 1464104608.8504581451 33.3075103760
00237 1464104608.8838109970 33.3075103760
00238 1464104608.9170002937 33.3075103760
00239 1464104608.9518437386 33.3075103760
00240 1464104608.9863963127 33.3075103760
00241 1464104609.0170347691 33.3075103760
00242 1464104609.0505261421 33.3075103760
00243 1464104609.0837404728 33.3075103760
00244 1464104609.1170248985 33.3075103760
00245 1464104609.1529326439 33.3075103760
00246 1464104609.1837484837 33.3075103760
00247 1464104609.2170410156 33.3075103760
00248 1464104609.2503664494 33.3075103760
00249 1464104609.2837193012 33.3075103760
00250 1464104609.3221204281 33.3075103760
00251 1464104609.3504006863 33.3075103760
00252 1464104609.3842911720 33.3075103760
00253 1464104609.4170525074 33.3075103760
00254 1464104609.4503965378 33.3075103760
00255 1464104609.4877729416 33.3075103760
00256 1464104609.5170145035 33.3075103760
00257 1464104609.5503962040 33.3075103760
00258 1464104609.5837306976 33.3075103760
00259 1464104609.6170239449 33.3075103760
00260 1464104609.6541748047 33.3075103760
00261 1464104609.6836667061 33.3075103760
00262 1464104609.7170038223 33.3075103760
00263 1464104609.7503092289 33.3075103760
00264 1464104609.7835478783 33.3075103760
00265 1464104609.8196687698 33.3075103760
00266 1464104609.8503363132 33.3075103760
00267 1464104609.8836352825 33.3075103760
00268 1464104609.9169335365 33.3075103760
00269 1464104609.9503726959 33.3075103760
00270 1464104609.9861562252 33.3075103760
00271 1464104610.0187320709 33.3075103760
00272 1464104610.0503973961 33.3075103760
00273 1464104610.0836484432 33.3075103760
00274 1464104610.1173465252 33.3075103760
00275 1464104610.1523120403 33.3075103760
00276 1464104610.1836633682 33.3075103760
00277 1464104610.2169833183 33.3075103760
00278 1464104610.2509152889 33.3075103760
00279 1464104610.2835903168 33.3075103760
00280 1464104610.3187439442 33.3075103760
00281 1464104610.3509671688 33.3075103760
00282 1464104610.3835790157 33.3075103760
00283 1464104610.4170010090 33.3075103760
00284 1464104610.4513213634 33.3075103760
00285 1464104610.4858336449 33.3075103760
00286 1464104610.5175955296 33.3075103760
00287 1464104610.5513894558 33.3075103760
00288 1464104610.5835537910 33.3075103760
00289 1464104610.6169385910 33.3075103760
00290 1464104610.6527991295 33.3075103760
00291 1464104610.6836388111 33.3075103760
00292 1464104610.7168238163 33.3075103760
00293 1464104610.7503147125 33.3075103760
00294 1464104610.7834482193 33.3075103760
00295 1464104610.8196699619 33.3075103760
00296 1464104610.8502881527 33.3075103760
00297 1464104610.8835809231 33.3075103760
00298 1464104610.9168343544 33.3075103760
00299 1464104610.9510135651 33.3075103760
00300 1464104610.9856564999 33.3075103760
00301 1464104611.0169594288 33.3075103760
00302 1464104611.0505497456 33.3075103760
00303 1464104611.0835547447 33.3075103760
00304 1464104611.1167702675 33.3075103760
00305 1464104611.1526801586 33.3075103760
00306 1464104611.1835448742 33.3075103760
00307 1464104611.2168066502 33.3075103760
00308 1464104611.2502465248 33.3075103760
00309 1464104611.2834558487 33.3075103760
00310 1464104611.3193647861 33.3075103760
00311 1464104611.3501853943 33.3075103760
00312 1464104611.3835120201 33.3075103760
00313 1464104611.4168238640 33.3075103760
00314 1464104611.4501986504 33.3075103760
00315 1464104611.4859762192 33.3075103760
00316 1464104611.5167827606 33.3075103760
00317 1464104611.5501983166 33.3075103760
00318 1464104611.5834553242 33.3075103760
00319 1464104611.6167926788 33.3075103760
00320 1464104611.6526999474 33.3075103760
00321 1464104611.6835122108 33.3075103760
00322 1464104611.7168521881 33.3075103760
00323 1464104611.7501707077 33.3075103760
00324 1464104611.7833821774 33.3075103760
00325 1464104611.8196442127 33.3075103760
00326 1464104611.8501851559 33.3075103760
00327 1464104611.8847670555 33.3075103760
00328 1464104611.9166789055 33.3075103760
00329 1464104611.9500894547 33.3075103760
00330 1464104611.9862606525 33.3075103760
00331 1464104612.0167975426 33.3075103760
00332 1464104612.0501611233 33.3075103760
00333 1464104612.0834865570 33.3075103760
00334 1464104612.1166548729 33.3075103760
00335 1464104612.1533107758 33.3075103760
00336 1464104612.1832981110 33.3075103760
00337 1464104612.2167458534 33.3075103760
00338 1464104612.2503716946 33.3075103760
00339 1464104612.2836697102 33.3075103760
00340 1464104612.3193271160 33.3075103760
00341 1464104612.3502213955 33.3075103760
00342 1464104612.3836050034 33.3075103760
00343 1464104612.4169647694 33.3075103760
00344 1464104612.4501945972 33.3075103760
00345 1464104612.4860033989 33.3075103760
00346 1464104612.5168914795 33.3075103760
00347 1464104612.5501463413 33.3075103760
00348 1464104612.5832927227 33.3075103760
00349 1464104612.6166853905 33.3075103760
00350 1464104612.6546041965 33.3075103760
00351 1464104612.6840398312 33.3075103760
00352 1464104612.7177741528 33.3075103760
00353 1464104612.7503647804 33.3075103760
00354 1464104612.7833781242 33.3075103760
00355 1464104612.8192915916 33.3075103760
00356 1464104612.8500387669 33.3075103760
00357 1464104612.8833162785 33.3075103760
00358 1464104612.9174928665 33.3075103760
00359 1464104612.9505474567 33.3075103760
00360 1464104612.9854583740 33.3075103760
00361 1464104613.0173811913 33.3075103760
00362 1464104613.0502998829 33.3075103760
00363 1464104613.0847849846 33.3075103760
00364 1464104613.1165027618 33.3075103760
00365 1464104613.1522009373 33.3075103760
00366 1464104613.1833090782 33.3075103760
00367 1464104613.2165689468 33.3075103760
00368 1464104613.2502915859 33.3075103760
00369 1464104613.2833390236 33.3075103760
00370 1464104613.3184199333 33.3075103760
00371 1464104613.3502304554 33.3075103760
00372 1464104613.3836987019 33.3075103760
00373 1464104613.4165799618 33.3075103760
00374 1464104613.4504446983 33.3075103760
00375 1464104613.4857711792 33.3075103760
00376 1464104613.5165107250 33.3075103760
00377 1464104613.5501084328 33.3075103760
00378 1464104613.5832331181 33.3075103760
00379 1464104613.6165530682 33.3075103760
00380 1464104613.6526169777 33.3075103760
00381 1464104613.6831829548 33.3075103760
00382 1464104613.7164862156 33.3075103760
00383 1464104613.7499120235 33.3075103760
00384 1464104613.7831807137 33.3075103760
00385 1464104613.8219931126 33.3075103760
00386 1464104613.8498077393 33.3075103760
00387 1464104613.8837108612 33.3075103760
00388 1464104613.9164886475 33.3075103760
00389 1464104613.9500224590 33.3075103760
00390 1464104613.9855849743 33.3075103760
00391 1464104614.0164923668 33.3075103760
00392 1464104614.0498447418 33.3075103760
00393 1464104614.0836391449 33.3075103760
00394 1464104614.1165094376 33.3075103760
00395 1464104614.1523110867 33.3075103760
00396 1464104614.1830096245 33.3075103760
00397 1464104614.2164013386 33.3075103760
00398 1464104614.2498610020 33.3075103760
00399 1464104614.2831833363 33.3075103760
00400 1464104614.3184013367 33.3075103760
00401 1464104614.3498046398 33.3075103760
00402 1464104614.3831331730 33.3075103760
00403 1464104614.4164860249 33.3075103760
00404 1464104614.4498035908 33.3075103760
00405 1464104614.4862434864 33.3075103760
00406 1464104614.5164568424 33.3075103760
00407 1464104614.5498468876 33.3075103760
00408 1464104614.5831420422 33.3075103760
00409 1464104614.6165049076 33.3075103760
00410 1464104614.6524775028 33.3075103760
00411 1464104614.6831998825 33.3075103760
00412 1464104614.7164006233 33.3075103760
00413 1464104614.7497820854 33.3075103760
00414 1464104614.7831411362 33.3075103760
00415 1464104614.8185338974 33.3075103760
00416 1464104614.8497653008 33.3075103760
00417 1464104614.8831090927 33.3075103760
00418 1464104614.9164621830 33.3075103760
00419 1464104614.9497869015 33.3075103760
00420 1464104614.9859154224 33.3075103760
00421 1464104615.0164825916 33.3075103760
00422 1464104615.0498452187 33.3075103760
00423 1464104615.0830774307 33.3075103760
00424 1464104615.1163666248 33.3075103760
00425 1464104615.1526224613 33.3075103760
00426 1464104615.1830792427 33.3075103760
00427 1464104615.2164268494 33.3075103760
00428 1464104615.2497129440 33.3075103760
00429 1464104615.2830982208 33.3075103760
00430 1464104615.3184618950 33.3075103760
00431 1464104615.3497054577 33.3075103760
00432 1464104615.3835854530 33.3075103760
00433 1464104615.4170906544 33.3075103760
00434 1464104615.4497499466 33.3075103760
00435 1464104615.4855494499 33.3075103760
00436 1464104615.5163331032 33.3075103760
00437 1464104615.5496611595 33.3075103760
00438 1464104615.5830223560 33.3075103760
00439 1464104615.6183426380 33.3075103760
00440 1464104615.6523237228 33.3075103760
00441 1464104615.6830079556 33.3075103760
00442 1464104615.7163698673 33.3075103760
00443 1464104615.7496423721 33.3075103760
00444 1464104615.7829875946 33.3075103760
00445 1464104615.8177871704 33.3075103760
00446 1464104615.8501026630 33.3075103760
00447 1464104615.8829102516 33.3075103760
00448 1464104615.9162919521 33.3075103760
00449 1464104615.9496409893 33.3075103760
00450 1464104615.9854843616 33.3075103760
00451 1464104616.0162868500 33.3075103760
00452 1464104616.0495998859 33.3075103760
00453 1464104616.0829508305 33.3075103760
00454 1464104616.1162264347 33.3075103760
00455 1464104616.1524600983 33.3075103760
00456 1464104616.1829369068 33.3075103760
00457 1464104616.2162585258 33.3075103760
00458 1464104616.2495272160 33.3075103760
00459 1464104616.2830140591 33.3075103760
00460 1464104616.3182415962 33.3075103760
00461 1464104616.3495342731 33.3075103760
00462 1464104616.3848228455 33.3075103760
00463 1464104616.4161567688 33.3075103760
00464 1464104616.4515681267 33.3075103760
00465 1464104616.4855158329 33.3075103760
00466 1464104616.5162205696 33.3075103760
00467 1464104616.5495400429 33.3075103760
00468 1464104616.5829167366 33.3075103760
00469 1464104616.6160562038 33.3075103760
00470 1464104616.6520390511 33.3075103760
00471 1464104616.6828861237 33.3075103760
00472 1464104616.7161767483 33.3075103760
00473 1464104616.7495472431 33.3075103760
00474 1464104616.7828226089 33.3075103760
00475 1464104616.8188393116 33.3075103760
00476 1464104616.8506824970 33.3075103760
00477 1464104616.8829762936 33.3075103760
00478 1464104616.9161763191 33.3075103760
00479 1464104616.9495332241 33.3075103760
00480 1464104616.9855394363 33.3075103760
00481 1464104617.0162005424 33.3075103760
00482 1464104617.0514187813 33.3075103760
00483 1464104617.0829122066 33.3075103760
00484 1464104617.1177909374 33.3075103760
00485 1464104617.1524794102 33.3075103760
00486 1464104617.1828758717 33.3075103760
00487 1464104617.2161765099 33.3075103760
00488 1464104617.2494149208 33.3075103760
00489 1464104617.2827425003 33.3075103760
00490 1464104617.3180119991 33.3075103760
00491 1464104617.3494980335 33.3075103760
00492 1464104617.3827977180 33.3075103760
00493 1464104617.4161224365 33.3075103760
00494 1464104617.4494695663 33.3075103760
00495 1464104617.4849982262 33.3075103760
00496 1464104617.5159764290 33.3075103760
00497 1464104617.5494129658 33.3075103760
00498 1464104617.5827553272 33.3075103760
00499 1464104617.6160306931 33.3075103760
00500 1464104617.6516408920 33.3075103760
00501 1464104617.6827309132 33.3075103760
00502 1464104617.7160623074 33.3075103760
00503 1464104617.7493779659 33.3075103760
00504 1464104617.7827098370 33.3075103760
00505 1464104617.8187618256 33.3075103760
00506 1464104617.8492462635 33.3075103760
00507 1464104617.8826699257 33.3075103760
00508 1464104617.9160082340 33.3075103760
00509 1464104617.9493970871 33.3075103760
00510 1464104617.9869012833 33.3075103760
00511 1464104618.0162305832 33.3075103760
00512 1464104618.0493991375 33.3075103760
00513 1464104618.0827724934 33.3075103760
00514 1464104618.1160283089 33.3075103760
00515 1464104618.1516389847 33.3075103760
00516 1464104618.1826262474 33.3075103760
00517 1464104618.2160549164 33.3075103760
00518 1464104618.2493374348 33.3075103760
00519 1464104618.2845747471 33.3075103760
00520 1464104618.3177974224 33.3075103760
00521 1464104618.3493385315 33.3075103760
00522 1464104618.3826775551 33.3075103760
00523 1464104618.4160373211 33.3075103760
00524 1464104618.4493594170 33.3075103760
00525 1464104618.4851486683 33.3075103760
00526 1464104618.5161066055 33.3075103760
00527 1464104618.5493180752 33.3075103760
00528 1464104618.5826823711 33.3075103760
00529 1464104618.6184670925 33.3075103760
00530 1464104618.6518352032 33.3075103760
00531 1464104618.6826596260 33.3075103760
00532 1464104618.7158212662 33.3075103760
00533 1464104618.7493424416 33.3075103760
00534 1464104618.7834954262 33.3075103760
00535 1464104618.8184771538 33.3075103760
00536 1464104618.8491766453 33.3075103760
00537 1464104618.8826441765 33.3075103760
00538 1464104618.9159662724 33.3075103760
00539 1464104618.9493680000 33.3075103760
00540 1464104618.9848713875 33.3075103760
00541 1464104619.0159468651 33.3075103760
00542 1464104619.0492804050 33.3075103760
00543 1464104619.0825941563 33.3075103760
00544 1464104619.1157650948 33.3075103760
00545 1464104619.1515655518 33.3075103760
00546 1464104619.1826081276 33.3075103760
00547 1464104619.2158937454 33.3075103760
00548 1464104619.2492117882 33.3075103760
00549 1464104619.2825694084 33.3075103760
00550 1464104619.3178703785 33.3075103760
00551 1464104619.3492367268 33.3075103760
00552 1464104619.3826158047 33.3075103760
00553 1464104619.4158582687 33.3075103760
00554 1464104619.4492554665 33.3075103760
00555 1464104619.4849674702 33.3075103760
00556 1464104619.5158503056 33.3075103760
00557 1464104619.5500071049 33.3075103760
00558 1464104619.5825834274 33.3075103760
00559 1464104619.6159040928 33.3075103760
00560 1464104619.6522397995 33.3075103760
00561 1464104619.6825528145 33.3075103760
00562 1464104619.7157821655 33.3075103760
00563 1464104619.7492263317 33.3075103760
00564 1464104619.7825717926 33.3075103760
00565 1464104619.8186168671 33.3075103760
00566 1464104619.8490951061 33.3075103760
00567 1464104619.8825056553 33.3075103760
00568 1464104619.9158177376 33.3075103760
00569 1464104619.9491691589 33.3075103760
00570 1464104619.9848423004 33.3075103760
00571 1464104620.0158181190 33.3075103760
00572 1464104620.0491776466 33.3075103760
00573 1464104620.0824759007 33.3075103760
00574 1464104620.1159360409 33.3075103760
00575 1464104620.1519443989 33.3075103760
00576 1464104620.1825067997 33.3075103760
00577 1464104620.2158210278 33.3075103760
00578 1464104620.2491168976 33.3075103760
00579 1464104620.2825036049 33.3075103760
00580 1464104620.3176965714 33.3075103760
00581 1464104620.3490686417 33.3075103760
00582 1464104620.3825066090 33.3075103760
00583 1464104620.4161396027 33.3075103760
00584 1464104620.4491207600 33.3075103760
00585 1464104620.4869391918 33.3075103760
00586 1464104620.5157968998 33.3075103760
00587 1464104620.5491428375 33.3075103760
00588 1464104620.5841827393 33.3075103760
00589 1464104620.6157724857 33.3075103760
00590 1464104620.6517143250 33.3075103760
00591 1464104620.6824672222 33.3075103760
00592 1464104620.7157900333 33.3075103760
00593 1464104620.7490885258 33.3075103760
00594 1464104620.7836678028 33.3075103760
00595 1464104620.8185009956 33.3075103760
00596 1464104620.8491592407 33.3075103760
00597 1464104620.8823654652 33.3075103760
00598 1464104620.9157519341 33.3075103760
00599 1464104620.9490256310 33.3075103760
00600 1464104620.9850492477 33.3075103760
00601 1464104621.0157296658 33.3075103760
00602 1464104621.0489952564 33.3075103760
00603 1464104621.0823876858 33.3075103760
00604 1464104621.1156501770 33.3075103760
00605 1464104621.1519746780 33.3075103760
00606 1464104621.1829321384 33.3075103760
00607 1464104621.2157084942 33.3075103760
00608 1464104621.2490234375 33.3075103760
00609 1464104621.2831180096 33.3075103760
00610 1464104621.3177766800 33.3075103760
00611 1464104621.3489613533 33.3075103760
00612 1464104621.3831963539 33.3075103760
00613 1464104621.4156105518 33.3075103760
00614 1464104621.4490454197 33.3075103760
00615 1464104621.4856166840 33.3075103760
00616 1464104621.5156211853 33.3075103760
00617 1464104621.5489721298 33.3075103760
00618 1464104621.5823619366 33.3075103760
00619 1464104621.6156899929 33.3075103760
00620 1464104621.6512849331 33.3075103760
00621 1464104621.6822912693 33.3075103760
00622 1464104621.7156245708 33.3075103760
00623 1464104621.7489659786 33.3075103760
00624 1464104621.7822968960 33.3075103760
00625 1464104621.8180749416 33.3075103760
00626 1464104621.8488924503 33.3075103760
00627 1464104621.8822405338 33.3075103760
00628 1464104621.9155461788 33.3075103760
00629 1464104621.9489231110 33.3075103760
00630 1464104621.9845633507 33.3075103760
00631 1464104622.0156242847 33.3075103760
00632 1464104622.0489215851 33.3075103760
00633 1464104622.0825393200 33.3075103760
00634 1464104622.1154823303 33.3075103760
00635 1464104622.1524522305 33.3075103760
00636 1464104622.1823408604 33.3075103760
00637 1464104622.2168254852 33.3075103760
00638 1464104622.2492451668 33.3075103760
00639 1464104622.2825737000 33.3075103760
00640 1464104622.3177909851 33.3075103760
00641 1464104622.3488023281 33.3075103760
00642 1464104622.3822400570 33.3075103760
00643 1464104622.4160306454 33.3075103760
00644 1464104622.4488909245 33.3075103760
00645 1464104622.4848256111 33.3075103760
00646 1464104622.5154554844 33.3075103760
00647 1464104622.5488860607 33.3075103760
00648 1464104622.5822739601 33.3075103760
00649 1464104622.6155052185 33.3075103760
00650 1464104622.6515879631 33.3075103760
00651 1464104622.6821982861 33.3075103760
00652 1464104622.7155158520 33.3075103760
00653 1464104622.7487349510 33.3075103760
00654 1464104622.7822341919 33.3075103760
00655 1464104622.8184049129 33.3075103760
00656 1464104622.8488118649 33.3075103760
00657 1464104622.8821229935 33.3075103760
00658 1464104622.9153678417 33.3075103760
00659 1464104622.9488220215 33.3075103760
00660 1464104622.9850578308 33.3075103760
00661 1464104623.0153968334 33.3075103760
00662 1464104623.0490355492 33.3075103760
00663 1464104623.0821177959 33.3075103760
00664 1464104623.1154241562 33.3075103760
00665 1464104623.1507754326 33.3075103760
00666 1464104623.1821572781 33.3075103760
00667 1464104623.2166445255 33.3075103760
00668 1464104623.2487940788 33.3075103760
00669 1464104623.2822034359 33.3075103760
00670 1464104623.3181598186 33.3075103760
00671 1464104623.3487906456 33.3075103760
00672 1464104623.3846259117 33.3075103760
00673 1464104623.4154651165 33.3075103760
00674 1464104623.4487738609 33.3075103760
00675 1464104623.4847509861 33.3075103760
00676 1464104623.5153653622 33.3075103760
00677 1464104623.5487542152 33.3075103760
00678 1464104623.5821886063 33.3075103760
00679 1464104623.6154294014 33.3075103760
00680 1464104623.6514215469 33.3075103760
00681 1464104623.6820766926 33.3075103760
00682 1464104623.7167119980 33.3075103760
00683 1464104623.7487862110 33.3075103760
00684 1464104623.7827608585 33.3075103760
00685 1464104623.8181698322 33.3075103760
00686 1464104623.8487195969 33.3075103760
00687 1464104623.8831701279 33.3075103760
00688 1464104623.9154105186 33.3075103760
00689 1464104623.9487380981 33.3075103760
00690 1464104623.9850916862 33.3075103760
00691 1464104624.0179135799 33.3075103760
00692 1464104624.0490856171 33.3075103760
00693 1464104624.0820934772 33.3075103760
00694 1464104624.1153976917 33.3075103760
00695 1464104624.1517536640 33.3075103760
00696 1464104624.1821577549 33.3075103760
00697 1464104624.2153663635 33.3075103760
00698 1464104624.2490725517 33.3075103760
00699 1464104624.2820966244 33.3075103760
00700 1464104624.3182168007 33.3075103760
00701 1464104624.3486626148 33.3075103760
00702 1464104624.3820779324 33.3075103760
00703 1464104624.4152843952 33.3075103760
00704 1464104624.4486639500 33.3075103760
00705 1464104624.4846510887 33.3075103760
00706 1464104624.5195164680 33.3075103760
00707 1464104624.5487203598 33.3075103760
00708 1464104624.5829322338 33.3075103760
00709 1464104624.6156933308 33.3075103760
00710 1464104624.6533303261 33.3075103760
00711 1464104624.6820487976 33.3075103760
00712 1464104624.7210991383 33.3075103760
00713 1464104624.7487344742 33.3075103760
00714 1464104624.7866065502 33.3075103760
00715 1464104624.8184390068 33.3075103760
00716 1464104624.8485994339 33.3075103760
00717 1464104624.8819489479 33.3075103760
00718 1464104624.9152069092 33.3075103760
00719 1464104624.9490685463 33.3075103760
00720 1464104624.9862830639 33.3075103760
00721 1464104625.0152168274 33.3075103760
00722 1464104625.0485782623 33.3075103760
00723 1464104625.0819520950 33.3075103760
00724 1464104625.1151144505 33.3075103760
00725 1464104625.1514658928 33.3075103760
00726 1464104625.1826407909 33.3075103760
00727 1464104625.2152893543 33.3075103760
00728 1464104625.2487628460 33.3075103760
00729 1464104625.2819254398 33.3075103760
00730 1464104625.3177876472 33.3075103760
00731 1464104625.3486118317 33.3075103760
00732 1464104625.3819189072 33.3075103760
00733 1464104625.4151587486 33.3075103760
00734 1464104625.4485785961 33.3075103760
00735 1464104625.4837796688 33.3075103760
00736 1464104625.5152263641 33.3075103760
00737 1464104625.5485577583 33.3075103760
00738 1464104625.5818936825 33.3075103760
00739 1464104625.6152145863 33.3075103760
00740 1464104625.6512961388 33.3075103760
00741 1464104625.6818766594 33.3075103760
00742 1464104625.7150526047 33.3075103760
00743 1464104625.7488574982 33.3075103760
00744 1464104625.7818741798 33.3075103760
00745 1464104625.8181178570 33.3075103760
00746 1464104625.8485486507 33.3075103760
00747 1464104625.8818328381 33.3075103760
00748 1464104625.9150602818 33.3075103760
00749 1464104625.9485087395 33.3075103760
00750 1464104625.9846484661 33.3075103760
00751 1464104626.0151460171 33.3075103760
00752 1464104626.0484588146 33.3075103760
00753 1464104626.0818445683 33.3075103760
00754 1464104626.1160216331 33.3075103760
00755 1464104626.1511135101 33.3075103760
00756 1464104626.1817469597 33.3075103760
00757 1464104626.2151286602 33.3075103760
00758 1464104626.2484712601 33.3075103760
00759 1464104626.2817907333 33.3075103760
00760 1464104626.3170542717 33.3075103760
00761 1464104626.3482849598 33.3075103760
00762 1464104626.3818068504 33.3075103760
00763 1464104626.4156627655 33.3075103760
00764 1464104626.4484388828 33.3075103760
00765 1464104626.4845554829 33.3075103760
00766 1464104626.5150990486 33.3075103760
00767 1464104626.5484230518 33.3075103760
00768 1464104626.5817456245 33.3075103760
00769 1464104626.6150677204 33.3075103760
00770 1464104626.6512000561 33.3075103760
00771 1464104626.6817698479 33.3075103760
00772 1464104626.7149748802 33.3075103760
00773 1464104626.7483801842 33.3075103760
00774 1464104626.7817156315 33.3075103760
00775 1464104626.8175804615 33.3075103760
00776 1464104626.8483941555 33.3075103760
00777 1464104626.8817398548 33.3075103760
00778 1464104626.9149820805 33.3075103760
00779 1464104626.9492354393 33.3075103760
00780 1464104626.9840044975 33.3075103760
00781 1464104627.0149989128 33.3075103760
00782 1464104627.0483336449 33.3075103760
00783 1464104627.0816664696 33.3075103760
00784 1464104627.1148643494 33.3075103760
00785 1464104627.1512000561 33.3075103760
00786 1464104627.1816504002 33.3075103760
00787 1464104627.2150032520 33.3075103760
00788 1464104627.2483282089 33.3075103760
00789 1464104627.2816011906 33.3075103760
00790 1464104627.3173201084 33.3075103760
00791 1464104627.3482966423 33.3075103760
00792 1464104627.3815901279 33.3075103760
00793 1464104627.4152595997 33.3075103760
00794 1464104627.4482831955 33.3075103760
00795 1464104627.4842975140 33.3075103760
00796 1464104627.5149474144 33.3075103760
00797 1464104627.5482938290 33.3075103760
00798 1464104627.5816257000 33.3075103760
00799 1464104627.6149795055 33.3075103760
00800 1464104627.6507451534 33.3075103760
00801 1464104627.6815807819 33.3075103760
00802 1464104627.7149288654 33.3075103760
00803 1464104627.7484438419 33.3075103760
00804 1464104627.7814829350 33.3075103760
00805 1464104627.8175420761 33.3075103760
00806 1464104627.8490407467 33.3075103760
00807 1464104627.8819229603 33.3075103760
00808 1464104627.9148161411 33.3075103760
00809 1464104627.9481945038 33.3075103760
00810 1464104627.9850025177 33.3075103760
00811 1464104628.0149593353 33.3075103760
00812 1464104628.0483305454 33.3075103760
00813 1464104628.0815670490 33.3075103760
00814 1464104628.1149606705 33.3075103760
00815 1464104628.1508851051 33.3075103760
00816 1464104628.1815760136 33.3075103760
00817 1464104628.2149090767 33.3075103760
00818 1464104628.2482705116 33.3075103760
00819 1464104628.2815878391 33.3075103760
00820 1464104628.3183116913 33.3075103760
00821 1464104628.3480937481 33.3075103760
00822 1464104628.3825907707 33.3075103760
00823 1464104628.4149196148 33.3075103760
00824 1464104628.4482011795 33.3075103760
00825 1464104628.4840631485 33.3075103760
00826 1464104628.5180282593 33.3075103760
00827 1464104628.5481820107 33.3075103760
00828 1464104628.5815317631 33.3075103760
00829 1464104628.6154034138 33.3075103760
00830 1464104628.6507489681 33.3075103760
00831 1464104628.6815588474 33.3075103760
00832 1464104628.7148597240 33.3075103760
00833 1464104628.7481789589 33.3075103760
00834 1464104628.7815124989 33.3075103760
00835 1464104628.8176453114 33.3075103760
00836 1464104628.8481426239 33.3075103760
00837 1464104628.8815250397 33.3075103760
00838 1464104628.9148361683 33.3075103760
00839 1464104628.9481215477 33.3075103760
00840 1464104628.9834709167 33.3075103760
00841 1464104629.0147795677 33.3075103760
00842 1464104629.0481445789 33.3075103760
00843 1464104629.0814435482 33.3075103760
00844 1464104629.1146798134 33.3075103760
00845 1464104629.1505725384 33.3075103760
00846 1464104629.1814122200 33.3075103760
00847 1464104629.2147843838 33.3075103760
00848 1464104629.2481110096 33.3075103760
00849 1464104629.2814512253 33.3075103760
00850 1464104629.3146257401 33.3075103760
00851 1464104629.3480074406 33.3075103760
00852 1464104629.3813567162 33.3075103760
00853 1464104629.4146158695 33.3075103760
00854 1464104629.4479992390 33.3075103760
00855 1464104629.4840641022 33.3075103760
00856 1464104629.5145761967 33.3075103760
00857 1464104629.5479495525 32.9134025574
00858 1464104629.5830357075 32.9134025574
00859 1464104629.6146504879 32.9134025574
00860 1464104629.6503863335 32.9134025574
00861 1464104629.6813840866 32.9134025574
00862 1464104629.7178993225 31.3703861237
00863 1464104629.7496602535 31.3703861237
00864 1464104629.7813367844 31.3703861237
00865 1464104629.8175716400 31.3703861237
00866 1464104629.8499522209 31.3703861237
00867 1464104629.8814935684 28.8983860016
00868 1464104629.9146852493 28.8983860016
00869 1464104629.9479084015 28.8983860016
00870 1464104629.9833934307 28.8983860016
00871 1464104630.0145804882 28.8983860016
00872 1464104630.0478968620 25.8033676147
00873 1464104630.0813498497 25.8033676147
00874 1464104630.1147570610 25.8033676147
00875 1464104630.1506049633 25.8033676147
00876 1464104630.1813645363 25.8033676147
00877 1464104630.2146446705 22.7842807770
00878 1464104630.2479472160 22.7842807770
00879 1464104630.2813060284 22.7842807770
00880 1464104630.3171167374 22.7842807770
00881 1464104630.3478646278 22.7842807770
00882 1464104630.3818986416 19.9921398163
00883 1464104630.4146099091 19.9921398163
00884 1464104630.4478752613 19.9921398163
00885 1464104630.4842238426 19.9921398163
00886 1464104630.5145580769 19.9921398163
00887 1464104630.5478174686 17.5740356445
00888 1464104630.5813367367 17.5740356445
00889 1464104630.6164264679 17.5740356445
00890 1464104630.6502916813 17.5740356445
00891 1464104630.6812942028 17.5740356445
00892 1464104630.7144398689 15.5649118423
00893 1464104630.7478437424 15.5649118423
00894 1464104630.7811589241 15.5649118423
00895 1464104630.8168289661 15.5649118423
00896 1464104630.8479323387 15.5649118423
00897 1464104630.8812839985 14.0117893219
00898 1464104630.9146058559 14.0117893219
00899 1464104630.9478542805 14.0117893219
00900 1464104630.9841511250 14.0117893219
00901 1464104631.0144145489 14.0117893219
00902 1464104631.0479278564 12.8986663818
00903 1464104631.0813162327 12.8986663818
00904 1464104631.1154747009 12.8986663818
00905 1464104631.1503190994 12.8986663818
00906 1464104631.1811332703 12.8986663818
00907 1464104631.2170803547 12.0495443344
00908 1464104631.2478957176 12.0495443344
00909 1464104631.2812206745 12.0495443344
00910 1464104631.3169610500 12.0495443344
00911 1464104631.3486733437 12.0495443344
00912 1464104631.3811473846 11.5084915161
00913 1464104631.4145228863 11.5084915161
00914 1464104631.4478721619 11.5084915161
00915 1464104631.4831428528 11.5084915161
00916 1464104631.5144178867 11.5084915161
00917 1464104631.5478823185 11.1534032822
00918 1464104631.5812070370 11.1534032822
00919 1464104631.6145868301 11.1534032822
00920 1464104631.6504061222 11.1534032822
00921 1464104631.6811785698 11.1534032822
00922 1464104631.7145016193 10.9032983780
00923 1464104631.7478737831 10.9032983780
00924 1464104631.7811605930 10.9032983780
00925 1464104631.8204696178 10.9032983780
00926 1464104631.8483316898 10.9032983780
00927 1464104631.8816313744 10.6381750107
00928 1464104631.9148602486 10.6381750107
00929 1464104631.9489171505 10.6381750107
00930 1464104631.9840743542 10.6381750107
00931 1464104632.0144529343 10.6381750107
00932 1464104632.0478949547 10.3950881958
00933 1464104632.0810964108 10.3950881958
00934 1464104632.1174716949 10.3950881958
00935 1464104632.1508877277 10.3950881958
00936 1464104632.1810941696 10.3950881958
00937 1464104632.2145059109 10.1090526581
00938 1464104632.2477667332 10.1090526581
00939 1464104632.2811157703 10.1090526581
00940 1464104632.3170325756 10.1090526581
00941 1464104632.3477933407 10.1090526581
00942 1464104632.3832247257 9.8300352097
00943 1464104632.4154138565 9.8300352097
00944 1464104632.4480106831 9.8300352097
00945 1464104632.4835135937 9.8300352097
00946 1464104632.5144572258 9.8300352097
00947 1464104632.5477221012 9.5399293900
00948 1464104632.5810823441 9.5399293900
00949 1464104632.6144392490 9.5399293900
00950 1464104632.6504735947 9.5399293900
00951 1464104632.6819941998 9.5399293900
00952 1464104632.7163703442 9.2748069763
00953 1464104632.7477533817 9.2748069763
00954 1464104632.7810566425 9.2748069763
00955 1464104632.8181917667 9.2748069763
00956 1464104632.8476734161 9.2748069763
00957 1464104632.8813610077 9.0627365112
00958 1464104632.9142158031 9.0627365112
00959 1464104632.9476299286 9.0627365112
00960 1464104632.9830060005 9.0627365112
00961 1464104633.0143346786 9.0627365112
00962 1464104633.0476808548 8.8807020187
00963 1464104633.0810024738 8.8807020187
00964 1464104633.1143426895 8.8807020187
00965 1464104633.1476051807 8.8807020187
00966 1464104633.1809639931 8.8807020187
00967 1464104633.2143716812 8.8807020187
00968 1464104633.2476336956 8.8807020187
00969 1464104633.2809889317 8.8807020187
00970 1464104633.3143777847 8.8807020187
00971 1464104633.3475329876 8.8807020187
00972 1464104633.3809657097 8.8807020187
00973 1464104633.4145629406 8.8807020187
00974 1464104633.4476671219 8.8807020187
00975 1464104633.4837810993 8.8807020187
00976 1464104633.5143401623 8.8807020187
00977 1464104633.5477070808 8.7096138000
00978 1464104633.5810406208 8.7096138000
00979 1464104633.6144027710 8.7096138000
00980 1464104633.6501092911 8.7096138000
00981 1464104633.6809630394 8.7096138000
00982 1464104633.7142882347 8.5825967789
00983 1464104633.7475898266 8.5825967789
00984 1464104633.7808895111 8.5825967789
00985 1464104633.8165273666 8.5825967789
00986 1464104633.8476057053 8.5825967789
00987 1464104633.8808414936 8.4115085602
00988 1464104633.9142224789 8.4115085602
00989 1464104633.9475817680 8.4115085602
00990 1464104633.9829280376 8.4115085602
00991 1464104634.0142624378 8.4115085602
00992 1464104634.0475437641 8.2564210892
00993 1464104634.0808653831 8.2564210892
00994 1464104634.1142678261 8.2564210892
00995 1464104634.1505241394 8.2564210892
00996 1464104634.1809098721 8.2564210892
00997 1464104634.2142496109 8.0753688812
00998 1464104634.2475330830 8.0753688812
00999 1464104634.2809059620 8.0753688812
01000 1464104634.3204464912 8.0753688812
01001 1464104634.3477971554 8.0753688812
01002 1464104634.3807628155 7.8982458115
01003 1464104634.4146814346 7.8982458115
01004 1464104634.4475247860 7.8982458115
01005 1464104634.4830174446 7.8982458115
01006 1464104634.5143952370 7.8982458115
01007 1464104634.5473818779 7.7402105331
01008 1464104634.5808513165 7.7402105331
01009 1464104634.6144061089 7.7402105331
01010 1464104634.6500144005 7.7402105331
01011 1464104634.6808228493 7.7402105331
01012 1464104634.7143139839 7.6030879021
01013 1464104634.7477135658 7.6030879021
01014 1464104634.7808170319 7.6030879021
01015 1464104634.8165464401 7.4899649620
01016 1464104634.8474690914 7.4899649620
01017 1464104634.8810131550 7.4899649620
01018 1464104634.9141581059 7.4899649620
01019 1464104634.9473328590 7.4899649620
01020 1464104634.9826407433 7.4899649620
01021 1464104635.0142953396 7.3578948975
01022 1464104635.0476965904 7.3578948975
01023 1464104635.0807759762 7.3578948975
01024 1464104635.1142399311 7.3578948975
01025 1464104635.1493144035 7.3578948975
01026 1464104635.1807572842 7.3578948975
01027 1464104635.2143728733 7.2398595810
01028 1464104635.2473380566 7.2398595810
01029 1464104635.2807254791 7.1487717628
01030 1464104635.3163306713 7.1487717628
01031 1464104635.3473627567 7.1487717628
01032 1464104635.3807339668 7.1487717628
01033 1464104635.4141130447 7.1487717628
01034 1464104635.4476685524 7.1487717628
01035 1464104635.4807705879 7.1487717628
01036 1464104635.5142107010 7.1487717628
01037 1464104635.5473167896 7.1487717628
01038 1464104635.5808076859 7.1487717628
01039 1464104635.6140310764 7.1487717628
01040 1464104635.6474051476 7.1487717628
01041 1464104635.6807160378 7.1487717628
01042 1464104635.7140164375 7.1487717628
01043 1464104635.7473447323 7.1487717628
01044 1464104635.7808845043 7.1487717628
01045 1464104635.8142666817 7.1487717628
01046 1464104635.8473336697 7.1487717628
01047 1464104635.8809056282 7.1487717628
01048 1464104635.9143173695 7.1487717628
01049 1464104635.9474728107 7.1487717628
01050 1464104635.9812109470 7.1487717628
01051 1464104636.0140299797 7.1487717628
01052 1464104636.0475478172 7.1487717628
01053 1464104636.0806598663 7.1487717628
01054 1464104636.1140050888 7.1487717628
01055 1464104636.1475348473 7.1487717628
01056 1464104636.1805944443 7.1487717628
01057 1464104636.2140209675 7.1487717628
01058 1464104636.2473068237 7.1487717628
01059 1464104636.2808325291 7.1487717628
01060 1464104636.3141884804 7.1487717628
01061 1464104636.3475129604 7.1487717628
01062 1464104636.3806076050 7.1487717628
01063 1464104636.4147737026 7.1487717628
01064 1464104636.4533174038 7.1487717628
01065 1464104636.4832541943 7.1487717628
01066 1464104636.5139355659 7.2042107582
01067 1464104636.5475883484 7.2042107582
01068 1464104636.5807065964 7.2042107582
01069 1464104636.6140723228 7.2042107582
01070 1464104636.6500704288 7.2042107582
01071 1464104636.6806001663 7.2686314583
01072 1464104636.7141058445 7.2686314583
01073 1464104636.7472584248 7.2686314583
01074 1464104636.7805275917 7.2686314583
01075 1464104636.8168549538 7.2686314583
01076 1464104636.8472354412 7.2686314583
01077 1464104636.8805444241 7.3761401176
01078 1464104636.9139602184 7.3761401176
01079 1464104636.9485609531 7.3761401176
01080 1464104636.9833021164 7.5326313972
01081 1464104637.0138475895 7.5326313972
01082 1464104637.0471854210 7.5326313972
01083 1464104637.0804452896 7.5326313972
01084 1464104637.1137785912 7.5326313972
01085 1464104637.1502990723 7.5326313972
01086 1464104637.1811573505 7.5326313972
01087 1464104637.2137622833 7.7121405602
01088 1464104637.2471415997 7.7121405602
01089 1464104637.2813582420 7.7121405602
01090 1464104637.3168342113 7.7121405602
01091 1464104637.3483331203 7.7121405602
01092 1464104637.3835499287 7.9045615196
01093 1464104637.4137699604 7.9045615196
01094 1464104637.4471185207 7.9045615196
01095 1464104637.4834961891 7.9045615196
01096 1464104637.5138516426 8.0499649048
01097 1464104637.5471534729 8.0499649048
01098 1464104637.5804991722 8.0499649048
01099 1464104637.6137666702 8.0499649048
01100 1464104637.6500096321 8.0499649048
01101 1464104637.6804480553 8.0499649048
01102 1464104637.7137827873 8.1795091629
01103 1464104637.7470715046 8.1795091629
01104 1464104637.7804129124 8.1795091629
01105 1464104637.8137600422 8.1795091629
01106 1464104637.8470866680 8.1795091629
01107 1464104637.8807456493 8.1795091629
01108 1464104637.9151446819 8.1795091629
01109 1464104637.9470410347 8.1795091629
01110 1464104637.9803977013 8.1795091629
01111 1464104638.0136330128 8.1795091629
01112 1464104638.0470423698 8.1795091629
01113 1464104638.0803961754 8.1795091629
01114 1464104638.1136708260 8.1795091629
01115 1464104638.1496615410 8.1795091629
01116 1464104638.1834239960 8.1795091629
01117 1464104638.2137522697 8.1414737701
01118 1464104638.2471153736 8.1414737701
01119 1464104638.2804718018 8.1414737701
01120 1464104638.3171038628 8.1414737701
01121 1464104638.3469507694 8.0874385834
01122 1464104638.3803026676 8.0874385834
01123 1464104638.4168121815 8.0874385834
01124 1464104638.4471294880 8.0874385834
01125 1464104638.4828538895 8.0874385834
01126 1464104638.5137245655 8.0874385834
01127 1464104638.5469427109 8.0094032288
01128 1464104638.5806691647 8.0094032288
01129 1464104638.6140506268 8.0094032288
01130 1464104638.6495478153 8.0094032288
01131 1464104638.6807610989 8.0094032288
01132 1464104638.7135429382 7.9323511124
01133 1464104638.7512552738 7.9323511124
01134 1464104638.7804219723 7.9323511124
01135 1464104638.8136827946 7.9323511124
01136 1464104638.8470606804 7.9323511124
01137 1464104638.8804600239 7.9323511124
01138 1464104638.9141602516 7.9323511124
01139 1464104638.9468863010 7.9323511124
01140 1464104638.9803936481 7.9323511124
01141 1464104639.0135662556 7.9323511124
01142 1464104639.0471906662 7.9323511124
01143 1464104639.0803608894 7.9323511124
01144 1464104639.1137802601 7.9323511124
01145 1464104639.1469981670 7.9323511124
01146 1464104639.1803245544 7.9323511124
01147 1464104639.2136335373 7.9323511124
01148 1464104639.2472801208 7.9323511124
01149 1464104639.2802357674 7.9323511124
01150 1464104639.3135230541 7.9323511124
01151 1464104639.3468885422 7.9323511124
01152 1464104639.3801951408 7.9323511124
01153 1464104639.4134624004 7.9323511124
01154 1464104639.4477989674 7.9323511124
01155 1464104639.4802248478 7.9323511124
01156 1464104639.5135331154 7.9323511124
01157 1464104639.5471775532 7.9323511124
01158 1464104639.5802810192 7.9323511124
01159 1464104639.6135826111 7.9323511124
01160 1464104639.6469292641 7.9323511124
01161 1464104639.6802330017 7.9323511124
01162 1464104639.7135286331 7.9323511124
01163 1464104639.7471814156 7.9323511124
01164 1464104639.7801475525 7.9323511124
01165 1464104639.8135714531 7.9323511124
01166 1464104639.8469212055 7.9323511124
01167 1464104639.8802261353 7.9323511124
01168 1464104639.9134771824 7.9323511124
01169 1464104639.9468607903 7.9323511124
01170 1464104639.9801778793 7.9323511124
01171 1464104640.0136382580 7.9323511124
01172 1464104640.0475196838 7.9323511124
01173 1464104640.0802581310 7.9323511124
01174 1464104640.1134719849 7.9323511124
01175 1464104640.1495447159 7.9323511124
01176 1464104640.1801855564 7.9323511124
01177 1464104640.2135188580 7.8303155899
01178 1464104640.2477560043 7.8303155899
01179 1464104640.2801434994 7.8303155899
01180 1464104640.3134541512 7.8303155899
01181 1464104640.3482904434 7.8303155899
01182 1464104640.3800525665 7.8303155899
01183 1464104640.4134151936 7.8303155899
01184 1464104640.4467637539 7.8303155899
01185 1464104640.4801657200 7.8303155899
01186 1464104640.5137705803 7.8303155899
01187 1464104640.5474684238 7.8303155899
01188 1464104640.5826778412 7.8303155899
01189 1464104640.6133177280 7.8303155899
01190 1464104640.6467175484 7.8303155899
01191 1464104640.6799795628 7.8303155899
01192 1464104640.7137129307 7.8303155899
01193 1464104640.7469573021 7.8303155899
01194 1464104640.7801260948 7.8303155899
01195 1464104640.8204054832 7.8303155899
01196 1464104640.8467268944 7.8303155899
01197 1464104640.8800783157 7.6812629700
01198 1464104640.9133224487 7.6812629700
01199 1464104640.9493780136 7.6812629700
01200 1464104640.9828364849 7.6812629700
01201 1464104641.0134103298 7.4971227646
01202 1464104641.0466041565 7.4971227646
01203 1464104641.0800383091 7.4971227646
01204 1464104641.1133921146 7.4971227646
01205 1464104641.1493904591 7.4971227646
01206 1464104641.1800961494 7.4971227646
01207 1464104641.2134029865 7.2750878334
01208 1464104641.2466866970 7.2750878334
01209 1464104641.2800471783 7.2750878334
01210 1464104641.3154299259 7.2750878334
01211 1464104641.3472795486 7.2750878334
01212 1464104641.3800377846 7.0530524254
01213 1464104641.4133343697 7.0530524254
01214 1464104641.4466593266 7.0530524254
01215 1464104641.4828217030 7.0530524254
01216 1464104641.5132741928 7.0530524254
01217 1464104641.5466585159 6.8009824753
01218 1464104641.5800702572 6.8009824753
01219 1464104641.6133179665 6.8009824753
01220 1464104641.6494367123 6.8009824753
01221 1464104641.6800684929 6.8009824753
01222 1464104641.7136700153 6.5889124870
01223 1464104641.7467267513 6.5889124870
01224 1464104641.7798826694 6.5889124870
01225 1464104641.8158512115 6.5889124870
01226 1464104641.8466954231 6.5889124870
01227 1464104641.8799533844 6.4098243713
01228 1464104641.9135506153 6.4098243713
01229 1464104641.9465777874 6.4098243713
01230 1464104641.9823591709 6.4098243713
01231 1464104642.0135259628 6.2527718544
01232 1464104642.0465664864 6.2527718544
01233 1464104642.0799460411 6.2527718544
01234 1464104642.1132576466 6.2527718544
01235 1464104642.1493685246 6.2527718544
01236 1464104642.1799569130 6.2527718544
01237 1464104642.2132527828 6.1247720718
01238 1464104642.2466094494 6.1247720718
01239 1464104642.2801530361 6.1247720718
01240 1464104642.3134112358 6.1247720718
01241 1464104642.3468239307 6.1247720718
01242 1464104642.3799111843 6.1247720718
01243 1464104642.4132492542 6.1247720718
01244 1464104642.4466340542 6.1247720718
01245 1464104642.4806983471 6.1247720718
01246 1464104642.5131690502 6.1247720718
01247 1464104642.5469408035 6.1247720718
01248 1464104642.5799303055 6.1247720718
01249 1464104642.6132709980 6.1247720718
01250 1464104642.6492228508 6.1247720718
01251 1464104642.6799511909 6.1247720718
01252 1464104642.7132837772 6.0087018013
01253 1464104642.7465968132 6.0087018013
01254 1464104642.7798235416 6.0087018013
01255 1464104642.8131496906 6.0087018013
01256 1464104642.8465979099 6.0087018013
01257 1464104642.8799233437 6.0087018013
01258 1464104642.9132549763 6.0087018013
01259 1464104642.9466209412 6.0087018013
01260 1464104642.9798057079 6.0087018013
01261 1464104643.0131683350 6.0087018013
01262 1464104643.0464866161 6.0087018013
01263 1464104643.0797080994 6.0087018013
01264 1464104643.1130406857 6.0087018013
01265 1464104643.1464393139 6.0087018013
01266 1464104643.1802966595 6.0087018013
01267 1464104643.2132105827 6.0087018013
01268 1464104643.2464661598 6.0087018013
01269 1464104643.2797544003 6.0087018013
01270 1464104643.3157064915 6.0087018013
01271 1464104643.3466968536 6.0691928864
01272 1464104643.3796434402 6.0691928864
01273 1464104643.4148638248 6.0691928864
01274 1464104643.4465548992 6.0691928864
01275 1464104643.4827852249 6.0691928864
01276 1464104643.5130243301 6.0691928864
01277 1464104643.5464689732 6.1607017517
01278 1464104643.5829989910 6.1607017517
01279 1464104643.6132252216 6.1607017517
01280 1464104643.6520977020 6.2481403351
01281 1464104643.6798434258 6.2481403351
01282 1464104643.7130699158 6.2481403351
01283 1464104643.7464718819 6.2481403351
01284 1464104643.7797391415 6.2481403351
01285 1464104643.8153316975 6.2481403351
01286 1464104643.8465440273 6.3866667747
01287 1464104643.8803579807 6.3866667747
01288 1464104643.9130480289 6.3866667747
01289 1464104643.9464430809 6.3866667747
01290 1464104643.9823858738 6.3866667747
01291 1464104644.0130321980 6.3866667747
01292 1464104644.0462985039 6.5242104530
01293 1464104644.0796263218 6.5242104530
01294 1464104644.1130554676 6.5242104530
01295 1464104644.1491820812 6.6256842613
01296 1464104644.1799662113 6.6256842613
01297 1464104644.2129862309 6.6256842613
01298 1464104644.2473249435 6.6256842613
01299 1464104644.2799856663 6.6256842613
01300 1464104644.3134708405 6.6256842613
01301 1464104644.3468298912 6.6256842613
01302 1464104644.3796582222 6.6256842613
01303 1464104644.4130048752 6.6256842613
01304 1464104644.4468357563 6.6256842613
01305 1464104644.4797420502 6.6256842613
01306 1464104644.5129325390 6.6256842613
01307 1464104644.5463583469 6.6256842613
01308 1464104644.5809013844 6.6256842613
01309 1464104644.6132297516 6.6256842613
01310 1464104644.6465473175 6.6256842613
01311 1464104644.6796798706 6.6256842613
01312 1464104644.7128176689 6.6256842613
01313 1464104644.7463622093 6.6256842613
01314 1464104644.7798516750 6.6256842613
01315 1464104644.8158438206 6.6256842613
01316 1464104644.8463671207 6.7312278748
01317 1464104644.8796000481 6.7312278748
01318 1464104644.9131357670 6.7312278748
01319 1464104644.9465017319 6.7312278748
01320 1464104644.9798302650 6.7312278748
01321 1464104645.0129756927 6.7312278748
01322 1464104645.0463535786 6.7312278748
01323 1464104645.0795125961 6.7312278748
01324 1464104645.1129682064 6.7312278748
01325 1464104645.1489737034 6.8336844444
01326 1464104645.1796152592 6.8336844444
01327 1464104645.2129299641 6.8336844444
01328 1464104645.2466351986 6.8336844444
01329 1464104645.2799522877 6.8336844444
01330 1464104645.3149356842 6.8336844444
01331 1464104645.3463575840 6.9771227837
01332 1464104645.3799796104 6.9771227837
01333 1464104645.4129302502 6.9771227837
01334 1464104645.4462845325 6.9771227837
01335 1464104645.4818818569 6.9771227837
01336 1464104645.5128729343 6.9771227837
01337 1464104645.5467767715 7.1375436783
01338 1464104645.5807938576 7.1375436783
01339 1464104645.6158995628 7.1375436783
01340 1464104645.6483509541 7.1375436783
01341 1464104645.6825466156 7.1375436783
01342 1464104645.7126746178 7.3039999008
01343 1464104645.7478408813 7.3039999008
01344 1464104645.7794556618 7.3039999008
01345 1464104645.8151280880 7.3039999008
01346 1464104645.8461186886 7.3039999008
01347 1464104645.8813610077 7.5104560852
01348 1464104645.9130322933 7.5104560852
01349 1464104645.9463627338 7.5104560852
01350 1464104645.9822039604 7.5104560852
01351 1464104646.0127933025 7.5104560852
01352 1464104646.0461738110 7.6999297142
01353 1464104646.0793850422 7.6999297142
01354 1464104646.1128273010 7.6999297142
01355 1464104646.1492424011 7.6999297142
01356 1464104646.1819908619 7.6999297142
01357 1464104646.2138884068 7.9034385681
01358 1464104646.2466363907 7.9034385681
01359 1464104646.2793705463 7.9034385681
01360 1464104646.3151113987 7.9034385681
01361 1464104646.3460946083 7.9034385681
01362 1464104646.3793592453 8.1409120560
01363 1464104646.4127578735 8.1409120560
01364 1464104646.4461345673 8.1409120560
01365 1464104646.4818994999 8.1409120560
01366 1464104646.5126252174 8.1409120560
01367 1464104646.5460829735 8.3514385223
01368 1464104646.5794022083 8.3514385223
01369 1464104646.6154086590 8.3514385223
01370 1464104646.6491122246 8.3514385223
01371 1464104646.6801233292 8.3514385223
01372 1464104646.7131116390 8.5709476471
01373 1464104646.7461884022 8.5709476471
01374 1464104646.7794356346 8.5709476471
01375 1464104646.8150916100 8.5709476471
01376 1464104646.8461182117 8.5709476471
01377 1464104646.8794057369 8.7654733658
01378 1464104646.9126272202 8.7654733658
01379 1464104646.9460935593 8.7654733658
01380 1464104646.9793872833 8.7654733658
01381 1464104647.0127453804 8.7654733658
01382 1464104647.0460536480 8.7654733658
01383 1464104647.0792534351 8.7654733658
01384 1464104647.1127207279 8.7654733658
01385 1464104647.1460978985 8.7654733658
01386 1464104647.1793763638 8.7654733658
01387 1464104647.2152585983 8.7654733658
01388 1464104647.2460532188 8.7654733658
01389 1464104647.2793772221 8.7654733658
01390 1464104647.3126888275 8.7654733658
01391 1464104647.3460528851 8.7654733658
01392 1464104647.3793792725 8.7654733658
01393 1464104647.4133708477 8.7654733658
01394 1464104647.4459857941 8.7654733658
01395 1464104647.4798128605 8.7654733658
01396 1464104647.5135118961 8.7654733658
01397 1464104647.5462145805 8.7654733658
01398 1464104647.5798573494 8.7654733658
01399 1464104647.6126146317 8.7654733658
01400 1464104647.6465547085 8.7654733658
01401 1464104647.6794655323 8.7654733658
01402 1464104647.7126319408 8.7654733658
01403 1464104647.7463397980 8.7654733658
01404 1464104647.7804453373 8.7654733658
01405 1464104647.8126802444 8.7654733658
01406 1464104647.8460283279 8.7654733658
01407 1464104647.8812093735 8.7654733658
01408 1464104647.9125576019 8.7654733658
01409 1464104647.9464502335 8.7654733658
01410 1464104647.9793055058 8.7654733658
01411 1464104648.0125951767 8.7654733658
01412 1464104648.0458903313 8.7654733658
01413 1464104648.0791151524 8.7654733658
01414 1464104648.1124813557 8.7654733658
01415 1464104648.1459338665 8.7654733658
01416 1464104648.1792130470 8.7654733658
01417 1464104648.2126603127 8.7654733658
01418 1464104648.2464804649 8.7654733658
01419 1464104648.2792913914 8.7654733658
01420 1464104648.3124523163 8.7654733658
01421 1464104648.3459267616 8.7654733658
01422 1464104648.3791766167 8.7654733658
01423 1464104648.4151694775 8.7654733658
01424 1464104648.4458489418 8.7654733658
01425 1464104648.4824640751 8.7654733658
01426 1464104648.5123276711 8.7264556885
01427 1464104648.5457785130 8.7264556885
01428 1464104648.5791230202 8.7264556885
01429 1464104648.6142635345 8.7264556885
01430 1464104648.6458370686 8.7264556885
01431 1464104648.6791090965 8.7264556885
01432 1464104648.7124042511 8.7264556885
01433 1464104648.7457826138 8.7264556885
01434 1464104648.7791526318 8.7264556885
01435 1464104648.8127667904 8.7264556885
01436 1464104648.8458826542 8.7264556885
01437 1464104648.8820536137 8.7264556885
01438 1464104648.9127004147 8.7264556885
01439 1464104648.9458968639 8.7264556885
01440 1464104648.9791400433 8.7264556885
01441 1464104649.0124688148 8.7264556885
01442 1464104649.0489387512 8.7264556885
01443 1464104649.0791528225 8.7264556885
01444 1464104649.1123170853 8.7264556885
01445 1464104649.1486763954 8.7264556885
01446 1464104649.1798131466 8.7264556885
01447 1464104649.2124629021 8.8879995346
01448 1464104649.2458462715 8.8879995346
01449 1464104649.2791140079 8.8879995346
01450 1464104649.3145978451 8.8879995346
01451 1464104649.3457605839 8.8879995346
01452 1464104649.3791117668 9.0964212418
01453 1464104649.4123961926 9.0964212418
01454 1464104649.4457006454 9.0964212418
01455 1464104649.4813966751 9.0964212418
01456 1464104649.5124571323 9.0964212418
01457 1464104649.5457715988 9.3208417892
01458 1464104649.5790762901 9.3208417892
01459 1464104649.6124448776 9.3208417892
01460 1464104649.6478862762 9.3208417892
01461 1464104649.6790251732 9.3208417892
01462 1464104649.7123086452 9.6213331223
01463 1464104649.7457571030 9.6213331223
01464 1464104649.7790589333 9.6213331223
01465 1464104649.8145222664 9.6213331223
01466 1464104649.8457612991 9.6213331223
01467 1464104649.8790514469 10.0338249207
01468 1464104649.9124085903 10.0338249207
01469 1464104649.9456815720 10.0338249207
01470 1464104649.9819049835 10.0338249207
01471 1464104650.0123744011 10.0338249207
01472 1464104650.0456926823 10.5183153152
01473 1464104650.0790219307 10.5183153152
01474 1464104650.1121678352 10.5183153152
01475 1464104650.1482481956 10.5183153152
01476 1464104650.1789510250 10.5183153152
01477 1464104650.2123420238 11.1717891693
01478 1464104650.2456555367 11.1717891693
01479 1464104650.2790150642 11.1717891693
01480 1464104650.3143701553 11.1717891693
01481 1464104650.3456211090 11.1717891693
01482 1464104650.3789074421 12.0162811279
01483 1464104650.4152641296 12.0162811279
01484 1464104650.4457492828 12.0162811279
01485 1464104650.4813530445 12.0162811279
01486 1464104650.5121786594 12.0162811279
01487 1464104650.5455570221 13.0428066254
01488 1464104650.5789418221 13.0428066254
01489 1464104650.6124081612 13.0428066254
01490 1464104650.6480157375 13.0428066254
01491 1464104650.6820547581 13.0428066254
01492 1464104650.7132134438 14.1762809753
01493 1464104650.7457630634 14.1762809753
01494 1464104650.7791862488 14.1762809753
01495 1464104650.8148596287 14.1762809753
01496 1464104650.8456525803 14.1762809753
01497 1464104650.8789572716 15.5157890320
01498 1464104650.9123466015 15.5157890320
01499 1464104650.9456145763 15.5157890320
01500 1464104650.9813535213 15.5157890320
01501 1464104651.0122671127 15.5157890320
01502 1464104651.0456101894 16.9992980957
01503 1464104651.0789060593 16.9992980957
01504 1464104651.1123080254 16.9992980957
01505 1464104651.1486794949 16.9992980957
01506 1464104651.1790022850 16.9992980957
01507 1464104651.2123060226 18.8057537079
01508 1464104651.2455942631 18.8057537079
01509 1464104651.2792861462 18.8057537079
01510 1464104651.3147699833 18.8057537079
01511 1464104651.3454608917 18.8057537079
01512 1464104651.3816618919 21.4832286835
01513 1464104651.4121799469 21.4832286835
01514 1464104651.4454724789 21.4832286835
01515 1464104651.4847903252 21.4832286835
01516 1464104651.5122129917 21.4832286835
01517 1464104651.5455586910 25.2506675720
01518 1464104651.5789380074 25.2506675720
01519 1464104651.6122035980 25.2506675720
01520 1464104651.6482534409 25.2506675720
01521 1464104651.6788876057 25.2506675720
01522 1464104651.7122597694 29.9931221008
01523 1464104651.7454600334 29.9931221008
01524 1464104651.7787692547 29.9931221008
01525 1464104651.8149046898 29.9931221008
01526 1464104651.8454914093 29.9931221008
01527 1464104651.8788037300 33.3075103760
01528 1464104651.9119710922 33.3075103760
01529 1464104651.9454123974 33.3075103760
01530 1464104651.9813416004 33.3075103760
01531 1464104652.0120799541 33.3075103760
01532 1464104652.0455019474 33.3075103760
01533 1464104652.0788092613 33.3075103760
01534 1464104652.1120185852 33.3075103760
01535 1464104652.1484010220 33.3075103760
01536 1464104652.1788029671 33.3075103760
01537 1464104652.2121219635 33.3075103760
01538 1464104652.2453835011 33.3075103760
01539 1464104652.2788236141 33.3075103760
01540 1464104652.3140027523 33.3075103760
01541 1464104652.3453638554 33.3075103760
01542 1464104652.3786966801 33.3075103760
01543 1464104652.4128358364 33.3075103760
01544 1464104652.4469032288 33.3075103760
01545 1464104652.4812731743 33.3075103760
01546 1464104652.5119745731 33.3075103760
01547 1464104652.5452606678 33.3075103760
01548 1464104652.5786550045 33.3075103760
01549 1464104652.6122450829 33.3075103760
01550 1464104652.6480233669 33.3075103760
01551 1464104652.6787252426 33.3075103760
01552 1464104652.7124087811 33.3075103760
01553 1464104652.7453968525 33.3075103760
01554 1464104652.7787377834 33.3075103760
01555 1464104652.8148615360 33.3075103760
01556 1464104652.8453598022 33.3075103760
01557 1464104652.8800160885 33.3075103760
01558 1464104652.9120392799 33.3075103760
01559 1464104652.9454267025 33.3075103760
01560 1464104652.9837160110 33.3075103760
01561 1464104653.0120701790 33.3075103760
01562 1464104653.0453739166 33.3075103760
01563 1464104653.0787091255 33.3075103760
01564 1464104653.1121420860 33.3075103760
01565 1464104653.1468052864 33.3075103760
01566 1464104653.1791896820 33.3075103760
01567 1464104653.2119922638 33.3075103760
01568 1464104653.2452151775 33.3075103760
01569 1464104653.2786645889 33.3075103760
01570 1464104653.3135838509 33.3075103760
01571 1464104653.3453500271 33.3075103760
01572 1464104653.3786611557 33.3075103760
01573 1464104653.4119856358 33.3075103760
01574 1464104653.4452350140 33.3075103760
01575 1464104653.4811303616 33.3075103760
01576 1464104653.5131278038 33.3075103760
01577 1464104653.5452136993 33.3075103760
01578 1464104653.5785574913 33.3075103760
01579 1464104653.6119220257 33.3075103760
01580 1464104653.6481499672 33.3075103760
01581 1464104653.6786513329 33.3075103760
01582 1464104653.7118616104 33.3075103760
01583 1464104653.7452356815 33.3075103760
01584 1464104653.7786016464 33.3075103760
01585 1464104653.8147246838 33.3075103760
01586 1464104653.8452913761 33.3075103760
01587 1464104653.8786201477 33.3075103760
01588 1464104653.9119758606 33.3075103760
01589 1464104653.9452459812 33.3075103760
01590 1464104653.9814519882 33.3075103760
01591 1464104654.0117995739 33.3075103760
01592 1464104654.0451571941 33.3075103760
01593 1464104654.0797948837 33.3075103760
01594 1464104654.1118962765 33.3075103760
01595 1464104654.1471600533 33.3075103760
01596 1464104654.1785690784 33.3075103760
01597 1464104654.2119371891 33.3075103760
01598 1464104654.2452645302 33.3075103760
01599 1464104654.2786016464 33.3075103760
01600 1464104654.3149435520 33.3075103760
01601 1464104654.3451642990 33.3075103760
01602 1464104654.3785719872 33.3075103760
01603 1464104654.4117457867 33.3075103760
01604 1464104654.4451687336 33.3075103760
01605 1464104654.4810774326 33.3075103760
01606 1464104654.5116734505 33.3075103760
01607 1464104654.5451426506 33.3075103760
01608 1464104654.5784840584 33.3075103760
01609 1464104654.6118593216 33.3075103760
01610 1464104654.6477663517 33.3075103760
01611 1464104654.6785724163 33.3075103760
01612 1464104654.7118391991 33.3075103760
01613 1464104654.7452356815 33.3075103760
01614 1464104654.7786071301 33.3075103760
01615 1464104654.8139543533 33.3075103760
01616 1464104654.8452439308 33.3075103760
01617 1464104654.8785216808 33.3075103760
01618 1464104654.9116942883 33.3075103760
01619 1464104654.9450576305 33.3075103760
01620 1464104654.9812259674 33.3075103760
01621 1464104655.0118362904 33.3075103760
01622 1464104655.0451502800 33.3075103760
01623 1464104655.0784978867 33.3075103760
01624 1464104655.1117873192 33.3075103760
01625 1464104655.1470193863 33.3075103760
01626 1464104655.1784415245 33.3075103760
01627 1464104655.2117304802 33.3075103760
01628 1464104655.2451066971 33.3075103760
01629 1464104655.2784647942 33.3075103760
01630 1464104655.3139686584 33.3075103760
01631 1464104655.3451192379 33.3075103760
01632 1464104655.3784556389 33.3075103760
01633 1464104655.4117267132 33.3075103760
01634 1464104655.4450387955 33.3075103760
01635 1464104655.4807355404 33.3075103760
01636 1464104655.5116679668 33.3075103760
01637 1464104655.5450639725 33.3075103760
01638 1464104655.5784215927 33.3075103760
01639 1464104655.6117305756 33.3075103760
01640 1464104655.6475427151 33.3075103760
01641 1464104655.6784043312 33.3075103760
01642 1464104655.7117223740 33.3075103760
01643 1464104655.7509665489 33.3075103760
01644 1464104655.7810540199 33.3075103760
01645 1464104655.8169124126 33.3075103760
01646 1464104655.8450706005 33.3075103760
01647 1464104655.8784053326 33.3075103760
01648 1464104655.9147279263 33.3075103760
01649 1464104655.9450278282 33.3075103760
01650 1464104655.9809117317 33.3075103760
01651 1464104656.0116715431 33.3075103760
01652 1464104656.0473127365 33.3075103760
01653 1464104656.0784382820 33.3075103760
01654 1464104656.1116425991 33.3075103760
01655 1464104656.1466264725 33.3075103760
01656 1464104656.1783418655 33.3075103760
01657 1464104656.2115805149 33.3075103760
01658 1464104656.2449648380 33.3075103760
01659 1464104656.2783591747 33.3075103760
01660 1464104656.3142781258 33.3075103760
01661 1464104656.3449254036 33.3075103760
01662 1464104656.3791005611 33.3075103760
01663 1464104656.4146313667 33.3075103760
01664 1464104656.4449913502 33.3075103760
01665 1464104656.4830515385 33.3075103760
01666 1464104656.5139396191 33.3075103760
01667 1464104656.5449745655 33.3075103760
01668 1464104656.5783293247 33.3075103760
01669 1464104656.6116290092 33.3075103760
01670 1464104656.6473724842 33.3075103760
01671 1464104656.6812863350 33.3075103760
01672 1464104656.7115705013 33.3075103760
01673 1464104656.7449147701 33.3075103760
01674 1464104656.7811486721 33.3075103760
01675 1464104656.8177852631 33.3075103760
01676 1464104656.8448998928 33.3075103760
01677 1464104656.8816058636 33.3075103760
01678 1464104656.9114000797 33.3075103760
01679 1464104656.9449002743 33.3075103760
01680 1464104656.9804480076 33.3075103760
01681 1464104657.0115568638 33.3075103760
01682 1464104657.0449020863 33.3075103760
01683 1464104657.0783042908 33.3075103760
01684 1464104657.1141421795 33.3075103760
01685 1464104657.1474020481 33.3075103760
01686 1464104657.1780958176 33.3075103760
01687 1464104657.2115833759 33.3075103760
01688 1464104657.2447953224 33.3075103760
01689 1464104657.2781836987 33.3075103760
01690 1464104657.3135807514 33.3075103760
01691 1464104657.3448164463 33.3075103760
01692 1464104657.3789422512 33.3075103760
01693 1464104657.4115726948 33.3075103760
01694 1464104657.4448983669 33.3075103760
01695 1464104657.4808187485 33.3075103760
01696 1464104657.5114085674 33.3075103760
01697 1464104657.5448632240 33.3075103760
01698 1464104657.5782630444 33.3075103760
01699 1464104657.6115405560 33.3075103760
01700 1464104657.6471726894 33.3075103760
01701 1464104657.6783916950 33.3075103760
01702 1464104657.7114243507 33.3075103760
01703 1464104657.7473027706 33.3075103760
01704 1464104657.7781834602 33.3075103760
01705 1464104657.8136878014 33.3075103760
01706 1464104657.8447597027 33.3075103760
01707 1464104657.8781635761 33.3075103760
01708 1464104657.9118678570 33.3075103760
01709 1464104657.9448394775 33.3075103760
01710 1464104657.9809217453 33.3075103760
01711 1464104658.0114946365 33.3075103760
01712 1464104658.0448195934 33.3075103760
01713 1464104658.0787284374 33.3075103760
01714 1464104658.1119377613 33.3075103760
01715 1464104658.1471359730 33.3075103760
01716 1464104658.1780133247 33.3075103760
01717 1464104658.2115755081 33.3075103760
01718 1464104658.2447133064 33.3075103760
01719 1464104658.2781443596 33.3075103760
01720 1464104658.3139257431 33.3075103760
01721 1464104658.3447630405 33.3075103760
01722 1464104658.3782014847 33.3075103760
01723 1464104658.4114589691 33.3075103760
01724 1464104658.4447987080 33.3075103760
01725 1464104658.4807276726 33.3075103760
01726 1464104658.5113728046 33.3075103760
01727 1464104658.5447146893 33.3075103760
01728 1464104658.5781481266 33.3075103760
01729 1464104658.6116464138 33.3075103760
01730 1464104658.6469926834 33.3075103760
01731 1464104658.6781094074 33.3075103760
01732 1464104658.7113451958 33.3075103760
01733 1464104658.7447431087 33.3075103760
01734 1464104658.7779831886 33.3075103760
01735 1464104658.8147616386 33.3075103760
01736 1464104658.8447074890 33.3075103760
01737 1464104658.8780364990 33.3075103760
01738 1464104658.9112923145 33.3075103760
01739 1464104658.9446716309 33.3075103760
01740 1464104658.9803528786 33.3075103760
01741 1464104659.0114011765 33.3075103760
01742 1464104659.0446846485 33.3075103760
01743 1464104659.0780177116 33.3075103760
01744 1464104659.1114058495 33.3075103760
01745 1464104659.1472194195 33.3075103760
01746 1464104659.1778454781 33.3075103760
01747 1464104659.2114143372 33.3075103760
01748 1464104659.2448251247 33.3075103760
01749 1464104659.2779686451 33.3075103760
01750 1464104659.3140211105 33.3075103760
01751 1464104659.3445229530 33.3075103760
01752 1464104659.3779668808 33.3075103760
01753 1464104659.4112951756 33.3075103760
01754 1464104659.4446005821 33.3075103760
01755 1464104659.4806945324 33.3075103760
01756 1464104659.5111212730 33.3075103760
01757 1464104659.5446159840 33.3075103760
01758 1464104659.5779261589 33.3075103760
01759 1464104659.6113445759 33.3075103760
01760 1464104659.6482186317 33.3075103760
01761 1464104659.6779994965 33.3075103760
01762 1464104659.7112932205 33.3075103760
01763 1464104659.7445747852 33.3075103760
01764 1464104659.7779974937 33.3075103760
01765 1464104659.8133940697 33.3075103760
01766 1464104659.8445091248 33.3075103760
01767 1464104659.8778955936 33.3075103760
01768 1464104659.9111461639 33.3075103760
01769 1464104659.9454228878 33.3075103760
01770 1464104659.9805591106 33.3075103760
01771 1464104660.0112030506 33.3075103760
01772 1464104660.0445084572 33.3075103760
01773 1464104660.0778419971 33.3075103760
01774 1464104660.1111733913 33.3075103760
01775 1464104660.1470363140 33.3075103760
01776 1464104660.1779158115 33.3075103760
01777 1464104660.2112150192 33.3075103760
01778 1464104660.2448408604 33.3075103760
01779 1464104660.2778820992 33.3075103760
01780 1464104660.3139364719 33.3075103760
01781 1464104660.3445005417 33.3075103760
01782 1464104660.3778040409 33.3075103760
01783 1464104660.4149560928 33.3075103760
01784 1464104660.4447166920 33.3075103760
01785 1464104660.4814071655 33.3075103760
01786 1464104660.5110154152 33.3075103760
01787 1464104660.5444796085 33.3075103760
01788 1464104660.5778105259 33.3075103760
01789 1464104660.6112098694 33.3075103760
01790 1464104660.6473176479 33.3075103760
01791 1464104660.6777889729 33.3075103760
01792 1464104660.7111501694 33.3075103760
01793 1464104660.7445325851 33.3075103760
01794 1464104660.7777855396 33.3075103760
01795 1464104660.8136713505 33.3075103760
01796 1464104660.8449974060 33.3075103760
01797 1464104660.8778297901 33.3075103760
01798 1464104660.9111638069 33.3075103760
01799 1464104660.9444317818 33.3075103760
01800 1464104660.9801087379 33.3075103760
01801 1464104661.0110144615 33.3075103760
01802 1464104661.0444052219 33.3075103760
01803 1464104661.0778036118 33.3075103760
01804 1464104661.1109530926 33.3075103760
01805 1464104661.1492254734 33.3075103760
01806 1464104661.1778354645 33.3075103760
01807 1464104661.2111194134 33.3075103760
01808 1464104661.2443850040 33.3075103760
01809 1464104661.2782146931 33.3075103760
01810 1464104661.3125586510 33.3075103760
01811 1464104661.3442611694 33.3075103760
01812 1464104661.3777356148 33.3075103760
01813 1464104661.4110693932 33.3075103760
01814 1464104661.4461457729 33.3075103760
01815 1464104661.4805252552 33.3075103760
01816 1464104661.5109272003 33.3075103760
01817 1464104661.5444345474 33.3075103760
01818 1464104661.5777554512 33.3075103760
01819 1464104661.6111063957 33.3075103760
01820 1464104661.6473078728 33.3075103760
01821 1464104661.6777203083 33.3075103760
01822 1464104661.7110831738 33.3075103760
01823 1464104661.7445886135 33.3075103760
01824 1464104661.7777404785 33.3075103760
01825 1464104661.8128538132 33.3075103760
01826 1464104661.8443634510 33.3075103760
01827 1464104661.8780996799 33.3075103760
01828 1464104661.9116184711 33.3075103760
01829 1464104661.9446973801 33.3075103760
01830 1464104661.9802172184 33.3075103760
01831 1464104662.0109941959 33.3075103760
01832 1464104662.0442671776 33.3075103760
01833 1464104662.0776150227 33.3075103760
01834 1464104662.1109292507 33.3075103760
01835 1464104662.1467130184 33.3075103760
01836 1464104662.1776478291 33.3075103760
01837 1464104662.2108054161 33.3075103760
01838 1464104662.2443120480 33.3075103760
01839 1464104662.2775871754 33.3075103760
01840 1464104662.3148069382 33.3075103760
01841 1464104662.3460056782 33.3075103760
01842 1464104662.3781757355 33.3075103760
01843 1464104662.4109838009 33.3075103760
01844 1464104662.4443645477 33.3075103760
01845 1464104662.4799718857 33.3075103760
01846 1464104662.5109252930 33.3075103760
01847 1464104662.5442407131 33.3075103760
01848 1464104662.5775570869 33.3075103760
01849 1464104662.6108691692 33.3075103760
01850 1464104662.6468753815 33.3075103760
01851 1464104662.6776206493 33.3075103760
01852 1464104662.7109429836 33.3075103760
01853 1464104662.7441976070 33.3075103760
01854 1464104662.7775042057 33.3075103760
01855 1464104662.8137710094 33.3075103760
01856 1464104662.8441886902 33.3075103760
01857 1464104662.8779902458 33.3075103760
01858 1464104662.9113373756 33.3075103760
01859 1464104662.9442481995 33.3075103760
01860 1464104662.9810924530 33.3075103760
01861 1464104663.0108497143 33.3075103760
01862 1464104663.0442194939 33.3075103760
01863 1464104663.0774743557 33.3075103760
01864 1464104663.1107661724 33.3075103760
01865 1464104663.1461260319 33.3075103760
01866 1464104663.1775176525 33.3075103760
01867 1464104663.2138941288 33.3075103760
01868 1464104663.2445673943 33.3075103760
01869 1464104663.2775311470 33.3075103760
01870 1464104663.3125286102 33.3075103760
01871 1464104663.3440704346 33.3075103760
01872 1464104663.3774769306 33.3075103760
01873 1464104663.4108304977 33.3075103760
01874 1464104663.4442310333 33.3075103760
01875 1464104663.4839332104 33.3075103760
01876 1464104663.5108659267 33.3075103760
01877 1464104663.5441205502 33.3075103760
01878 1464104663.5774586201 33.3075103760
01879 1464104663.6107256413 33.3075103760
01880 1464104663.6466257572 33.3075103760
01881 1464104663.6774809361 33.3075103760
01882 1464104663.7108273506 33.3075103760
01883 1464104663.7440593243 33.3075103760
01884 1464104663.7774641514 33.3075103760
01885 1464104663.8131818771 33.3075103760
01886 1464104663.8440554142 33.3075103760
01887 1464104663.8774437904 33.3075103760
01888 1464104663.9106178284 33.3075103760
01889 1464104663.9464972019 33.3075103760
01890 1464104663.9803791046 33.3075103760
01891 1464104664.0107760429 33.3075103760
01892 1464104664.0440917015 33.3075103760
01893 1464104664.0774524212 33.3075103760
01894 1464104664.1113731861 33.3075103760
01895 1464104664.1471788883 33.3075103760
01896 1464104664.1774199009 33.3075103760
01897 1464104664.2112541199 33.3075103760
01898 1464104664.2439453602 33.3075103760
01899 1464104664.2774200439 33.3075103760
01900 1464104664.3123545647 33.3075103760
01901 1464104664.3439517021 33.3075103760
01902 1464104664.3772952557 33.3075103760
01903 1464104664.4106757641 33.3075103760
01904 1464104664.4439239502 33.3075103760
01905 1464104664.4794256687 33.3075103760
01906 1464104664.5105586052 33.3075103760
01907 1464104664.5439481735 33.3075103760
01908 1464104664.5773239136 33.3075103760
01909 1464104664.6106083393 33.3075103760
01910 1464104664.6474318504 33.3075103760
01911 1464104664.6778097153 33.3075103760
01912 1464104664.7107067108 33.3075103760
01913 1464104664.7439205647 33.3075103760
01914 1464104664.7772459984 33.3075103760
01915 1464104664.8129098415 33.3075103760
01916 1464104664.8439326286 33.3075103760
01917 1464104664.8773171902 33.3075103760
01918 1464104664.9105350971 33.3075103760
01919 1464104664.9440093040 33.3075103760
01920 1464104664.9802174568 33.3075103760
01921 1464104665.0106449127 33.3075103760
01922 1464104665.0439939499 33.3075103760
01923 1464104665.0772583485 33.3075103760
01924 1464104665.1114070415 33.3075103760
01925 1464104665.1466462612 33.3075103760
01926 1464104665.1772420406 33.3075103760
01927 1464104665.2106082439 33.3075103760
01928 1464104665.2449355125 33.3075103760
01929 1464104665.2772510052 33.3075103760
01930 1464104665.3129928112 33.3075103760
01931 1464104665.3439321518 33.3075103760
01932 1464104665.3772084713 33.3075103760
01933 1464104665.4115824699 33.3075103760
01934 1464104665.4439945221 33.3075103760
01935 1464104665.4798085690 33.3075103760
01936 1464104665.5104184151 33.3075103760
01937 1464104665.5438911915 33.3075103760
01938 1464104665.5772099495 33.3075103760
01939 1464104665.6105973721 33.3075103760
01940 1464104665.6463153362 33.3075103760
01941 1464104665.6771993637 33.3075103760
01942 1464104665.7105367184 33.3075103760
01943 1464104665.7438232899 33.3075103760
01944 1464104665.7771971226 33.3075103760
01945 1464104665.8130090237 33.3075103760
01946 1464104665.8438482285 33.3075103760
01947 1464104665.8772201538 33.3075103760
01948 1464104665.9105055332 33.3075103760
01949 1464104665.9438552856 33.3075103760
01950 1464104665.9799301624 33.3075103760
01951 1464104666.0105371475 33.3075103760
01952 1464104666.0441939831 33.3075103760
01953 1464104666.0771672726 33.3075103760
01954 1464104666.1120743752 33.3075103760
01955 1464104666.1465451717 33.3075103760
01956 1464104666.1772203445 33.3075103760
01957 1464104666.2107207775 33.3075103760
01958 1464104666.2438118458 33.3075103760
01959 1464104666.2771728039 33.3075103760
01960 1464104666.3132700920 33.3075103760
01961 1464104666.3437788486 33.3075103760
01962 1464104666.3772122860 33.3075103760
01963 1464104666.4105615616 33.3075103760
01964 1464104666.4438638687 33.3075103760
01965 1464104666.4798707962 33.3075103760
01966 1464104666.5104672909 33.3075103760
01967 1464104666.5441088676 33.3075103760
01968 1464104666.5771396160 33.3075103760
01969 1464104666.6105272770 33.3075103760
01970 1464104666.6465623379 33.3075103760
01971 1464104666.6771175861 33.3075103760
01972 1464104666.7105042934 33.3075103760
01973 1464104666.7437162399 33.3075103760
01974 1464104666.7773718834 33.3075103760
01975 1464104666.8136711121 33.3075103760
01976 1464104666.8437647820 33.3075103760
01977 1464104666.8770880699 33.3075103760
01978 1464104666.9103031158 33.3075103760
01979 1464104666.9436042309 33.3075103760
01980 1464104666.9798722267 33.3075103760
01981 1464104667.0104322433 33.3075103760
01982 1464104667.0437355042 33.3075103760
01983 1464104667.0770878792 33.3075103760
01984 1464104667.1102311611 33.3075103760
01985 1464104667.1466543674 33.3075103760
01986 1464104667.1770157814 33.3075103760
01987 1464104667.2104003429 33.3075103760
01988 1464104667.2437005043 33.3075103760
01989 1464104667.2777493000 33.3075103760
01990 1464104667.3124389648 33.3075103760
01991 1464104667.3439743519 33.3075103760
01992 1464104667.3769817352 33.3075103760
01993 1464104667.4114937782 33.3075103760
01994 1464104667.4439203739 33.3075103760
01995 1464104667.4801054001 33.3075103760
01996 1464104667.5106499195 33.3075103760
01997 1464104667.5437788963 33.3075103760
01998 1464104667.5774300098 33.3075103760
01999 1464104667.6109554768 33.3075103760
02000 1464104667.6462912560 33.3075103760
02001 1464104667.6769337654 33.3075103760
02002 1464104667.7109534740 33.3075103760
02003 1464104667.7437210083 33.3075103760
02004 1464104667.7769746780 33.3075103760
02005 1464104667.8130848408 33.3075103760
02006 1464104667.8436942101 33.3075103760
02007 1464104667.8796436787 33.3075103760
02008 1464104667.9103822708 33.3075103760
02009 1464104667.9435539246 33.3075103760
02010 1464104667.9798471928 33.3075103760
02011 1464104668.0103485584 33.3075103760
02012 1464104668.0436677933 33.3075103760
02013 1464104668.0769200325 33.3075103760
02014 1464104668.1102399826 33.3075103760
02015 1464104668.1463894844 33.3075103760
02016 1464104668.1769888401 33.3075103760
02017 1464104668.2103362083 33.3075103760
02018 1464104668.2435803413 33.3075103760
02019 1464104668.2771990299 33.3075103760
02020 1464104668.3120107651 33.3075103760
02021 1464104668.3435382843 33.3075103760
02022 1464104668.3768663406 33.3075103760
02023 1464104668.4103121758 33.3075103760
02024 1464104668.4435107708 33.3075103760
02025 1464104668.4800031185 33.3075103760
02026 1464104668.5116746426 33.3075103760
02027 1464104668.5435218811 33.3075103760
02028 1464104668.5768508911 33.3075103760
02029 1464104668.6101651192 33.3075103760
02030 1464104668.6464686394 33.3075103760
02031 1464104668.6768743992 33.3075103760
02032 1464104668.7103390694 33.3075103760
02033 1464104668.7434937954 33.3075103760
02034 1464104668.7768621445 33.3075103760
02035 1464104668.8129324913 33.3075103760
02036 1464104668.8435313702 33.3075103760
02037 1464104668.8768701553 33.3075103760
02038 1464104668.9133131504 33.3075103760
02039 1464104668.9434454441 33.3075103760
02040 1464104668.9802849293 33.3075103760
02041 1464104669.0101444721 33.3075103760
02042 1464104669.0435752869 33.3075103760
02043 1464104669.0768487453 33.3075103760
02044 1464104669.1106729507 33.3075103760
02045 1464104669.1457281113 33.3075103760
02046 1464104669.1768078804 33.3075103760
02047 1464104669.2112977505 33.3075103760
02048 1464104669.2434475422 33.3075103760
02049 1464104669.2784209251 33.3075103760
02050 1464104669.3122365475 33.3075103760
02051 1464104669.3441605568 33.3075103760
02052 1464104669.3768389225 33.3075103760
02053 1464104669.4104883671 33.3075103760
02054 1464104669.4434823990 33.3075103760
02055 1464104669.4797079563 33.3075103760
02056 1464104669.5100748539 33.3075103760
02057 1464104669.5434792042 33.3075103760
02058 1464104669.5768387318 33.3075103760
02059 1464104669.6104214191 33.3075103760
02060 1464104669.6460392475 33.3075103760
02061 1464104669.6767880917 33.3075103760
02062 1464104669.7111382484 33.3075103760
02063 1464104669.7434802055 33.3075103760
02064 1464104669.7768404484 33.3075103760
02065 1464104669.8144028187 33.3075103760
02066 1464104669.8433778286 33.3075103760
02067 1464104669.8767380714 33.3075103760
02068 1464104669.9099950790 33.3075103760
02069 1464104669.9434866905 33.3075103760
02070 1464104669.9792091846 33.3075103760
02071 1464104670.0105307102 33.3075103760
02072 1464104670.0434150696 33.3075103760
02073 1464104670.0767071247 33.3075103760
02074 1464104670.1100733280 33.3075103760
02075 1464104670.1450617313 33.3075103760
02076 1464104670.1766672134 33.3075103760
02077 1464104670.2100684643 33.3075103760
02078 1464104670.2435870171 33.3075103760
02079 1464104670.2767269611 33.3075103760
02080 1464104670.3119480610 33.3075103760
02081 1464104670.3433105946 33.3075103760
02082 1464104670.3766543865 33.3075103760
02083 1464104670.4103677273 33.3075103760
02084 1464104670.4440646172 33.3075103760
02085 1464104670.4795351028 33.3075103760
02086 1464104670.5098133087 33.3075103760
02087 1464104670.5445573330 33.3075103760
02088 1464104670.5765745640 33.3075103760
02089 1464104670.6105136871 33.3075103760
02090 1464104670.6458380222 33.3075103760
02091 1464104670.6766345501 33.3075103760
02092 1464104670.7099912167 33.3075103760
02093 1464104670.7433414459 33.3075103760
02094 1464104670.7766733170 33.3075103760
02095 1464104670.8129370213 33.3075103760
02096 1464104670.8432736397 33.3075103760
02097 1464104670.8766567707 33.3075103760
02098 1464104670.9099032879 33.3075103760
02099 1464104670.9433434010 33.3075103760
02100 1464104670.9792714119 33.3075103760
02101 1464104671.0099503994 33.3075103760
02102 1464104671.0433063507 33.3075103760
02103 1464104671.0766048431 33.3075103760
02104 1464104671.1099853516 33.3075103760
02105 1464104671.1461989880 33.3075103760
02106 1464104671.1766071320 33.3075103760
02107 1464104671.2099547386 33.3075103760
02108 1464104671.2432990074 33.3075103760
02109 1464104671.2766180038 33.3075103760
02110 1464104671.3112528324 33.3075103760
02111 1464104671.3432841301 33.3075103760
02112 1464104671.3765718937 33.3075103760
02113 1464104671.4098615646 33.3075103760
02114 1464104671.4433259964 33.3075103760
02115 1464104671.4791359901 33.3075103760
02116 1464104671.5099687576 33.3075103760
02117 1464104671.5431933403 33.3075103760
02118 1464104671.5765941143 33.3075103760
02119 1464104671.6099855900 33.3075103760
02120 1464104671.6458015442 33.3075103760
02121 1464104671.6765639782 33.3075103760
02122 1464104671.7099084854 33.3075103760
02123 1464104671.7432062626 33.3075103760
02124 1464104671.7765505314 33.3075103760
02125 1464104671.8134729862 33.3075103760
02126 1464104671.8431637287 33.3075103760
02127 1464104671.8764882088 33.3075103760
02128 1464104671.9098412991 33.3075103760
02129 1464104671.9431803226 33.3075103760
02130 1464104671.9799666405 33.3075103760
02131 1464104672.0096571445 33.3075103760
02132 1464104672.0439531803 33.3075103760
02133 1464104672.0764937401 33.3075103760
02134 1464104672.1097021103 33.3075103760
02135 1464104672.1466722488 33.3075103760
02136 1464104672.1764030457 33.3075103760
02137 1464104672.2097885609 33.3075103760
02138 1464104672.2464067936 33.3075103760
02139 1464104672.2764430046 33.3075103760
02140 1464104672.3135948181 33.3075103760
02141 1464104672.3429663181 33.3075103760
02142 1464104672.3765039444 33.3075103760
02143 1464104672.4098436832 33.3075103760
02144 1464104672.4431786537 33.3075103760
02145 1464104672.4829635620 33.3075103760
02146 1464104672.5099527836 33.3075103760
02147 1464104672.5430614948 33.3075103760
02148 1464104672.5763790607 33.3075103760
02149 1464104672.6096944809 33.3075103760
02150 1464104672.6458067894 33.3075103760
02151 1464104672.6763935089 33.3075103760
02152 1464104672.7096018791 33.3075103760
02153 1464104672.7431049347 33.3075103760
02154 1464104672.7763898373 33.3075103760
02155 1464104672.8123211861 33.3075103760
02156 1464104672.8430345058 33.3075103760
02157 1464104672.8763508797 33.3075103760
02158 1464104672.9096767902 33.3075103760
02159 1464104672.9429755211 33.3075103760
02160 1464104672.9795358181 33.3075103760
02161 1464104673.0097162724 33.3075103760
02162 1464104673.0429837704 33.3075103760
02163 1464104673.0763964653 33.3075103760
02164 1464104673.1096169949 33.3075103760
02165 1464104673.1461014748 33.3075103760
02166 1464104673.1764378548 33.3075103760
02167 1464104673.2096962929 33.3075103760
02168 1464104673.2430114746 33.3075103760
02169 1464104673.2763640881 33.3075103760
02170 1464104673.3114500046 33.3075103760
02171 1464104673.3430564404 33.3075103760
02172 1464104673.3763039112 33.3075103760
02173 1464104673.4096527100 33.3075103760
02174 1464104673.4430408478 33.3075103760
02175 1464104673.4788048267 33.3075103760
02176 1464104673.5095081329 33.3075103760
02177 1464104673.5429899693 33.3075103760
02178 1464104673.5763719082 33.3075103760
02179 1464104673.6096451283 33.3075103760
02180 1464104673.6450507641 33.3075103760
02181 1464104673.6763532162 33.3075103760
02182 1464104673.7094883919 33.3075103760
02183 1464104673.7429931164 33.3075103760
02184 1464104673.7762680054 33.3075103760
02185 1464104673.8121345043 33.3075103760
02186 1464104673.8429636955 33.3075103760
02187 1464104673.8762803078 33.3075103760
02188 1464104673.9096336365 33.3075103760
02189 1464104673.9430220127 33.3075103760
02190 1464104673.9787979126 33.3075103760
02191 1464104674.0095903873 33.3075103760
02192 1464104674.0430912971 33.3075103760
02193 1464104674.0765697956 33.3075103760
02194 1464104674.1093714237 33.3075103760
02195 1464104674.1469359398 33.3075103760
02196 1464104674.1761896610 33.3075103760
02197 1464104674.2112069130 33.3075103760
02198 1464104674.2428503036 33.3075103760
02199 1464104674.2794547081 33.3075103760
02200 1464104674.3117420673 33.3075103760
02201 1464104674.3430154324 33.3075103760
02202 1464104674.3761546612 33.3075103760
02203 1464104674.4107007980 33.3075103760
02204 1464104674.4428515434 33.3075103760
02205 1464104674.4797363281 33.3075103760
02206 1464104674.5098514557 33.3075103760
02207 1464104674.5433712006 33.3075103760
02208 1464104674.5761077404 33.3075103760
02209 1464104674.6099545956 33.3075103760
02210 1464104674.6456346512 33.3075103760
02211 1464104674.6761448383 33.3075103760
02212 1464104674.7094736099 33.3075103760
02213 1464104674.7428648472 33.3075103760
02214 1464104674.7761242390 33.3075103760
02215 1464104674.8126292229 33.3075103760
02216 1464104674.8457939625 33.3075103760
02217 1464104674.8762061596 33.3075103760
02218 1464104674.9094421864 33.3075103760
02219 1464104674.9428634644 33.3075103760
02220 1464104674.9791374207 33.3075103760
02221 1464104675.0095329285 33.3075103760
02222 1464104675.0441129208 33.3075103760
02223 1464104675.0763430595 33.3075103760
02224 1464104675.1095108986 33.3075103760
02225 1464104675.1452770233 33.3075103760
02226 1464104675.1761753559 33.3075103760
02227 1464104675.2095520496 33.3075103760
02228 1464104675.2428095341 33.3075103760
02229 1464104675.2761278152 33.3075103760
02230 1464104675.3114252090 33.3075103760
02231 1464104675.3425519466 33.3075103760
02232 1464104675.3760788441 33.3075103760
02233 1464104675.4093322754 33.3075103760
02234 1464104675.4427793026 33.3075103760
02235 1464104675.4792971611 33.3075103760
02236 1464104675.5093281269 33.3075103760
02237 1464104675.5427756310 33.3075103760
02238 1464104675.5761420727 33.3075103760
02239 1464104675.6094543934 33.3075103760
02240 1464104675.6453487873 33.3075103760
02241 1464104675.6761064529 33.3075103760
02242 1464104675.7094054222 33.3075103760
02243 1464104675.7427456379 33.3075103760
02244 1464104675.7761750221 33.3075103760
02245 1464104675.8124754429 33.3075103760
02246 1464104675.8426949978 33.3075103760
02247 1464104675.8759844303 33.3075103760
02248 1464104675.9093484879 33.3075103760
02249 1464104675.9427103996 33.3075103760
02250 1464104675.9787571430 33.3075103760
02251 1464104676.0092878342 33.3075103760
02252 1464104676.0426685810 33.3075103760
02253 1464104676.0759263039 33.3075103760
02254 1464104676.1093237400 33.3075103760
02255 1464104676.1453876495 33.3075103760
02256 1464104676.1760566235 33.3075103760
02257 1464104676.2093541622 33.3075103760
02258 1464104676.2426388264 33.3075103760
02259 1464104676.2760481834 33.3075103760
02260 1464104676.3116333485 33.3075103760
02261 1464104676.3430132866 33.3075103760
02262 1464104676.3759593964 33.3075103760
02263 1464104676.4093332291 33.3075103760
02264 1464104676.4426181316 33.3075103760
02265 1464104676.4785962105 33.3075103760
02266 1464104676.5093219280 33.3075103760
02267 1464104676.5439383984 33.3075103760
02268 1464104676.5765693188 33.3075103760
02269 1464104676.6093525887 33.3075103760
02270 1464104676.6477801800 33.3075103760
02271 1464104676.6759164333 33.3075103760
02272 1464104676.7093117237 33.3075103760
02273 1464104676.7425684929 33.3075103760
02274 1464104676.7759449482 33.3075103760
02275 1464104676.8118648529 33.3075103760
02276 1464104676.8425610065 33.3075103760
02277 1464104676.8759348392 33.3075103760
02278 1464104676.9092240334 33.3075103760
02279 1464104676.9426226616 33.3075103760
02280 1464104676.9785468578 33.3075103760
02281 1464104677.0091173649 33.3075103760
02282 1464104677.0448637009 33.3075103760
02283 1464104677.0759425163 33.3075103760
02284 1464104677.1091358662 33.3075103760
02285 1464104677.1452953815 33.3075103760
02286 1464104677.1758978367 33.3075103760
02287 1464104677.2092471123 33.3075103760
02288 1464104677.2426483631 33.3075103760
02289 1464104677.2766301632 33.3075103760
02290 1464104677.3125858307 33.3075103760
02291 1464104677.3424699306 33.3075103760
02292 1464104677.3757834435 33.3075103760
02293 1464104677.4090983868 33.3075103760
02294 1464104677.4431905746 33.3075103760
02295 1464104677.4783310890 33.3075103760
02296 1464104677.5091764927 33.3075103760
02297 1464104677.5425102711 33.3075103760
02298 1464104677.5757892132 33.3075103760
02299 1464104677.6091828346 33.3075103760
02300 1464104677.6451599598 33.3075103760
02301 1464104677.6758098602 33.3075103760
02302 1464104677.7091307640 33.3075103760
02303 1464104677.7424807549 33.3075103760
02304 1464104677.7758224010 33.3075103760
02305 1464104677.8115298748 33.3075103760
02306 1464104677.8424777985 33.3075103760
02307 1464104677.8757500648 33.3075103760
02308 1464104677.9093747139 33.3075103760
02309 1464104677.9434599876 33.3075103760
02310 1464104677.9782254696 33.3075103760
02311 1464104678.0090723038 33.3075103760
02312 1464104678.0437092781 33.3075103760
02313 1464104678.0757460594 33.3075103760
02314 1464104678.1089091301 33.3075103760
02315 1464104678.1448495388 33.3075103760
02316 1464104678.1757478714 33.3075103760
02317 1464104678.2090842724 33.3075103760
02318 1464104678.2424039841 33.3075103760
02319 1464104678.2757396698 33.3075103760
02320 1464104678.3115141392 33.3075103760
02321 1464104678.3443737030 33.3075103760
02322 1464104678.3758809566 33.3075103760
02323 1464104678.4091105461 33.3075103760
02324 1464104678.4432001114 33.3075103760
02325 1464104678.4787685871 33.3075103760
02326 1464104678.5088884830 33.3075103760
02327 1464104678.5424649715 33.3075103760
02328 1464104678.5757164955 33.3075103760
02329 1464104678.6121573448 33.3075103760
02330 1464104678.6448862553 33.3075103760
02331 1464104678.6757202148 33.3075103760
02332 1464104678.7096242905 33.3075103760
02333 1464104678.7422888279 33.3075103760
02334 1464104678.7756466866 33.3075103760
02335 1464104678.8118705750 33.3075103760
02336 1464104678.8423485756 33.3075103760
02337 1464104678.8756899834 33.3075103760
02338 1464104678.9089248180 33.3075103760
02339 1464104678.9449441433 33.3075103760
02340 1464104678.9788339138 33.3075103760
02341 1464104679.0089902878 33.3075103760
02342 1464104679.0423660278 33.3075103760
02343 1464104679.0756781101 33.3075103760
02344 1464104679.1088564396 33.3075103760
02345 1464104679.1446769238 33.3075103760
02346 1464104679.1756794453 33.3075103760
02347 1464104679.2089529037 33.3075103760
02348 1464104679.2423121929 33.3075103760
02349 1464104679.2756638527 33.3075103760
