00000 1461244435.4191281796 16.2515087128
00001 1461244435.4591553211 16.2515087128
00002 1461244435.5003161430 16.2515087128
00003 1461244435.5392572880 16.2515087128
00004 1461244435.5792298317 16.2515087128
00005 1461244435.6193184853 16.2515087128
00006 1461244435.6591815948 16.2515087128
00007 1461244435.6993134022 16.2515087128
00008 1461244435.7396676540 16.2515087128
00009 1461244435.7792868614 16.2515087128
00010 1461244435.8192501068 16.2515087128
00011 1461244435.8592953682 16.2515087128
00012 1461244435.8996424675 16.2515087128
00013 1461244435.9393615723 16.2515087128
00014 1461244435.9803607464 16.2515087128
00015 1461244436.0194342136 16.2515087128
00016 1461244436.0594229698 16.2515087128
00017 1461244436.1004507542 16.2515087128
00018 1461244436.1394081116 16.2515087128
00019 1461244436.1822879314 16.2515087128
00020 1461244436.2194659710 16.2515087128
00021 1461244436.2594592571 16.2515087128
00022 1461244436.2993936539 16.2515087128
00023 1461244436.3395779133 16.2515087128
00024 1461244436.3816518784 16.2515087128
00025 1461244436.4195470810 16.2515087128
00026 1461244436.4595201015 16.4297542572
00027 1461244436.4995911121 16.4297542572
00028 1461244436.5395977497 16.4297542572
00029 1461244436.5817558765 16.4297542572
00030 1461244436.6195664406 16.6909465790
00031 1461244436.6595420837 16.6909465790
00032 1461244436.6996655464 16.6909465790
00033 1461244436.7395405769 16.6909465790
00034 1461244436.7818467617 16.6909465790
00035 1461244436.8195469379 16.6909465790
00036 1461244436.8595621586 16.9952278137
00037 1461244436.8995771408 16.9952278137
00038 1461244436.9396829605 16.9952278137
00039 1461244436.9816360474 16.9952278137
00040 1461244437.0196504593 16.9952278137
00041 1461244437.0596981049 17.3034381866
00042 1461244437.0996868610 17.3034381866
00043 1461244437.1397178173 17.3034381866
00044 1461244437.1817891598 17.3034381866
00045 1461244437.2197279930 17.5607013702
00046 1461244437.2597601414 17.5607013702
00047 1461244437.2998023033 17.5607013702
00048 1461244437.3398144245 17.5607013702
00049 1461244437.3799185753 17.5607013702
00050 1461244437.4198162556 17.5607013702
00051 1461244437.4600906372 17.5607013702
00052 1461244437.4998447895 17.5607013702
00053 1461244437.5399150848 17.5607013702
00054 1461244437.5799367428 17.5607013702
00055 1461244437.6198756695 17.5607013702
00056 1461244437.6600890160 17.5607013702
00057 1461244437.6997339725 17.5607013702
00058 1461244437.7398900986 17.5607013702
00059 1461244437.7799167633 17.5607013702
00060 1461244437.8196995258 17.5607013702
00061 1461244437.8617501259 17.5607013702
00062 1461244437.8999819756 17.5607013702
00063 1461244437.9399509430 17.5607013702
00064 1461244437.9821557999 17.5607013702
00065 1461244438.0201725960 17.4305973053
00066 1461244438.0600163937 17.4305973053
00067 1461244438.1000125408 17.4305973053
00068 1461244438.1399967670 17.4305973053
00069 1461244438.1820333004 17.4305973053
00070 1461244438.2200205326 17.4305973053
00071 1461244438.2600021362 17.3295440674
00072 1461244438.2999818325 17.3295440674
00073 1461244438.3400483131 17.3295440674
00074 1461244438.3862104416 17.3295440674
00075 1461244438.4201211929 17.3295440674
00076 1461244438.4601087570 17.1615447998
00077 1461244438.5012261868 17.1615447998
00078 1461244438.5400657654 17.1615447998
00079 1461244438.5822856426 17.1615447998
00080 1461244438.6203591824 16.9884910583
00081 1461244438.6601088047 16.9884910583
00082 1461244438.7001221180 16.9884910583
00083 1461244438.7401759624 16.9884910583
00084 1461244438.7802097797 16.9884910583
00085 1461244438.8201932907 16.9884910583
00086 1461244438.8604974747 16.9884910583
00087 1461244438.9002397060 16.9884910583
00088 1461244438.9402484894 16.9884910583
00089 1461244438.9828748703 16.9884910583
00090 1461244439.0213596821 16.7104568481
00091 1461244439.0620818138 16.7104568481
00092 1461244439.1002757549 16.7104568481
00093 1461244439.1402204037 16.7104568481
00094 1461244439.1820821762 16.7104568481
00095 1461244439.2203245163 16.4494037628
00096 1461244439.2603476048 16.4494037628
00097 1461244439.3003249168 16.4494037628
00098 1461244439.3406872749 16.4494037628
00099 1461244439.3821833134 16.4494037628
00100 1461244439.4204695225 16.4494037628
00101 1461244439.4604318142 16.1912975311
00102 1461244439.5005226135 16.1912975311
00103 1461244439.5405263901 16.1912975311
00104 1461244439.5827908516 16.1912975311
00105 1461244439.6205008030 16.1912975311
00106 1461244439.6604185104 15.9372634888
00107 1461244439.7004365921 15.9372634888
00108 1461244439.7405016422 15.9372634888
00109 1461244439.7824928761 15.9372634888
00110 1461244439.8205251694 15.9372634888
00111 1461244439.8622927666 15.7312278748
00112 1461244439.9005665779 15.7312278748
00113 1461244439.9421718121 15.7312278748
00114 1461244439.9822359085 15.7312278748
00115 1461244440.0205287933 15.7312278748
00116 1461244440.0606045723 15.7312278748
00117 1461244440.1023681164 15.7312278748
00118 1461244440.1410155296 15.7312278748
00119 1461244440.1840455532 15.7312278748
00120 1461244440.2214865685 15.8974037170
00121 1461244440.2612893581 15.8974037170
00122 1461244440.3008744717 15.8974037170
00123 1461244440.3413646221 15.8974037170
00124 1461244440.3832161427 15.8974037170
00125 1461244440.4207398891 15.8974037170
00126 1461244440.4614844322 16.3226661682
00127 1461244440.5018169880 16.3226661682
00128 1461244440.5413272381 16.3226661682
00129 1461244440.5831539631 16.3226661682
00130 1461244440.6208155155 16.3226661682
00131 1461244440.6607785225 17.1738948822
00132 1461244440.7007346153 17.1738948822
00133 1461244440.7407159805 17.1738948822
00134 1461244440.7826728821 17.1738948822
00135 1461244440.8208558559 17.1738948822
00136 1461244440.8608388901 18.3351573944
00137 1461244440.9014980793 18.3351573944
00138 1461244440.9408979416 18.3351573944
00139 1461244440.9835023880 18.3351573944
00140 1461244441.0209212303 18.3351573944
00141 1461244441.0608618259 19.7543869019
00142 1461244441.1009604931 19.7543869019
00143 1461244441.1408631802 19.7543869019
00144 1461244441.1831336021 19.7543869019
00145 1461244441.2209007740 19.7543869019
00146 1461244441.2633900642 21.4655437469
00147 1461244441.3011658192 21.4655437469
00148 1461244441.3409080505 21.4655437469
00149 1461244441.3830049038 21.4655437469
00150 1461244441.4209430218 21.4655437469
00151 1461244441.4610445499 23.3887710571
00152 1461244441.5021927357 23.3887710571
00153 1461244441.5410130024 23.3887710571
00154 1461244441.5862967968 23.3887710571
00155 1461244441.6210441589 23.3887710571
00156 1461244441.6620419025 26.8579654694
00157 1461244441.7015149593 26.8579654694
00158 1461244441.7410087585 26.8579654694
00159 1461244441.7830224037 26.8579654694
00160 1461244441.8216691017 26.8579654694
00161 1461244441.8614082336 30.2291927338
00162 1461244441.9010939598 30.2291927338
00163 1461244441.9410979748 30.2291927338
00164 1461244441.9830543995 30.2291927338
00165 1461244442.0211410522 30.2291927338
00166 1461244442.0611147881 31.8244209290
00167 1461244442.1011662483 31.8244209290
00168 1461244442.1411991119 31.8244209290
00169 1461244442.1836385727 31.8244209290
00170 1461244442.2212362289 32.1306648254
00171 1461244442.2612347603 32.1306648254
00172 1461244442.3012089729 32.1306648254
00173 1461244442.3411669731 32.1306648254
00174 1461244442.3835859299 32.1306648254
00175 1461244442.4213085175 32.1306648254
00176 1461244442.4612977505 30.8516483307
00177 1461244442.5012900829 30.8516483307
00178 1461244442.5412104130 30.8516483307
00179 1461244442.5837469101 30.8516483307
00180 1461244442.6212863922 30.8516483307
00181 1461244442.6613790989 28.8206310272
00182 1461244442.7014584541 28.8206310272
00183 1461244442.7413671017 28.8206310272
00184 1461244442.7833502293 28.8206310272
00185 1461244442.8216037750 28.8206310272
00186 1461244442.8613543510 26.0485610962
00187 1461244442.9014475346 26.0485610962
00188 1461244442.9431984425 26.0485610962
00189 1461244442.9834887981 26.0485610962
00190 1461244443.0214786530 26.0485610962
00191 1461244443.0615243912 23.0105266571
00192 1461244443.1015720367 23.0105266571
00193 1461244443.1415562630 23.0105266571
00194 1461244443.1839928627 23.0105266571
00195 1461244443.2214906216 23.0105266571
00196 1461244443.2615904808 20.0743865967
00197 1461244443.3039560318 20.0743865967
00198 1461244443.3415176868 20.0743865967
00199 1461244443.3877110481 20.0743865967
00200 1461244443.4216074944 20.0743865967
00201 1461244443.4618966579 17.9663162231
00202 1461244443.5016419888 17.9663162231
00203 1461244443.5418636799 17.9663162231
00204 1461244443.5839469433 17.9663162231
00205 1461244443.6216442585 17.9663162231
00206 1461244443.6616861820 16.6381759644
00207 1461244443.7016060352 16.6381759644
00208 1461244443.7415864468 16.6381759644
00209 1461244443.7839806080 16.6381759644
00210 1461244443.8216826916 16.6381759644
00211 1461244443.8616948128 16.1720695496
00212 1461244443.9016888142 16.1720695496
00213 1461244443.9417388439 16.1720695496
00214 1461244443.9842207432 16.1720695496
00215 1461244444.0242123604 16.2322807312
00216 1461244444.0621140003 16.2322807312
00217 1461244444.1018123627 16.2322807312
00218 1461244444.1419544220 16.2322807312
00219 1461244444.1847319603 16.2322807312
00220 1461244444.2217366695 16.2322807312
00221 1461244444.2636864185 16.4915084839
00222 1461244444.3017609119 16.4915084839
00223 1461244444.3418545723 16.4915084839
00224 1461244444.3845026493 16.4915084839
00225 1461244444.4217050076 16.4915084839
00226 1461244444.4619557858 16.8736839294
00227 1461244444.5018937588 16.8736839294
00228 1461244444.5418686867 16.8736839294
00229 1461244444.5838155746 16.8736839294
00230 1461244444.6219632626 16.8736839294
00231 1461244444.6619155407 17.2819652557
00232 1461244444.7019948959 17.2819652557
00233 1461244444.7419376373 17.2819652557
00234 1461244444.7819657326 17.2819652557
00235 1461244444.8221251965 17.2819652557
00236 1461244444.8621866703 17.2819652557
00237 1461244444.9019758701 17.2819652557
00238 1461244444.9420449734 17.2819652557
00239 1461244444.9840102196 17.2819652557
00240 1461244445.0219910145 17.2819652557
00241 1461244445.0620417595 17.0449123383
00242 1461244445.1022579670 17.0449123383
00243 1461244445.1421995163 17.0449123383
00244 1461244445.1844692230 17.0449123383
00245 1461244445.2223689556 17.0449123383
00246 1461244445.2621166706 16.5198593140
00247 1461244445.3021504879 16.5198593140
00248 1461244445.3421351910 16.5198593140
00249 1461244445.3842153549 16.5198593140
00250 1461244445.4228656292 16.5198593140
00251 1461244445.4621558189 15.7337541580
00252 1461244445.5021784306 15.7337541580
00253 1461244445.5451245308 15.7337541580
00254 1461244445.5848634243 15.7337541580
00255 1461244445.6221978664 15.7337541580
00256 1461244445.6632826328 14.8036489487
00257 1461244445.7025558949 14.8036489487
00258 1461244445.7421133518 14.8036489487
00259 1461244445.7852275372 14.8036489487
00260 1461244445.8225657940 14.8036489487
00261 1461244445.8623702526 13.7925615311
00262 1461244445.9022488594 13.7925615311
00263 1461244445.9423882961 13.7925615311
00264 1461244445.9844126701 13.7925615311
00265 1461244446.0222711563 13.7925615311
00266 1461244446.0624465942 12.8724212646
00267 1461244446.1023600101 12.8724212646
00268 1461244446.1423766613 12.8724212646
00269 1461244446.1849112511 12.8724212646
00270 1461244446.2223873138 12.8724212646
00271 1461244446.2643544674 12.0964212418
00272 1461244446.3024649620 12.0964212418
00273 1461244446.3430163860 12.0964212418
00274 1461244446.3846964836 12.0964212418
00275 1461244446.4223012924 12.0964212418
00276 1461244446.4625704288 11.4533329010
00277 1461244446.5032496452 11.4533329010
00278 1461244446.5424883366 11.4533329010
00279 1461244446.5847961903 11.4533329010
00280 1461244446.6225569248 11.4533329010
00281 1461244446.6625592709 10.8962802887
00282 1461244446.7026174068 10.8962802887
00283 1461244446.7425751686 10.8962802887
00284 1461244446.7842633724 10.8962802887
00285 1461244446.8225264549 10.8962802887
00286 1461244446.8627030849 10.5021753311
00287 1461244446.9026794434 10.5021753311
00288 1461244446.9426760674 10.5021753311
00289 1461244446.9847936630 10.2760705948
00290 1461244447.0230000019 10.2760705948
00291 1461244447.0626387596 10.2760705948
00292 1461244447.1027750969 10.2760705948
00293 1461244447.1427750587 10.2760705948
00294 1461244447.1827080250 10.2760705948
00295 1461244447.2230691910 10.2760705948
00296 1461244447.2624430656 10.2760705948
00297 1461244447.3027963638 10.2760705948
00298 1461244447.3426983356 10.2760705948
00299 1461244447.3828039169 10.2760705948
00300 1461244447.4227516651 10.2760705948
00301 1461244447.4627470970 10.2760705948
00302 1461244447.5027115345 10.2760705948
00303 1461244447.5428011417 10.2760705948
00304 1461244447.5850708485 10.2760705948
00305 1461244447.6238727570 10.2759294510
00306 1461244447.6627855301 10.2759294510
00307 1461244447.7028357983 10.2759294510
00308 1461244447.7428488731 10.2759294510
00309 1461244447.7828304768 10.2759294510
00310 1461244447.8228137493 10.2759294510
00311 1461244447.8629112244 10.2759294510
00312 1461244447.9028861523 10.2759294510
00313 1461244447.9429292679 10.2759294510
00314 1461244447.9851670265 10.2759294510
00315 1461244448.0229043961 10.2759294510
00316 1461244448.0629589558 10.0498247147
00317 1461244448.1034915447 10.0498247147
00318 1461244448.1430776119 10.0498247147
00319 1461244448.1849582195 10.0498247147
00320 1461244448.2229738235 9.8467369080
00321 1461244448.2630071640 9.8467369080
00322 1461244448.3047587872 9.8467369080
00323 1461244448.3430643082 9.8467369080
00324 1461244448.3851771355 9.8467369080
00325 1461244448.4230461121 9.8467369080
00326 1461244448.4634225368 9.6087017059
00327 1461244448.5030834675 9.6087017059
00328 1461244448.5430791378 9.6087017059
00329 1461244448.5853698254 9.6087017059
00330 1461244448.6231122017 9.6087017059
00331 1461244448.6631500721 9.3445615768
00332 1461244448.7031702995 9.3445615768
00333 1461244448.7431266308 9.3445615768
00334 1461244448.7851049900 9.3445615768
00335 1461244448.8231978416 9.3445615768
00336 1461244448.8632881641 9.0755090714
00337 1461244448.9032163620 9.0755090714
00338 1461244448.9432401657 9.0755090714
00339 1461244448.9862136841 9.0755090714
00340 1461244449.0233123302 9.0755090714
00341 1461244449.0639450550 8.8204908371
00342 1461244449.1032450199 8.8204908371
00343 1461244449.1454989910 8.8204908371
00344 1461244449.1851556301 8.8204908371
00345 1461244449.2232971191 8.8204908371
00346 1461244449.2633683681 8.4593687057
00347 1461244449.3034179211 8.4593687057
00348 1461244449.3433961868 8.4593687057
00349 1461244449.3858153820 8.4593687057
00350 1461244449.4233059883 8.4593687057
00351 1461244449.4633495808 8.0802803040
00352 1461244449.5034084320 8.0802803040
00353 1461244449.5434055328 8.0802803040
00354 1461244449.5856056213 8.0802803040
00355 1461244449.6234211922 8.0802803040
00356 1461244449.6634840965 7.6311578751
00357 1461244449.7033917904 7.6311578751
00358 1461244449.7434825897 7.6311578751
00359 1461244449.7853033543 7.6311578751
00360 1461244449.8235135078 7.6311578751
00361 1461244449.8647224903 7.0881404877
00362 1461244449.9034903049 7.0881404877
00363 1461244449.9437177181 7.0881404877
00364 1461244449.9857478142 7.0881404877
00365 1461244450.0236108303 7.0881404877
00366 1461244450.0635457039 6.5170526505
00367 1461244450.1036286354 6.5170526505
00368 1461244450.1435658932 6.5170526505
00369 1461244450.1860620975 6.5170526505
00370 1461244450.2236168385 6.5170526505
00371 1461244450.2632999420 5.9209823608
00372 1461244450.3038587570 5.9209823608
00373 1461244450.3438475132 5.9209823608
00374 1461244450.3863384724 5.9209823608
00375 1461244450.4237358570 5.9209823608
00376 1461244450.4644498825 5.3649125099
00377 1461244450.5043530464 5.3649125099
00378 1461244450.5437991619 5.3649125099
00379 1461244450.5861968994 5.3649125099
00380 1461244450.6237452030 5.3649125099
00381 1461244450.6637992859 4.8068771362
00382 1461244450.7037467957 4.8068771362
00383 1461244450.7437341213 4.8068771362
00384 1461244450.7865917683 4.8068771362
00385 1461244450.8237490654 4.8068771362
00386 1461244450.8638851643 4.3177542686
00387 1461244450.9037978649 4.3177542686
00388 1461244450.9437625408 4.3177542686
00389 1461244450.9888408184 4.3177542686
00390 1461244451.0238161087 4.3177542686
00391 1461244451.0638513565 3.8676490784
00392 1461244451.1038019657 3.8676490784
00393 1461244451.1438188553 3.8676490784
00394 1461244451.1860458851 3.8676490784
00395 1461244451.2239589691 3.8676490784
00396 1461244451.2639629841 3.4395790100
00397 1461244451.3038582802 3.4395790100
00398 1461244451.3450832367 3.4395790100
00399 1461244451.3861238956 3.4395790100
00400 1461244451.4247848988 3.4395790100
00401 1461244451.4643328190 3.0175437927
00402 1461244451.5039815903 3.0175437927
00403 1461244451.5440282822 3.0175437927
00404 1461244451.5859444141 3.0175437927
00405 1461244451.6240973473 3.0175437927
00406 1461244451.6640813351 2.5924210548
00407 1461244451.7040765285 2.5924210548
00408 1461244451.7440230846 2.5924210548
00409 1461244451.7872109413 2.5924210548
00410 1461244451.8239974976 2.5924210548
00411 1461244451.8641390800 2.2043509483
00412 1461244451.9040758610 2.2043509483
00413 1461244451.9447145462 2.2043509483
00414 1461244451.9865140915 2.2043509483
00415 1461244452.0240817070 2.2043509483
00416 1461244452.0641975403 1.8933333158
00417 1461244452.1044945717 1.8933333158
00418 1461244452.1443550587 1.8933333158
00419 1461244452.1861197948 1.8933333158
00420 1461244452.2242021561 1.8933333158
00421 1461244452.2673230171 1.6482807398
00422 1461244452.3047111034 1.6482807398
00423 1461244452.3445825577 1.6482807398
00424 1461244452.3866744041 1.6482807398
00425 1461244452.4242966175 1.6482807398
00426 1461244452.4643127918 1.4722807407
00427 1461244452.5042228699 1.4722807407
00428 1461244452.5441615582 1.4722807407
00429 1461244452.5863471031 1.4722807407
00430 1461244452.6243574619 1.4722807407
00431 1461244452.6643314362 1.3591579199
00432 1461244452.7043297291 1.3591579199
00433 1461244452.7471590042 1.3591579199
00434 1461244452.7844302654 1.3591579199
00435 1461244452.8243899345 1.3591579199
00436 1461244452.8643441200 1.3591579199
00437 1461244452.9043722153 1.3591579199
00438 1461244452.9444034100 1.3591579199
00439 1461244452.9851870537 1.3591579199
00440 1461244453.0259768963 1.3591579199
00441 1461244453.0645377636 1.3591579199
00442 1461244453.1045212746 1.3591579199
00443 1461244453.1443960667 1.3591579199
00444 1461244453.1845233440 1.3591579199
00445 1461244453.2246043682 1.3591579199
00446 1461244453.2644655704 1.3591579199
00447 1461244453.3047494888 1.3591579199
00448 1461244453.3466050625 1.3591579199
00449 1461244453.3845655918 1.3591579199
00450 1461244453.4248149395 1.3591579199
00451 1461244453.4646968842 1.3591579199
00452 1461244453.5046412945 1.3591579199
00453 1461244453.5446405411 1.3591579199
00454 1461244453.5846812725 1.3591579199
00455 1461244453.6246948242 1.3591579199
00456 1461244453.6647202969 1.3591579199
00457 1461244453.7047188282 1.3591579199
00458 1461244453.7447547913 1.3591579199
00459 1461244453.7847616673 1.3591579199
00460 1461244453.8246243000 1.3591579199
00461 1461244453.8647363186 1.3591579199
00462 1461244453.9047489166 1.3591579199
00463 1461244453.9448289871 1.3591579199
00464 1461244453.9877686501 1.3591579199
00465 1461244454.0248386860 1.3591579199
00466 1461244454.0648717880 1.2910877466
00467 1461244454.1048111916 1.2910877466
00468 1461244454.1447966099 1.2910877466
00469 1461244454.1874706745 1.2910877466
00470 1461244454.2248394489 1.2910877466
00471 1461244454.2647788525 1.2470175028
00472 1461244454.3048245907 1.2470175028
00473 1461244454.3448774815 1.2470175028
00474 1461244454.3875355721 1.2470175028
00475 1461244454.4247884750 1.2470175028
00476 1461244454.4651963711 1.2148772478
00477 1461244454.5048353672 1.2148772478
00478 1461244454.5456843376 1.2148772478
00479 1461244454.5876145363 1.2148772478
00480 1461244454.6250522137 1.2148772478
00481 1461244454.6649837494 1.1887719631
00482 1461244454.7049469948 1.1887719631
00483 1461244454.7449345589 1.1887719631
00484 1461244454.7899873257 1.1887719631
00485 1461244454.8250930309 1.1887719631
00486 1461244454.8651225567 1.1497544050
00487 1461244454.9053533077 1.1497544050
00488 1461244454.9457926750 1.1497544050
00489 1461244454.9875843525 1.1497544050
00490 1461244455.0250177383 1.1497544050
00491 1461244455.0651314259 1.0947368145
00492 1461244455.1051115990 1.0947368145
00493 1461244455.1451287270 1.0947368145
00494 1461244455.1872794628 1.0947368145
00495 1461244455.2250967026 1.0947368145
00496 1461244455.2653155327 1.0167016983
00497 1461244455.3051502705 1.0167016983
00498 1461244455.3451783657 1.0167016983
00499 1461244455.3876461983 1.0167016983
00500 1461244455.4253485203 1.0167016983
00501 1461244455.4651503563 0.9336140156
00502 1461244455.5052046776 0.9336140156
00503 1461244455.5451395512 0.9336140156
00504 1461244455.5925474167 0.9336140156
00505 1461244455.6252171993 0.8425263166
00506 1461244455.6652975082 0.8425263166
00507 1461244455.7052462101 0.8425263166
00508 1461244455.7452361584 0.8425263166
00509 1461244455.7891855240 0.8425263166
00510 1461244455.8252277374 0.8425263166
00511 1461244455.8653533459 0.7475087643
00512 1461244455.9053654671 0.7475087643
00513 1461244455.9453253746 0.7475087643
00514 1461244455.9880309105 0.7475087643
00515 1461244456.0254580975 0.7475087643
00516 1461244456.0652699471 0.6583859921
00517 1461244456.1056830883 0.6583859921
00518 1461244456.1454594135 0.6583859921
00519 1461244456.1877160072 0.6583859921
00520 1461244456.2254633904 0.6583859921
00521 1461244456.2653641701 0.5852631330
00522 1461244456.3086321354 0.5852631330
00523 1461244456.3453500271 0.5852631330
00524 1461244456.3879034519 0.5852631330
00525 1461244456.4283401966 0.5852631330
00526 1461244456.4653966427 0.5322105289
00527 1461244456.5053877831 0.5322105289
00528 1461244456.5455119610 0.5322105289
00529 1461244456.5890722275 0.5322105289
00530 1461244456.6255340576 0.5322105289
00531 1461244456.6654465199 0.4941754341
00532 1461244456.7056045532 0.4941754341
00533 1461244456.7456159592 0.4941754341
00534 1461244456.7877860069 0.4941754341
00535 1461244456.8255872726 0.4941754341
00536 1461244456.8654344082 0.4721403420
00537 1461244456.9056494236 0.4721403420
00538 1461244456.9458944798 0.4721403420
00539 1461244456.9856929779 0.4721403420
00540 1461244457.0257151127 0.4721403420
00541 1461244457.0660536289 0.4721403420
00542 1461244457.1058523655 0.4721403420
00543 1461244457.1464331150 0.4721403420
00544 1461244457.1895000935 0.4721403420
00545 1461244457.2257058620 0.4721403420
00546 1461244457.2656652927 0.4661052525
00547 1461244457.3062388897 0.4661052525
00548 1461244457.3456876278 0.4661052525
00549 1461244457.3880994320 0.4661052525
00550 1461244457.4257099628 0.4661052525
00551 1461244457.4658453465 0.4763508737
00552 1461244457.5058238506 0.4763508737
00553 1461244457.5457954407 0.4763508737
00554 1461244457.5882372856 0.4763508737
00555 1461244457.6258924007 0.4763508737
00556 1461244457.6658031940 0.4926315844
00557 1461244457.7060525417 0.4926315844
00558 1461244457.7458567619 0.4926315844
00559 1461244457.7882137299 0.4926315844
00560 1461244457.8258924484 0.4926315844
00561 1461244457.8658664227 0.5118596554
00562 1461244457.9059543610 0.5118596554
00563 1461244457.9459676743 0.5118596554
00564 1461244457.9920775890 0.5118596554
00565 1461244458.0257756710 0.5118596554
00566 1461244458.0659761429 0.5381052494
00567 1461244458.1060402393 0.5381052494
00568 1461244458.1459491253 0.5381052494
00569 1461244458.1880049706 0.5381052494
00570 1461244458.2263293266 0.5381052494
00571 1461244458.2660353184 0.5653333068
00572 1461244458.3061056137 0.5653333068
00573 1461244458.3459458351 0.5653333068
00574 1461244458.3880524635 0.5653333068
00575 1461244458.4261379242 0.5653333068
00576 1461244458.4661169052 0.5985965133
00577 1461244458.5060818195 0.5985965133
00578 1461244458.5460669994 0.5985965133
00579 1461244458.5888133049 0.5985965133
00580 1461244458.6266088486 0.5985965133
00581 1461244458.6661856174 0.6328421235
00582 1461244458.7061715126 0.6328421235
00583 1461244458.7491412163 0.6328421235
00584 1461244458.7884643078 0.6328421235
00585 1461244458.8262081146 0.6328421235
00586 1461244458.8661301136 0.6227368712
00587 1461244458.9062354565 0.6227368712
00588 1461244458.9462170601 0.6227368712
00589 1461244458.9862201214 0.6227368712
00590 1461244459.0262713432 0.6227368712
00591 1461244459.0662662983 0.6227368712
00592 1461244459.1070046425 0.6227368712
00593 1461244459.1462686062 0.6227368712
00594 1461244459.1895570755 0.6227368712
00595 1461244459.2260124683 0.6227368712
00596 1461244459.2661991119 0.6227368712
00597 1461244459.3062381744 0.6227368712
00598 1461244459.3463602066 0.6227368712
00599 1461244459.3884391785 0.6227368712
00600 1461244459.4261376858 0.6227368712
00601 1461244459.4671466351 0.6480000019
00602 1461244459.5088143349 0.6480000019
00603 1461244459.5466210842 0.6480000019
00604 1461244459.5884134769 0.6480000019
00605 1461244459.6263976097 0.6480000019
00606 1461244459.6664371490 0.6691929698
00607 1461244459.7064497471 0.6691929698
00608 1461244459.7492704391 0.6691929698
00609 1461244459.7882280350 0.6691929698
00610 1461244459.8265297413 0.6691929698
00611 1461244459.8664712906 0.6964210272
00612 1461244459.9065585136 0.6964210272
00613 1461244459.9465203285 0.6964210272
00614 1461244459.9882881641 0.6964210272
00615 1461244460.0265264511 0.6964210272
00616 1461244460.0665450096 0.7166315913
00617 1461244460.1065521240 0.7166315913
00618 1461244460.1465659142 0.7166315913
00619 1461244460.1884808540 0.7166315913
00620 1461244460.2265150547 0.7166315913
00621 1461244460.2665288448 0.7397894859
00622 1461244460.3067755699 0.7397894859
00623 1461244460.3466024399 0.7397894859
00624 1461244460.3890132904 0.7397894859
00625 1461244460.4266548157 0.7397894859
00626 1461244460.4666752815 0.7619649172
00627 1461244460.5065824986 0.7619649172
00628 1461244460.5466847420 0.7619649172
00629 1461244460.5891897678 0.7619649172
00630 1461244460.6267831326 0.7619649172
00631 1461244460.6665153503 0.7841403484
00632 1461244460.7067084312 0.7841403484
00633 1461244460.7466387749 0.7841403484
00634 1461244460.7885184288 0.7841403484
00635 1461244460.8266978264 0.7841403484
00636 1461244460.8668344021 0.8143157959
00637 1461244460.9068500996 0.8143157959
00638 1461244460.9467370510 0.8143157959
00639 1461244460.9885628223 0.8143157959
00640 1461244461.0268859863 0.8143157959
00641 1461244461.0667886734 0.8505263329
00642 1461244461.1067833900 0.8505263329
00643 1461244461.1467916965 0.8505263329
00644 1461244461.1886258125 0.8505263329
00645 1461244461.2274668217 0.8505263329
00646 1461244461.2668035030 0.8976842165
00647 1461244461.3068654537 0.8976842165
00648 1461244461.3480920792 0.8976842165
00649 1461244461.3890125751 0.8976842165
00650 1461244461.4269952774 0.8976842165
00651 1461244461.4669523239 0.9578947425
00652 1461244461.5069582462 0.9578947425
00653 1461244461.5469365120 0.9578947425
00654 1461244461.5888636112 0.9578947425
00655 1461244461.6270413399 0.9578947425
00656 1461244461.6670277119 1.0450526476
00657 1461244461.7070503235 1.0450526476
00658 1461244461.7471032143 1.0450526476
00659 1461244461.7888462543 1.0450526476
00660 1461244461.8271079063 1.0450526476
00661 1461244461.8669261932 1.1253333092
00662 1461244461.9071526527 1.1253333092
00663 1461244461.9471821785 1.1253333092
00664 1461244461.9895691872 1.1253333092
00665 1461244462.0272042751 1.1253333092
00666 1461244462.0672729015 1.2124912739
00667 1461244462.1071343422 1.2124912739
00668 1461244462.1471712589 1.2124912739
00669 1461244462.1894993782 1.2124912739
00670 1461244462.2272744179 1.2124912739
00671 1461244462.2671248913 1.3087719679
00672 1461244462.3080401421 1.3087719679
00673 1461244462.3472626209 1.3087719679
00674 1461244462.3895375729 1.3087719679
00675 1461244462.4273009300 1.3087719679
00676 1461244462.4672436714 1.4070175886
00677 1461244462.5072119236 1.4070175886
00678 1461244462.5473191738 1.4070175886
00679 1461244462.5910584927 1.4070175886
00680 1461244462.6273415089 1.4070175886
00681 1461244462.6673486233 1.5101754665
00682 1461244462.7071259022 1.5101754665
00683 1461244462.7474184036 1.5101754665
00684 1461244462.7896864414 1.5101754665
00685 1461244462.8273870945 1.5101754665
00686 1461244462.8674604893 1.5943859816
00687 1461244462.9097146988 1.5943859816
00688 1461244462.9473307133 1.5943859816
00689 1461244462.9897928238 1.5943859816
00690 1461244463.0274183750 1.5943859816
00691 1461244463.0678739548 1.6735438108
00692 1461244463.1075627804 1.6735438108
00693 1461244463.1493473053 1.6735438108
00694 1461244463.1895544529 1.6735438108
00695 1461244463.2274918556 1.6735438108
00696 1461244463.2676372528 1.7477895021
00697 1461244463.3075778484 1.7477895021
00698 1461244463.3475880623 1.7477895021
00699 1461244463.3899955750 1.7477895021
00700 1461244463.4275584221 1.7477895021
00701 1461244463.4676127434 1.8290526867
00702 1461244463.5075285435 1.8290526867
00703 1461244463.5476474762 1.8290526867
00704 1461244463.5896584988 1.8290526867
00705 1461244463.6305561066 1.8290526867
00706 1461244463.6677272320 1.9013333321
00707 1461244463.7075588703 1.9013333321
00708 1461244463.7476260662 1.9013333321
00709 1461244463.7897830009 1.9013333321
00710 1461244463.8276338577 1.9013333321
00711 1461244463.8679831028 1.9535439014
00712 1461244463.9077570438 1.9535439014
00713 1461244463.9477016926 1.9535439014
00714 1461244463.9877207279 1.9535439014
00715 1461244464.0277013779 1.9535439014
00716 1461244464.0677008629 1.9535439014
00717 1461244464.1094720364 1.9535439014
00718 1461244464.1477665901 1.9535439014
00719 1461244464.1906313896 1.9535439014
00720 1461244464.2276625633 1.9535439014
00721 1461244464.2702286243 1.9535439014
00722 1461244464.3085737228 1.9535439014
00723 1461244464.3485903740 1.9535439014
00724 1461244464.3885626793 1.9535439014
00725 1461244464.4278554916 1.9535439014
00726 1461244464.4678747654 1.9535439014
00727 1461244464.5085158348 1.9535439014
00728 1461244464.5478539467 1.9535439014
00729 1461244464.5919823647 1.9535439014
00730 1461244464.6278192997 1.9535439014
00731 1461244464.6678168774 2.0028069019
00732 1461244464.7078473568 2.0028069019
00733 1461244464.7480559349 2.0028069019
00734 1461244464.7899088860 2.0028069019
00735 1461244464.8288609982 2.0028069019
00736 1461244464.8682875633 2.0579648018
00737 1461244464.9082424641 2.0579648018
00738 1461244464.9484496117 2.0579648018
00739 1461244464.9899716377 2.0579648018
00740 1461244465.0297858715 2.0579648018
00741 1461244465.0680515766 2.1331930161
00742 1461244465.1083934307 2.1331930161
00743 1461244465.1481153965 2.1331930161
00744 1461244465.1900360584 2.1331930161
00745 1461244465.2281305790 2.1331930161
00746 1461244465.2697882652 2.2304561138
00747 1461244465.3080542088 2.2304561138
00748 1461244465.3481397629 2.2304561138
00749 1461244465.3905763626 2.2304561138
00750 1461244465.4281871319 2.2304561138
00751 1461244465.4692366123 2.3776841164
00752 1461244465.5081260204 2.3776841164
00753 1461244465.5481307507 2.3776841164
00754 1461244465.5900042057 2.3776841164
00755 1461244465.6282255650 2.3776841164
00756 1461244465.6685459614 2.5889122486
00757 1461244465.7082266808 2.5889122486
00758 1461244465.7483830452 2.5889122486
00759 1461244465.7905206680 2.5889122486
00760 1461244465.8281290531 2.5889122486
00761 1461244465.8688476086 2.9141051769
00762 1461244465.9083676338 2.9141051769
00763 1461244465.9496266842 2.9141051769
00764 1461244465.9906115532 2.9141051769
00765 1461244466.0283517838 2.9141051769
00766 1461244466.0710613728 3.4193685055
00767 1461244466.1082739830 3.4193685055
00768 1461244466.1483180523 3.4193685055
00769 1461244466.1904282570 3.4193685055
00770 1461244466.2289507389 3.4193685055
00771 1461244466.2684664726 4.0366315842
00772 1461244466.3085033894 4.0366315842
00773 1461244466.3513693810 4.0366315842
00774 1461244466.3908338547 4.0366315842
00775 1461244466.4299814701 4.0366315842
00776 1461244466.4690384865 4.7887721062
00777 1461244466.5091805458 4.7887721062
00778 1461244466.5485136509 4.7887721062
00779 1461244466.5919313431 4.7887721062
00780 1461244466.6291084290 4.7887721062
00781 1461244466.6695168018 5.6130528450
00782 1461244466.7083349228 5.6130528450
00783 1461244466.7486212254 5.6130528450
00784 1461244466.7909317017 5.6130528450
00785 1461244466.8285970688 5.6130528450
00786 1461244466.8690507412 6.3802103996
00787 1461244466.9085361958 6.3802103996
00788 1461244466.9489390850 6.3802103996
00789 1461244466.9910418987 6.3802103996
00790 1461244467.0285742283 6.3802103996
00791 1461244467.0686340332 7.0534734726
00792 1461244467.1085562706 7.0534734726
00793 1461244467.1486685276 7.0534734726
00794 1461244467.1908049583 7.0534734726
00795 1461244467.2286860943 7.0534734726
00796 1461244467.2692775726 7.6436491013
00797 1461244467.3090889454 7.6436491013
00798 1461244467.3496766090 7.6436491013
00799 1461244467.3944649696 7.6436491013
00800 1461244467.4286286831 7.6436491013
00801 1461244467.4704647064 8.1009120941
00802 1461244467.5091941357 8.1009120941
00803 1461244467.5488064289 8.1009120941
00804 1461244467.5912241936 8.1009120941
00805 1461244467.6313710213 8.5490522385
00806 1461244467.6695051193 8.5490522385
00807 1461244467.7117209435 8.5490522385
00808 1461244467.7490491867 8.5490522385
00809 1461244467.7909507751 8.5490522385
00810 1461244467.8304700851 8.5490522385
00811 1461244467.8694961071 9.0362100601
00812 1461244467.9088234901 9.0362100601
00813 1461244467.9510061741 9.0362100601
00814 1461244467.9907364845 9.0362100601
00815 1461244468.0316367149 9.0362100601
00816 1461244468.0689053535 9.5854034424
00817 1461244468.1089751720 9.5854034424
00818 1461244468.1490063667 9.5854034424
00819 1461244468.1931397915 9.5854034424
00820 1461244468.2316861153 9.5854034424
00821 1461244468.2689375877 10.1486320496
00822 1461244468.3094880581 10.1486320496
00823 1461244468.3499903679 10.1486320496
00824 1461244468.3909463882 10.1486320496
00825 1461244468.4290320873 10.1486320496
00826 1461244468.4692194462 10.8917894363
00827 1461244468.5089671612 10.8917894363
00828 1461244468.5490565300 10.8917894363
00829 1461244468.5914318562 10.8917894363
00830 1461244468.6292541027 10.8917894363
00831 1461244468.6693644524 11.7379646301
00832 1461244468.7091367245 11.7379646301
00833 1461244468.7492060661 11.7379646301
00834 1461244468.7911763191 11.7379646301
00835 1461244468.8291475773 11.7379646301
00836 1461244468.8693602085 12.4122104645
00837 1461244468.9091670513 12.4122104645
00838 1461244468.9494900703 12.4122104645
00839 1461244468.9918956757 12.4122104645
00840 1461244469.0292856693 12.4122104645
00841 1461244469.0692048073 13.0753688812
00842 1461244469.1092853546 13.0753688812
00843 1461244469.1493244171 13.0753688812
00844 1461244469.1917512417 13.0753688812
00845 1461244469.2293341160 13.0753688812
00846 1461244469.2697496414 13.6286315918
00847 1461244469.3093140125 13.6286315918
00848 1461244469.3493134975 13.6286315918
00849 1461244469.3915953636 13.6286315918
00850 1461244469.4293315411 13.6286315918
00851 1461244469.4693160057 13.9938249588
00852 1461244469.5092749596 13.9938249588
00853 1461244469.5493757725 13.9938249588
00854 1461244469.5894176960 13.9938249588
00855 1461244469.6305704117 13.9938249588
00856 1461244469.6705601215 13.9938249588
00857 1461244469.7094187737 13.9938249588
00858 1461244469.7495372295 13.9938249588
00859 1461244469.7919995785 13.9938249588
00860 1461244469.8294951916 13.9938249588
00861 1461244469.8693380356 14.3900346756
00862 1461244469.9093914032 14.3900346756
00863 1461244469.9493713379 14.3900346756
00864 1461244469.9937212467 14.3900346756
00865 1461244470.0294687748 14.3900346756
00866 1461244470.0693206787 14.8472986221
00867 1461244470.1102921963 14.8472986221
00868 1461244470.1496162415 14.8472986221
00869 1461244470.1915037632 14.8472986221
00870 1461244470.2296438217 14.8472986221
00871 1461244470.2700788975 15.3845615387
00872 1461244470.3096241951 15.3845615387
00873 1461244470.3496558666 15.3845615387
00874 1461244470.3919858932 15.3845615387
00875 1461244470.4296417236 15.3845615387
00876 1461244470.4696154594 15.9827365875
00877 1461244470.5096502304 15.9827365875
00878 1461244470.5496566296 15.9827365875
00879 1461244470.5918743610 15.9827365875
00880 1461244470.6296753883 15.9827365875
00881 1461244470.6695220470 16.6269474030
00882 1461244470.7097535133 16.6269474030
00883 1461244470.7497086525 16.6269474030
00884 1461244470.7917349339 16.6269474030
00885 1461244470.8294856548 16.6269474030
00886 1461244470.8695733547 17.3941059113
00887 1461244470.9097509384 17.3941059113
00888 1461244470.9497935772 17.3941059113
00889 1461244470.9924457073 17.3941059113
00890 1461244471.0298967361 17.3941059113
00891 1461244471.0702402592 18.1393680573
00892 1461244471.1098864079 18.1393680573
00893 1461244471.1498453617 18.1393680573
00894 1461244471.1921269894 18.1393680573
00895 1461244471.2298467159 18.1393680573
00896 1461244471.2703316212 18.9375438690
00897 1461244471.3107314110 18.9375438690
00898 1461244471.3498871326 18.9375438690
00899 1461244471.3923377991 18.9375438690
00900 1461244471.4315118790 18.9375438690
00901 1461244471.4708874226 19.9207019806
00902 1461244471.5102617741 19.9207019806
00903 1461244471.5500195026 19.9207019806
00904 1461244471.5921783447 19.9207019806
00905 1461244471.6300065517 19.9207019806
00906 1461244471.6698172092 20.8548774719
00907 1461244471.7100045681 20.8548774719
00908 1461244471.7500231266 20.8548774719
00909 1461244471.7957866192 20.8548774719
00910 1461244471.8300726414 20.8548774719
00911 1461244471.8701505661 21.7681407928
00912 1461244471.9100060463 21.7681407928
00913 1461244471.9500801563 21.7681407928
00914 1461244471.9932963848 21.7681407928
00915 1461244472.0300016403 21.7681407928
00916 1461244472.0707068443 22.5723514557
00917 1461244472.1102662086 22.5723514557
00918 1461244472.1502525806 22.5723514557
00919 1461244472.1922221184 22.5723514557
00920 1461244472.2301819324 22.5723514557
00921 1461244472.2700903416 23.3425960541
00922 1461244472.3110780716 23.3425960541
00923 1461244472.3504137993 23.3425960541
00924 1461244472.3966224194 23.3425960541
00925 1461244472.4302353859 23.3425960541
00926 1461244472.4725973606 24.2008419037
00927 1461244472.5101690292 24.2008419037
00928 1461244472.5501773357 24.2008419037
00929 1461244472.5925424099 24.2008419037
00930 1461244472.6303234100 24.2008419037
00931 1461244472.6701865196 25.2290534973
00932 1461244472.7103624344 25.2290534973
00933 1461244472.7503511906 25.2290534973
00934 1461244472.7923016548 25.2290534973
00935 1461244472.8304126263 25.2290534973
00936 1461244472.8704953194 26.2582454681
00937 1461244472.9111008644 26.2582454681
00938 1461244472.9504020214 26.2582454681
00939 1461244472.9923427105 26.2582454681
00940 1461244473.0332670212 26.2582454681
00941 1461244473.0703814030 26.7644920349
00942 1461244473.1107439995 26.7644920349
00943 1461244473.1504640579 26.7644920349
00944 1461244473.1905555725 26.7644920349
00945 1461244473.2304980755 26.7644920349
00946 1461244473.2704710960 26.7644920349
00947 1461244473.3104379177 26.7644920349
00948 1461244473.3504924774 26.7644920349
00949 1461244473.3931663036 26.7644920349
00950 1461244473.4305837154 26.7644920349
00951 1461244473.4711854458 26.3403511047
00952 1461244473.5109124184 26.3403511047
00953 1461244473.5505628586 26.3403511047
00954 1461244473.5929527283 26.3403511047
00955 1461244473.6306471825 26.3403511047
00956 1461244473.6704220772 25.5672988892
00957 1461244473.7112669945 25.5672988892
00958 1461244473.7505576611 25.5672988892
00959 1461244473.7925550938 25.5672988892
00960 1461244473.8306157589 25.5672988892
00961 1461244473.8736481667 24.4282112122
00962 1461244473.9106843472 24.4282112122
00963 1461244473.9506962299 24.4282112122
00964 1461244473.9926264286 24.4282112122
00965 1461244474.0306327343 24.4282112122
00966 1461244474.0703878403 22.7230873108
00967 1461244474.1107046604 22.7230873108
00968 1461244474.1506276131 22.7230873108
00969 1461244474.1927084923 22.7230873108
00970 1461244474.2307727337 22.7230873108
00971 1461244474.2748723030 20.6739654541
00972 1461244474.3108255863 20.6739654541
00973 1461244474.3510422707 20.6739654541
00974 1461244474.3927016258 20.6739654541
00975 1461244474.4308538437 20.6739654541
00976 1461244474.4706470966 18.7859649658
00977 1461244474.5108001232 18.7859649658
00978 1461244474.5508654118 18.7859649658
00979 1461244474.5927846432 18.7859649658
00980 1461244474.6309251785 18.7859649658
00981 1461244474.6707670689 17.0078601837
00982 1461244474.7109231949 17.0078601837
00983 1461244474.7508380413 17.0078601837
00984 1461244474.7930212021 17.0078601837
00985 1461244474.8308429718 17.0078601837
00986 1461244474.8709471226 15.3397893906
00987 1461244474.9109261036 15.3397893906
00988 1461244474.9509091377 15.3397893906
00989 1461244474.9938645363 15.3397893906
00990 1461244475.0310306549 15.3397893906
00991 1461244475.0707669258 14.0266666412
00992 1461244475.1110761166 14.0266666412
00993 1461244475.1509830952 14.0266666412
00994 1461244475.1930251122 14.0266666412
00995 1461244475.2309856415 14.0266666412
00996 1461244475.2714860439 13.0836486816
00997 1461244475.3110589981 13.0836486816
00998 1461244475.3510398865 13.0836486816
00999 1461244475.3929193020 13.0836486816
01000 1461244475.4310946465 13.0836486816
01001 1461244475.4708619118 12.5285615921
01002 1461244475.5110569000 12.5285615921
01003 1461244475.5511474609 12.5285615921
01004 1461244475.5936820507 12.5285615921
01005 1461244475.6309204102 12.5285615921
01006 1461244475.6716434956 12.3695440292
01007 1461244475.7111687660 12.3695440292
01008 1461244475.7511386871 12.3695440292
01009 1461244475.7932064533 12.3695440292
01010 1461244475.8312175274 12.3695440292
01011 1461244475.8713774681 12.6637191772
01012 1461244475.9122157097 12.6637191772
01013 1461244475.9514236450 12.6637191772
01014 1461244475.9933586121 12.6637191772
01015 1461244476.0312814713 12.6637191772
01016 1461244476.0739834309 13.3079299927
01017 1461244476.1112251282 13.3079299927
01018 1461244476.1512844563 13.3079299927
01019 1461244476.1931748390 13.3079299927
01020 1461244476.2313485146 13.3079299927
01021 1461244476.2710790634 13.8590879440
01022 1461244476.3114852905 13.8590879440
01023 1461244476.3514859676 13.8590879440
01024 1461244476.3935058117 13.8590879440
01025 1461244476.4313681126 13.8590879440
01026 1461244476.4711461067 14.2512283325
01027 1461244476.5114419460 14.2512283325
01028 1461244476.5513846874 14.2512283325
01029 1461244476.5914549828 14.2512283325
01030 1461244476.6314506531 14.2512283325
01031 1461244476.6713047028 14.2512283325
01032 1461244476.7114968300 14.2512283325
01033 1461244476.7514681816 14.2512283325
01034 1461244476.7916474342 14.2512283325
01035 1461244476.8315014839 14.2512283325
01036 1461244476.8712742329 14.2512283325
01037 1461244476.9114654064 14.2512283325
01038 1461244476.9515779018 14.2512283325
01039 1461244476.9943180084 14.2512283325
01040 1461244477.0315697193 14.2512283325
01041 1461244477.0715477467 14.2512283325
01042 1461244477.1116225719 14.2512283325
01043 1461244477.1515986919 14.2512283325
01044 1461244477.1950647831 14.2903862000
01045 1461244477.2315299511 14.2903862000
01046 1461244477.2744889259 14.2903862000
01047 1461244477.3113825321 14.2903862000
01048 1461244477.3517432213 14.2903862000
01049 1461244477.3936290741 14.2903862000
01050 1461244477.4317584038 14.2092628479
01051 1461244477.4717144966 14.2092628479
01052 1461244477.5117137432 14.2092628479
01053 1461244477.5518078804 14.2092628479
01054 1461244477.5945146084 14.2092628479
01055 1461244477.6317775249 14.2092628479
01056 1461244477.6733610630 13.9521408081
01057 1461244477.7117989063 13.9521408081
01058 1461244477.7517998219 13.9521408081
01059 1461244477.7940630913 13.9521408081
01060 1461244477.8318052292 13.6540346146
01061 1461244477.8717033863 13.6540346146
01062 1461244477.9118461609 13.6540346146
01063 1461244477.9518747330 13.6540346146
01064 1461244477.9939005375 13.6540346146
01065 1461244478.0318813324 13.6540346146
01066 1461244478.0715851784 13.3510179520
01067 1461244478.1117799282 13.3510179520
01068 1461244478.1519739628 13.3510179520
01069 1461244478.1944210529 13.3510179520
01070 1461244478.2319488525 13.3510179520
01071 1461244478.2716670036 13.0839300156
01072 1461244478.3119971752 13.0839300156
01073 1461244478.3519172668 13.0839300156
01074 1461244478.3919658661 13.0839300156
01075 1461244478.4320085049 13.0839300156
01076 1461244478.4720861912 13.0839300156
01077 1461244478.5121421814 13.0839300156
01078 1461244478.5521132946 13.0839300156
01079 1461244478.5923490524 13.0839300156
01080 1461244478.6321580410 13.0839300156
01081 1461244478.6727004051 13.0839300156
01082 1461244478.7123029232 13.0839300156
01083 1461244478.7521581650 13.0839300156
01084 1461244478.7952051163 13.0839300156
01085 1461244478.8324701786 13.2961406708
01086 1461244478.8719801903 13.2961406708
01087 1461244478.9121913910 13.2961406708
01088 1461244478.9523952007 13.2961406708
01089 1461244478.9945347309 13.2961406708
01090 1461244479.0322031975 13.2961406708
01091 1461244479.0721030235 13.5112981796
01092 1461244479.1121890545 13.5112981796
01093 1461244479.1523005962 13.5112981796
01094 1461244479.1942000389 13.5112981796
01095 1461244479.2322537899 13.5112981796
01096 1461244479.2727229595 13.7894735336
01097 1461244479.3123445511 13.7894735336
01098 1461244479.3544859886 13.7894735336
01099 1461244479.3958852291 13.7894735336
01100 1461244479.4321048260 13.7894735336
01101 1461244479.4729802608 14.0916490555
01102 1461244479.5123043060 14.0916490555
01103 1461244479.5523562431 14.0916490555
01104 1461244479.5946478844 14.0916490555
01105 1461244479.6335277557 14.0916490555
01106 1461244479.6722915173 14.3688421249
01107 1461244479.7123839855 14.3688421249
01108 1461244479.7524075508 14.3688421249
01109 1461244479.7966949940 14.3688421249
01110 1461244479.8324530125 14.3688421249
01111 1461244479.8724257946 14.7660350800
01112 1461244479.9124469757 14.7660350800
01113 1461244479.9553186893 14.7660350800
01114 1461244479.9948368073 14.7660350800
01115 1461244480.0324802399 14.7660350800
01116 1461244480.0724573135 15.2522106171
01117 1461244480.1125586033 15.2522106171
01118 1461244480.1525349617 15.2522106171
01119 1461244480.1945066452 15.2522106171
01120 1461244480.2324731350 15.7934036255
01121 1461244480.2726151943 15.7934036255
01122 1461244480.3125219345 15.7934036255
01123 1461244480.3544900417 15.7934036255
01124 1461244480.3925864697 15.7934036255
01125 1461244480.4327630997 15.7934036255
01126 1461244480.4724349976 15.7934036255
01127 1461244480.5127801895 15.7934036255
01128 1461244480.5526547432 15.7934036255
01129 1461244480.5926070213 15.7934036255
01130 1461244480.6326658726 15.7934036255
01131 1461244480.6724402905 15.7934036255
01132 1461244480.7126846313 15.7934036255
01133 1461244480.7532417774 15.7934036255
01134 1461244480.7951841354 15.7934036255
01135 1461244480.8328156471 15.7934036255
01136 1461244480.8726789951 16.0666675568
01137 1461244480.9127490520 16.0666675568
01138 1461244480.9534943104 16.0666675568
01139 1461244480.9968557358 16.0666675568
01140 1461244481.0328488350 16.0666675568
01141 1461244481.0726664066 16.6458950043
01142 1461244481.1133360863 16.6458950043
01143 1461244481.1543910503 16.6458950043
01144 1461244481.1988263130 16.6458950043
01145 1461244481.2328107357 16.6458950043
01146 1461244481.2733774185 17.5320701599
01147 1461244481.3129100800 17.5320701599
01148 1461244481.3528165817 17.5320701599
01149 1461244481.3963339329 17.5320701599
01150 1461244481.4328839779 18.4972629547
01151 1461244481.4727351665 18.4972629547
01152 1461244481.5128417015 18.4972629547
01153 1461244481.5528714657 18.4972629547
01154 1461244481.5951490402 18.4972629547
01155 1461244481.6330134869 18.4972629547
01156 1461244481.6743395329 19.2364921570
01157 1461244481.7128040791 19.2364921570
01158 1461244481.7529969215 19.2364921570
01159 1461244481.7929427624 19.2364921570
01160 1461244481.8336131573 19.2364921570
01161 1461244481.8731060028 19.2364921570
01162 1461244481.9130513668 19.2364921570
01163 1461244481.9562833309 19.2364921570
01164 1461244481.9930651188 19.2364921570
01165 1461244482.0359094143 19.2364921570
01166 1461244482.0729644299 19.2364921570
01167 1461244482.1157412529 19.2364921570
01168 1461244482.1530563831 19.2364921570
01169 1461244482.1938824654 19.2364921570
01170 1461244482.2332253456 19.2364921570
01171 1461244482.2740786076 19.2364921570
01172 1461244482.3148458004 19.2364921570
01173 1461244482.3531215191 19.2364921570
01174 1461244482.3931112289 19.2364921570
01175 1461244482.4332156181 19.2364921570
01176 1461244482.4730925560 19.2364921570
01177 1461244482.5132529736 19.2364921570
01178 1461244482.5532629490 19.2364921570
01179 1461244482.5956614017 19.2364921570
01180 1461244482.6333832741 19.2364921570
01181 1461244482.6734278202 18.6593685150
01182 1461244482.7136683464 18.6593685150
01183 1461244482.7533252239 18.6593685150
01184 1461244482.7957179546 18.6593685150
01185 1461244482.8348186016 18.0032272339
01186 1461244482.8732664585 18.0032272339
01187 1461244482.9133286476 18.0032272339
01188 1461244482.9533946514 18.0032272339
01189 1461244482.9970123768 18.0032272339
01190 1461244483.0333826542 18.0032272339
01191 1461244483.0735502243 17.3242111206
01192 1461244483.1134161949 17.3242111206
01193 1461244483.1535189152 17.3242111206
01194 1461244483.1956396103 17.3242111206
01195 1461244483.2336866856 16.8151588440
01196 1461244483.2741453648 16.8151588440
01197 1461244483.3134553432 16.8151588440
01198 1461244483.3535301685 16.8151588440
01199 1461244483.3936710358 16.8151588440
01200 1461244483.4334251881 16.8151588440
01201 1461244483.4734387398 16.8151588440
01202 1461244483.5146548748 16.8151588440
01203 1461244483.5534362793 16.8151588440
01204 1461244483.5959987640 16.8151588440
01205 1461244483.6335983276 16.8151588440
01206 1461244483.6736626625 16.2380352020
01207 1461244483.7134418488 16.2380352020
01208 1461244483.7535967827 16.2380352020
01209 1461244483.7952728271 16.2380352020
01210 1461244483.8336205482 16.2380352020
01211 1461244483.8735001087 15.2689123154
01212 1461244483.9135653973 15.2689123154
01213 1461244483.9535694122 15.2689123154
01214 1461244483.9953739643 15.2689123154
01215 1461244484.0342652798 15.2689123154
01216 1461244484.0735950470 14.4328422546
01217 1461244484.1141710281 14.4328422546
01218 1461244484.1537549496 14.4328422546
01219 1461244484.1958398819 14.4328422546
01220 1461244484.2352805138 14.4328422546
01221 1461244484.2739410400 13.4738245010
01222 1461244484.3138201237 13.4738245010
01223 1461244484.3537132740 13.4738245010
01224 1461244484.3963239193 13.4738245010
01225 1461244484.4338397980 13.4738245010
01226 1461244484.4737761021 12.9538249969
01227 1461244484.5137193203 12.9538249969
01228 1461244484.5538311005 12.9538249969
01229 1461244484.5961248875 12.9538249969
01230 1461244484.6338562965 12.8637189865
01231 1461244484.6737587452 12.8637189865
01232 1461244484.7138946056 12.8637189865
01233 1461244484.7538237572 12.8637189865
01234 1461244484.7959334850 12.8637189865
01235 1461244484.8339138031 13.2388772964
01236 1461244484.8757183552 13.2388772964
01237 1461244484.9139783382 13.2388772964
01238 1461244484.9541070461 13.2388772964
01239 1461244484.9978964329 13.2388772964
01240 1461244485.0339725018 13.2388772964
01241 1461244485.0738964081 14.2070178986
01242 1461244485.1139969826 14.2070178986
01243 1461244485.1539225578 14.2070178986
01244 1461244485.1961643696 14.2070178986
01245 1461244485.2340259552 14.2070178986
01246 1461244485.2738430500 15.6551580429
01247 1461244485.3140985966 15.6551580429
01248 1461244485.3540308475 15.6551580429
01249 1461244485.3964204788 15.6551580429
01250 1461244485.4353244305 15.6551580429
01251 1461244485.4756927490 17.4863166809
01252 1461244485.5141193867 17.4863166809
01253 1461244485.5542497635 17.4863166809
01254 1461244485.5967025757 17.4863166809
01255 1461244485.6344897747 17.4863166809
01256 1461244485.6765704155 19.3905963898
01257 1461244485.7152297497 19.3905963898
01258 1461244485.7549402714 19.3905963898
01259 1461244485.7975149155 19.3905963898
01260 1461244485.8349733353 19.3905963898
01261 1461244485.8741590977 21.5298252106
01262 1461244485.9153525829 21.5298252106
01263 1461244485.9541513920 21.5298252106
01264 1461244485.9961829185 21.5298252106
01265 1461244486.0341863632 21.5298252106
01266 1461244486.0742721558 23.5119991302
01267 1461244486.1144881248 23.5119991302
01268 1461244486.1542315483 23.5119991302
01269 1461244486.2009515762 23.5119991302
01270 1461244486.2348034382 23.5119991302
01271 1461244486.2750985622 24.7111587524
01272 1461244486.3143906593 24.7111587524
01273 1461244486.3543801308 24.7111587524
01274 1461244486.3945574760 24.7111587524
01275 1461244486.4344501495 24.7111587524
01276 1461244486.4743196964 24.7111587524
01277 1461244486.5144662857 24.7111587524
01278 1461244486.5544776917 24.7111587524
01279 1461244486.5966253281 24.7111587524
01280 1461244486.6373560429 24.8373336792
01281 1461244486.6766307354 24.8373336792
01282 1461244486.7144644260 24.8373336792
01283 1461244486.7544918060 24.8373336792
01284 1461244486.7979059219 24.8373336792
01285 1461244486.8345720768 24.8373336792
01286 1461244486.8744640350 24.3322105408
01287 1461244486.9146163464 24.3322105408
01288 1461244486.9545762539 24.3322105408
01289 1461244486.9969601631 24.3322105408
01290 1461244487.0346350670 24.3322105408
01291 1461244487.0744366646 23.2282104492
01292 1461244487.1146347523 23.2282104492
01293 1461244487.1545841694 23.2282104492
01294 1461244487.1962766647 23.2282104492
01295 1461244487.2379372120 23.2282104492
01296 1461244487.2762916088 21.9281406403
01297 1461244487.3147084713 21.9281406403
01298 1461244487.3547036648 21.9281406403
01299 1461244487.3974101543 21.9281406403
01300 1461244487.4347593784 21.9281406403
01301 1461244487.4753386974 20.4930534363
01302 1461244487.5147771835 20.4930534363
01303 1461244487.5546443462 20.4930534363
01304 1461244487.5973119736 20.4930534363
01305 1461244487.6348896027 20.4930534363
01306 1461244487.6746604443 18.9569129944
01307 1461244487.7148709297 18.9569129944
01308 1461244487.7566416264 18.9569129944
01309 1461244487.7968454361 18.9569129944
01310 1461244487.8347649574 18.9569129944
01311 1461244487.8748881817 17.9278602600
01312 1461244487.9148871899 17.9278602600
01313 1461244487.9548099041 17.9278602600
01314 1461244487.9971261024 17.9278602600
01315 1461244488.0348677635 17.9278602600
01316 1461244488.0748689175 17.2668075562
01317 1461244488.1177213192 17.2668075562
01318 1461244488.1548547745 17.2668075562
01319 1461244488.1952719688 17.2668075562
01320 1461244488.2352805138 17.2668075562
01321 1461244488.2765421867 17.2668075562
01322 1461244488.3150229454 17.2668075562
01323 1461244488.3549861908 17.2668075562
01324 1461244488.3968005180 17.4889831543
01325 1461244488.4362144470 17.4889831543
01326 1461244488.4748616219 17.4889831543
01327 1461244488.5166215897 17.4889831543
01328 1461244488.5550734997 17.4889831543
01329 1461244488.6015343666 17.4889831543
01330 1461244488.6350889206 18.0851936340
01331 1461244488.6764912605 18.0851936340
01332 1461244488.7152335644 18.0851936340
01333 1461244488.7551574707 18.0851936340
01334 1461244488.7988359928 18.0851936340
01335 1461244488.8352987766 18.0851936340
01336 1461244488.8781173229 19.1934032440
01337 1461244488.9150810242 19.1934032440
01338 1461244488.9550931454 19.1934032440
01339 1461244488.9972562790 19.1934032440
01340 1461244489.0351190567 19.1934032440
01341 1461244489.0751726627 20.3576145172
01342 1461244489.1152832508 20.3576145172
01343 1461244489.1551642418 20.3576145172
01344 1461244489.1973695755 20.3576145172
01345 1461244489.2352626324 21.1258945465
01346 1461244489.2755024433 21.1258945465
01347 1461244489.3152954578 21.1258945465
01348 1461244489.3556663990 21.1258945465
01349 1461244489.3953444958 21.1258945465
01350 1461244489.4352710247 21.1258945465
01351 1461244489.4757163525 21.1258945465
01352 1461244489.5152184963 21.1258945465
01353 1461244489.5553376675 21.1258945465
01354 1461244489.6001403332 21.1258945465
01355 1461244489.6353099346 21.1258945465
01356 1461244489.6752586365 21.2520694733
01357 1461244489.7183463573 21.2520694733
01358 1461244489.7555713654 21.2520694733
01359 1461244489.7979121208 21.2520694733
01360 1461244489.8353760242 21.2520694733
01361 1461244489.8754005432 20.6819648743
01362 1461244489.9155230522 20.6819648743
01363 1461244489.9554617405 20.6819648743
01364 1461244490.0020916462 20.6819648743
01365 1461244490.0361104012 20.6819648743
01366 1461244490.0753726959 19.4429473877
01367 1461244490.1160876751 19.4429473877
01368 1461244490.1554968357 19.4429473877
01369 1461244490.1972544193 19.4429473877
01370 1461244490.2355294228 19.4429473877
01371 1461244490.2758419514 17.9028778076
01372 1461244490.3155109882 17.9028778076
01373 1461244490.3568055630 17.9028778076
01374 1461244490.3976426125 17.9028778076
01375 1461244490.4355936050 17.9028778076
01376 1461244490.4756319523 16.4568424225
01377 1461244490.5155708790 16.4568424225
01378 1461244490.5556247234 16.4568424225
01379 1461244490.6010239124 16.4568424225
01380 1461244490.6356766224 16.4568424225
01381 1461244490.6761713028 15.1417541504
01382 1461244490.7156383991 15.1417541504
01383 1461244490.7556791306 15.1417541504
01384 1461244490.7980356216 15.1417541504
01385 1461244490.8356671333 15.1417541504
01386 1461244490.8756184578 14.1757192612
01387 1461244490.9157445431 14.1757192612
01388 1461244490.9556865692 14.1757192612
01389 1461244490.9996128082 14.1757192612
01390 1461244491.0356645584 14.1757192612
01391 1461244491.0757229328 13.5486316681
01392 1461244491.1158790588 13.5486316681
01393 1461244491.1557641029 13.5486316681
01394 1461244491.1962451935 13.5486316681
01395 1461244491.2359025478 13.5486316681
01396 1461244491.2755403519 13.5486316681
01397 1461244491.3159022331 13.5486316681
01398 1461244491.3558435440 13.5486316681
01399 1461244491.3958137035 13.5486316681
01400 1461244491.4358701706 13.5486316681
01401 1461244491.4765429497 13.5486316681
01402 1461244491.5166368484 13.5486316681
01403 1461244491.5559663773 13.5486316681
01404 1461244491.5981805325 13.5486316681
01405 1461244491.6359355450 13.4735441208
01406 1461244491.6758530140 13.4735441208
01407 1461244491.7159817219 13.4735441208
01408 1461244491.7571365833 13.4735441208
01409 1461244491.8021988869 13.4735441208
01410 1461244491.8360066414 13.5277194977
01411 1461244491.8764595985 13.5277194977
01412 1461244491.9160645008 13.5277194977
01413 1461244491.9560501575 13.5277194977
01414 1461244491.9991650581 13.5277194977
01415 1461244492.0361385345 13.5277194977
01416 1461244492.0760300159 13.8729820251
01417 1461244492.1159989834 13.8729820251
01418 1461244492.1561818123 13.8729820251
01419 1461244492.1994776726 13.8729820251
01420 1461244492.2360537052 13.8729820251
01421 1461244492.2792036533 14.1531229019
01422 1461244492.3163599968 14.1531229019
01423 1461244492.3562614918 14.1531229019
01424 1461244492.3997547626 14.1531229019
01425 1461244492.4361944199 14.1531229019
01426 1461244492.4762599468 14.5863857269
01427 1461244492.5162591934 14.5863857269
01428 1461244492.5562586784 14.5863857269
01429 1461244492.5983572006 14.5863857269
01430 1461244492.6370325089 14.5863857269
01431 1461244492.6780447960 14.9236488342
01432 1461244492.7165596485 14.9236488342
01433 1461244492.7586717606 14.9236488342
01434 1461244492.7961413860 14.9236488342
01435 1461244492.8363199234 14.9236488342
01436 1461244492.8763210773 14.9236488342
01437 1461244492.9163129330 14.9236488342
01438 1461244492.9563713074 14.9236488342
01439 1461244493.0000565052 14.9236488342
01440 1461244493.0374965668 14.9236488342
01441 1461244493.0763561726 14.7825965881
01442 1461244493.1187467575 14.7825965881
01443 1461244493.1567578316 14.7825965881
01444 1461244493.1987714767 14.7825965881
01445 1461244493.2364029884 14.7825965881
01446 1461244493.2773015499 14.4185266495
01447 1461244493.3164329529 14.4185266495
01448 1461244493.3573338985 14.4185266495
01449 1461244493.3986620903 14.4185266495
01450 1461244493.4364526272 14.4185266495
01451 1461244493.4765307903 14.2454738617
01452 1461244493.5165307522 14.2454738617
01453 1461244493.5575888157 14.2454738617
01454 1461244493.5965321064 14.2454738617
01455 1461244493.6375229359 14.2454738617
01456 1461244493.6765353680 14.2454738617
01457 1461244493.7165880203 14.2454738617
01458 1461244493.7567691803 14.2454738617
01459 1461244493.8003292084 14.2454738617
01460 1461244493.8366432190 14.2454738617
01461 1461244493.8765401840 14.4237194061
01462 1461244493.9167416096 14.4237194061
01463 1461244493.9566516876 14.4237194061
01464 1461244493.9990086555 14.4237194061
01465 1461244494.0369431973 14.4237194061
01466 1461244494.0764951706 14.7529821396
01467 1461244494.1167201996 14.7529821396
01468 1461244494.1567444801 14.7529821396
01469 1461244494.2008602619 14.7529821396
01470 1461244494.2364959717 14.7529821396
01471 1461244494.2765073776 15.7312278748
01472 1461244494.3167080879 15.7312278748
01473 1461244494.3567767143 15.7312278748
01474 1461244494.3993394375 15.7312278748
01475 1461244494.4367592335 15.7312278748
01476 1461244494.4765524864 17.1984558105
01477 1461244494.5167500973 17.1984558105
01478 1461244494.5567619801 17.1984558105
01479 1461244494.6000053883 17.1984558105
01480 1461244494.6368231773 17.1984558105
01481 1461244494.6767699718 18.3505973816
01482 1461244494.7169549465 18.3505973816
01483 1461244494.7569165230 18.3505973816
01484 1461244494.7991247177 18.3505973816
01485 1461244494.8376064301 19.5487728119
01486 1461244494.8770618439 19.5487728119
01487 1461244494.9169070721 19.5487728119
01488 1461244494.9569389820 19.5487728119
01489 1461244494.9990429878 19.5487728119
01490 1461244495.0369174480 19.5487728119
01491 1461244495.0768961906 20.5900344849
01492 1461244495.1169545650 20.5900344849
01493 1461244495.1598057747 20.5900344849
01494 1461244495.1992075443 20.5900344849
01495 1461244495.2367918491 21.3712272644
01496 1461244495.2786161900 21.3712272644
01497 1461244495.3170254230 21.3712272644
01498 1461244495.3570795059 21.3712272644
01499 1461244495.3994715214 21.3712272644
01500 1461244495.4371349812 21.3712272644
01501 1461244495.4789228439 21.3712272644
01502 1461244495.5171632767 21.3712272644
01503 1461244495.5571103096 21.3712272644
01504 1461244495.5971639156 21.3712272644
01505 1461244495.6400048733 21.3712272644
01506 1461244495.6772060394 21.3712272644
01507 1461244495.7171494961 21.3712272644
01508 1461244495.7581360340 21.3712272644
01509 1461244495.7994258404 21.3712272644
01510 1461244495.8372049332 21.3072280884
01511 1461244495.8771102428 21.3072280884
01512 1461244495.9172461033 21.3072280884
01513 1461244495.9572377205 21.3072280884
01514 1461244496.0030324459 21.3072280884
01515 1461244496.0372688770 21.3072280884
01516 1461244496.0772571564 21.3072280884
01517 1461244496.1200006008 21.1242103577
01518 1461244496.1572928429 21.1242103577
01519 1461244496.1993441582 21.1242103577
01520 1461244496.2372944355 21.1242103577
01521 1461244496.2788281441 20.6830883026
01522 1461244496.3173966408 20.6830883026
01523 1461244496.3580477238 20.6830883026
01524 1461244496.4039189816 20.3150882721
01525 1461244496.4374067783 20.3150882721
01526 1461244496.4773139954 20.3150882721
01527 1461244496.5173623562 20.3150882721
01528 1461244496.5603394508 20.3150882721
01529 1461244496.6030380726 20.3150882721
01530 1461244496.6374633312 20.3150882721
01531 1461244496.6774702072 19.9350166321
01532 1461244496.7176039219 19.9350166321
01533 1461244496.7575166225 19.9350166321
01534 1461244496.7974979877 19.9350166321
01535 1461244496.8382372856 19.9350166321
01536 1461244496.8773500919 19.9350166321
01537 1461244496.9177114964 19.9350166321
01538 1461244496.9575114250 19.9350166321
01539 1461244496.9975655079 19.9350166321
01540 1461244497.0375697613 19.9350166321
01541 1461244497.0776412487 19.9350166321
01542 1461244497.1186077595 19.9350166321
01543 1461244497.1578109264 19.9350166321
01544 1461244497.1975681782 19.9350166321
01545 1461244497.2375631332 19.9350166321
01546 1461244497.2773563862 19.9350166321
01547 1461244497.3176374435 19.9350166321
01548 1461244497.3577632904 19.9350166321
01549 1461244497.3997907639 19.9350166321
01550 1461244497.4376864433 19.9350166321
01551 1461244497.4776144028 20.5202808380
01552 1461244497.5176665783 20.5202808380
01553 1461244497.5577187538 20.5202808380
01554 1461244497.6002333164 20.5202808380
01555 1461244497.6377532482 20.5202808380
01556 1461244497.6804602146 21.1994380951
01557 1461244497.7176105976 21.1994380951
01558 1461244497.7588675022 21.1994380951
01559 1461244497.8029301167 21.8717193604
01560 1461244497.8378205299 21.8717193604
01561 1461244497.8775577545 21.8717193604
01562 1461244497.9181816578 21.8717193604
01563 1461244497.9578576088 21.8717193604
01564 1461244498.0003840923 21.8717193604
01565 1461244498.0378139019 22.2499656677
01566 1461244498.0778279305 22.2499656677
01567 1461244498.1179280281 22.2499656677
01568 1461244498.1585617065 22.2499656677
01569 1461244498.1998593807 22.2499656677
01570 1461244498.2378878593 22.1399307251
01571 1461244498.2780926228 22.1399307251
01572 1461244498.3179316521 22.1399307251
01573 1461244498.3598482609 22.1399307251
01574 1461244498.4001362324 22.1399307251
01575 1461244498.4391393661 21.7317886353
01576 1461244498.4782838821 21.7317886353
01577 1461244498.5179886818 21.7317886353
01578 1461244498.5580453873 21.7317886353
01579 1461244498.6001756191 21.7317886353
01580 1461244498.6377532482 21.7317886353
01581 1461244498.6810359955 21.2266674042
01582 1461244498.7180590630 21.2266674042
01583 1461244498.7609426975 21.2266674042
01584 1461244498.8003196716 21.2266674042
01585 1461244498.8380422592 20.6885604858
01586 1461244498.8781368732 20.6885604858
01587 1461244498.9180290699 20.6885604858
01588 1461244498.9580101967 20.6885604858
01589 1461244499.0000336170 20.6885604858
01590 1461244499.0381712914 20.0944557190
01591 1461244499.0781443119 20.0944557190
01592 1461244499.1181356907 20.0944557190
01593 1461244499.1582102776 20.0944557190
01594 1461244499.2009541988 20.0944557190
01595 1461244499.2391765118 19.7313690186
01596 1461244499.2786419392 19.7313690186
01597 1461244499.3182933331 19.7313690186
01598 1461244499.3618125916 19.7313690186
01599 1461244499.4004471302 19.7313690186
01600 1461244499.4382967949 19.3682804108
01601 1461244499.4808435440 19.3682804108
01602 1461244499.5188789368 19.3682804108
01603 1461244499.5583493710 19.3682804108
01604 1461244499.6053876877 19.3682804108
01605 1461244499.6383726597 19.0631580353
01606 1461244499.6783325672 19.0631580353
01607 1461244499.7182686329 19.0631580353
01608 1461244499.7584211826 19.0631580353
01609 1461244499.8005900383 18.7410526276
01610 1461244499.8394961357 18.7410526276
01611 1461244499.8783216476 18.7410526276
01612 1461244499.9184224606 18.7410526276
01613 1461244499.9584517479 18.7410526276
01614 1461244499.9984395504 18.7410526276
01615 1461244500.0384750366 18.7410526276
01616 1461244500.0790717602 18.7410526276
01617 1461244500.1188430786 18.7410526276
01618 1461244500.1592421532 18.7410526276
01619 1461244500.2014744282 18.7410526276
01620 1461244500.2385663986 18.7410526276
01621 1461244500.2790563107 18.7410526276
01622 1461244500.3186061382 18.7410526276
01623 1461244500.3596463203 18.7410526276
01624 1461244500.4009778500 18.7410526276
01625 1461244500.4386019707 18.7410526276
01626 1461244500.4784896374 19.0332622528
01627 1461244500.5186095238 19.0332622528
01628 1461244500.5585548878 19.0332622528
01629 1461244500.6049168110 19.0332622528
01630 1461244500.6386070251 19.0332622528
01631 1461244500.6785829067 19.6895446777
01632 1461244500.7186214924 19.6895446777
01633 1461244500.7586438656 19.6895446777
01634 1461244500.8009417057 19.6895446777
01635 1461244500.8392782211 19.6895446777
01636 1461244500.8788006306 20.6227359772
01637 1461244500.9187433720 20.6227359772
01638 1461244500.9587702751 20.6227359772
01639 1461244501.0011148453 20.6227359772
01640 1461244501.0387625694 20.6227359772
01641 1461244501.0796499252 22.3289833069
01642 1461244501.1185827255 22.3289833069
01643 1461244501.1584844589 22.3289833069
01644 1461244501.2006504536 22.3289833069
01645 1461244501.2385630608 22.3289833069
01646 1461244501.2785756588 24.6861763000
01647 1461244501.3185915947 24.6861763000
01648 1461244501.3587367535 24.6861763000
01649 1461244501.4009802341 24.6861763000
01650 1461244501.4387137890 24.6861763000
01651 1461244501.4787764549 27.2564201355
01652 1461244501.5189156532 27.2564201355
01653 1461244501.5591397285 27.2564201355
01654 1461244501.6017634869 27.2564201355
01655 1461244501.6399700642 27.2564201355
01656 1461244501.6790199280 29.4686317444
01657 1461244501.7191195488 29.4686317444
01658 1461244501.7591328621 29.4686317444
01659 1461244501.7988278866 29.4686317444
01660 1461244501.8392984867 29.4686317444
01661 1461244501.8790588379 29.4686317444
01662 1461244501.9193527699 29.4686317444
01663 1461244501.9590446949 29.4686317444
01664 1461244501.9990577698 29.4686317444
01665 1461244502.0390555859 29.4686317444
01666 1461244502.0791306496 29.4686317444
01667 1461244502.1190669537 29.4686317444
01668 1461244502.1590604782 29.4686317444
01669 1461244502.2013907433 29.4686317444
01670 1461244502.2390236855 29.4686317444
01671 1461244502.2794790268 30.4158592224
01672 1461244502.3191876411 30.4158592224
01673 1461244502.3621232510 30.4158592224
01674 1461244502.3991520405 30.4158592224
01675 1461244502.4393644333 30.4158592224
01676 1461244502.4792430401 30.4158592224
01677 1461244502.5191674232 30.4158592224
01678 1461244502.5592970848 30.4158592224
01679 1461244502.6010441780 30.4158592224
01680 1461244502.6399350166 30.4158592224
01681 1461244502.6791214943 30.4158592224
01682 1461244502.7193202972 30.4158592224
01683 1461244502.7604253292 30.4158592224
01684 1461244502.7992823124 30.4158592224
01685 1461244502.8393282890 30.4158592224
01686 1461244502.8811273575 30.4158592224
01687 1461244502.9193437099 30.4158592224
01688 1461244502.9595856667 30.4158592224
01689 1461244503.0024330616 30.4158592224
01690 1461244503.0394365788 30.4158592224
01691 1461244503.0793995857 30.6690521240
01692 1461244503.1193714142 30.6690521240
01693 1461244503.1593296528 30.6690521240
01694 1461244503.2026939392 30.7992973328
01695 1461244503.2395226955 30.7992973328
01696 1461244503.2809228897 30.7992973328
01697 1461244503.3193821907 30.7992973328
01698 1461244503.3593463898 30.7992973328
01699 1461244503.3994209766 30.7992973328
01700 1461244503.4394021034 30.7992973328
01701 1461244503.4794116020 30.7992973328
01702 1461244503.5194063187 30.7992973328
01703 1461244503.5594358444 30.7992973328
01704 1461244503.5995101929 30.7992973328
01705 1461244503.6395461559 30.7992973328
01706 1461244503.6795151234 30.7992973328
01707 1461244503.7195620537 30.7992973328
01708 1461244503.7595539093 30.7992973328
01709 1461244503.8019189835 30.1222457886
01710 1461244503.8396070004 30.1222457886
01711 1461244503.8796355724 30.1222457886
01712 1461244503.9211676121 30.1222457886
01713 1461244503.9600107670 30.1222457886
01714 1461244504.0017685890 30.1222457886
01715 1461244504.0397005081 30.1222457886
01716 1461244504.0796673298 28.7441406250
01717 1461244504.1199586391 28.7441406250
01718 1461244504.1596500874 28.7441406250
01719 1461244504.2020716667 28.7441406250
01720 1461244504.2397077084 27.9670181274
01721 1461244504.2799313068 27.9670181274
01722 1461244504.3219296932 27.9670181274
01723 1461244504.3596882820 27.9670181274
01724 1461244504.4015879631 27.9670181274
01725 1461244504.4397876263 27.9670181274
01726 1461244504.4797832966 26.5440006256
01727 1461244504.5197956562 26.5440006256
01728 1461244504.5598032475 26.5440006256
01729 1461244504.6018068790 26.5440006256
01730 1461244504.6405396461 26.5440006256
01731 1461244504.6801705360 24.9278602600
01732 1461244504.7198004723 24.9278602600
01733 1461244504.7616043091 24.9278602600
01734 1461244504.8029663563 24.9278602600
01735 1461244504.8398509026 24.9278602600
01736 1461244504.8798775673 23.2707366943
01737 1461244504.9201824665 23.2707366943
01738 1461244504.9599132538 23.2707366943
01739 1461244505.0017580986 23.2707366943
01740 1461244505.0399360657 23.2707366943
01741 1461244505.0799386501 21.8346672058
01742 1461244505.1201403141 21.8346672058
01743 1461244505.1611247063 21.8346672058
01744 1461244505.2017600536 21.8346672058
01745 1461244505.2400453091 21.8346672058
01746 1461244505.2809414864 20.5355796814
01747 1461244505.3207919598 20.5355796814
01748 1461244505.3605194092 20.5355796814
01749 1461244505.4024095535 20.5355796814
01750 1461244505.4400708675 20.5355796814
01751 1461244505.4801084995 19.4844913483
01752 1461244505.5201392174 19.4844913483
01753 1461244505.5601434708 19.4844913483
01754 1461244505.6001012325 19.4844913483
01755 1461244505.6401143074 19.4844913483
01756 1461244505.6806645393 19.4844913483
01757 1461244505.7203693390 19.4844913483
01758 1461244505.7605080605 19.4844913483
01759 1461244505.8001365662 19.4844913483
01760 1461244505.8402085304 19.4844913483
01761 1461244505.8802313805 19.4844913483
01762 1461244505.9202554226 19.4844913483
01763 1461244505.9602370262 19.4844913483
01764 1461244506.0048232079 19.4844913483
01765 1461244506.0405941010 19.3383865356
01766 1461244506.0826783180 19.3383865356
01767 1461244506.1202800274 19.3383865356
01768 1461244506.1613974571 19.3383865356
01769 1461244506.2033643723 19.3383865356
01770 1461244506.2407019138 19.3103160858
01771 1461244506.2803218365 19.3103160858
01772 1461244506.3203456402 19.3103160858
01773 1461244506.3605632782 19.3103160858
01774 1461244506.4023659229 19.2962799072
01775 1461244506.4403524399 19.3103160858
01776 1461244506.4803898335 19.2962799072
01777 1461244506.5203838348 19.2962799072
01778 1461244506.5603957176 19.2962799072
01779 1461244506.6003792286 19.2962799072
01780 1461244506.6413669586 19.2962799072
01781 1461244506.6803691387 19.2962799072
01782 1461244506.7233598232 19.2962799072
01783 1461244506.7609105110 19.2962799072
01784 1461244506.8030006886 18.6061763763
01785 1461244506.8404860497 18.6061763763
01786 1461244506.8804647923 18.6061763763
01787 1461244506.9204511642 18.6061763763
01788 1461244506.9605090618 18.6061763763
01789 1461244507.0025017262 18.6061763763
01790 1461244507.0405290127 18.1431579590
01791 1461244507.0805556774 18.1431579590
01792 1461244507.1205384731 18.1431579590
01793 1461244507.1605682373 18.1431579590
01794 1461244507.2044539452 18.1431579590
01795 1461244507.2405486107 18.1431579590
01796 1461244507.2806599140 17.6440696716
01797 1461244507.3206460476 17.6440696716
01798 1461244507.3607585430 17.6440696716
01799 1461244507.4034664631 17.6440696716
