00000 1464884828.9774019718 0.1510175467
00001 1464884829.0248625278 0.1510175467
00002 1464884829.0693225861 0.1498947442
00003 1464884829.1156671047 0.1498947442
00004 1464884829.1652379036 0.1498947442
00005 1464884829.2086365223 0.1498947442
00006 1464884829.2578907013 0.1498947442
00007 1464884829.3026885986 0.1487719268
00008 1464884829.3480243683 0.1487719268
00009 1464884829.3944542408 0.1487719268
00010 1464884829.4412956238 0.1487719268
00011 1464884829.4895882607 0.1487719268
00012 1464884829.5351786613 0.1465263218
00013 1464884829.5805649757 0.1465263218
00014 1464884829.6283826828 0.1465263218
00015 1464884829.6733481884 0.1465263218
00016 1464884829.7211556435 0.1465263218
00017 1464884829.7661643028 0.1423157901
00018 1464884829.8124382496 0.1423157901
00019 1464884829.8590176105 0.1423157901
00020 1464884829.9054741859 0.1423157901
00021 1464884829.9571051598 0.1423157901
00022 1464884829.9986367226 0.1381052583
00023 1464884830.0448248386 0.1381052583
00024 1464884830.0912935734 0.1381052583
00025 1464884830.1377134323 0.1381052583
00026 1464884830.1907565594 0.1381052583
00027 1464884830.2304766178 0.1350175440
00028 1464884830.2771167755 0.1350175440
00029 1464884830.3234345913 0.1350175440
00030 1464884830.3699712753 0.1350175440
00031 1464884830.4186553955 0.1350175440
00032 1464884830.4628896713 0.1319298297
00033 1464884830.5098545551 0.1319298297
00034 1464884830.5557501316 0.1319298297
00035 1464884830.6034643650 0.1319298297
00036 1464884830.6512720585 0.1319298297
00037 1464884830.6953091621 0.1296842098
00038 1464884830.7432112694 0.1296842098
00039 1464884830.7882237434 0.1296842098
00040 1464884830.8347744942 0.1296842098
00041 1464884830.8836832047 0.1296842098
00042 1464884830.9306921959 0.1265964955
00043 1464884830.9736688137 0.1265964955
00044 1464884831.0201270580 0.1265964955
00045 1464884831.0666429996 0.1265964955
00046 1464884831.1196274757 0.1265964955
00047 1464884831.1595492363 0.1235087737
00048 1464884831.2062122822 0.1235087737
00049 1464884831.2555289268 0.1235087737
00050 1464884831.2988646030 0.1235087737
00051 1464884831.3481507301 0.1235087737
00052 1464884831.3918652534 0.1184561402
00053 1464884831.4408562183 0.1184561402
00054 1464884831.4847884178 0.1184561402
00055 1464884831.5342450142 0.1184561402
00056 1464884831.5793004036 0.1184561402
00057 1464884831.6241137981 0.1142456159
00058 1464884831.6707789898 0.1142456159
00059 1464884831.7170546055 0.1142456159
00060 1464884831.7634351254 0.1142456159
00061 1464884831.8126714230 0.1142456159
00062 1464884831.8571135998 0.1091929823
00063 1464884831.9028189182 0.1091929823
00064 1464884831.9491944313 0.1091929823
00065 1464884831.9957599640 0.1091929823
00066 1464884832.0471158028 0.1091929823
00067 1464884832.0888230801 0.1061052606
00068 1464884832.1381483078 0.1061052606
00069 1464884832.1824176311 0.1061052606
00070 1464884832.2279534340 0.1061052606
00071 1464884832.2770688534 0.1061052606
00072 1464884832.3208363056 0.1038596481
00073 1464884832.3673152924 0.1038596481
00074 1464884832.4168000221 0.1038596481
00075 1464884832.4601337910 0.1038596481
00076 1464884832.5066797733 0.1038596481
00077 1464884832.5562219620 0.1038596481
00078 1464884832.5993521214 0.1038596481
00079 1464884832.6507809162 0.1038596481
00080 1464884832.6924755573 0.1038596481
00081 1464884832.7408988476 0.1038596481
00082 1464884832.7852654457 0.1038596481
00083 1464884832.8317639828 0.1038596481
00084 1464884832.8783199787 0.1038596481
00085 1464884832.9257607460 0.1038596481
00086 1464884832.9737107754 0.1038596481
00087 1464884833.0176200867 0.1198596507
00088 1464884833.0660362244 0.1198596507
00089 1464884833.1106290817 0.1198596507
00090 1464884833.1569445133 0.1198596507
00091 1464884833.2059652805 0.1198596507
00092 1464884833.2500433922 0.1347368360
00093 1464884833.2964694500 0.1347368360
00094 1464884833.3430190086 0.1347368360
00095 1464884833.3891882896 0.1347368360
00096 1464884833.4374060631 0.1347368360
00097 1464884833.4820823669 0.1484912336
00098 1464884833.5304872990 0.1484912336
00099 1464884833.5777354240 0.1484912336
00100 1464884833.6219792366 0.1484912336
00101 1464884833.6681027412 0.1484912336
00102 1464884833.7146360874 0.1484912336
00103 1464884833.7609500885 0.1484912336
00104 1464884833.8071904182 0.1484912336
00105 1464884833.8536398411 0.1484912336
00106 1464884833.9021334648 0.1484912336
00107 1464884833.9493241310 0.1614035070
00108 1464884833.9931240082 0.1614035070
00109 1464884834.0411217213 0.1614035070
00110 1464884834.0859625340 0.1614035070
00111 1464884834.1345314980 0.1614035070
00112 1464884834.1789448261 0.1614035070
00113 1464884834.2252986431 0.1602807045
00114 1464884834.2726328373 0.1602807045
00115 1464884834.3193876743 0.1602807045
00116 1464884834.3667030334 0.1602807045
00117 1464884834.4110367298 0.1560701728
00118 1464884834.4574294090 0.1560701728
00119 1464884834.5048305988 0.1560701728
00120 1464884834.5508186817 0.1560701728
00121 1464884834.6023545265 0.1560701728
00122 1464884834.6432178020 0.1538245678
00123 1464884834.6897640228 0.1538245678
00124 1464884834.7370638847 0.1538245678
00125 1464884834.7827248573 0.1538245678
00126 1464884834.8317379951 0.1538245678
00127 1464884834.8759555817 0.1496140361
00128 1464884834.9224195480 0.1496140361
00129 1464884834.9696118832 0.1496140361
00130 1464884835.0149507523 0.1496140361
00131 1464884835.0638625622 0.1496140361
00132 1464884835.1078720093 0.1445614100
00133 1464884835.1542119980 0.1445614100
00134 1464884835.2007534504 0.1445614100
00135 1464884835.2470285892 0.1445614100
00136 1464884835.2960424423 0.1445614100
00137 1464884835.3400638103 0.1383859664
00138 1464884835.3864915371 0.1383859664
00139 1464884835.4329454899 0.1383859664
00140 1464884835.4793810844 0.1383859664
00141 1464884835.5286006927 0.1383859664
00142 1464884835.5731871128 0.1322105229
00143 1464884835.6187396049 0.1322105229
00144 1464884835.6664166451 0.1322105229
00145 1464884835.7116713524 0.1322105229
00146 1464884835.7609395981 0.1322105229
00147 1464884835.8045725822 0.1260350943
00148 1464884835.8508870602 0.1260350943
00149 1464884835.9001333714 0.1260350943
00150 1464884835.9438591003 0.1260350943
00151 1464884835.9982628822 0.1260350943
00152 1464884836.0367896557 0.1198596507
00153 1464884836.0841445923 0.1198596507
00154 1464884836.1297299862 0.1198596507
00155 1464884836.1767830849 0.1198596507
00156 1464884836.2257378101 0.1198596507
00157 1464884836.2695894241 0.1148070171
00158 1464884836.3160052299 0.1148070171
00159 1464884836.3625445366 0.1148070171
00160 1464884836.4089822769 0.1148070171
00161 1464884836.4575395584 0.1148070171
00162 1464884836.5045754910 0.1097543836
00163 1464884836.5478017330 0.1097543836
00164 1464884836.5951988697 0.1097543836
00165 1464884836.6409561634 0.1097543836
00166 1464884836.6896202564 0.1097543836
00167 1464884836.7335245609 0.1047017574
00168 1464884836.7804911137 0.1047017574
00169 1464884836.8265035152 0.1047017574
00170 1464884836.8771479130 0.1047017574
00171 1464884836.9219465256 0.1047017574
00172 1464884836.9659037590 0.1004912257
00173 1464884837.0123007298 0.1004912257
00174 1464884837.0585916042 0.1004912257
00175 1464884837.1052293777 0.1004912257
00176 1464884837.1576008797 0.1004912257
00177 1464884837.1980574131 0.0974035114
00178 1464884837.2445678711 0.0974035114
00179 1464884837.2922315598 0.0974035114
00180 1464884837.3373708725 0.0974035114
00181 1464884837.3868806362 0.0974035114
00182 1464884837.4326112270 0.0974035114
00183 1464884837.4766836166 0.0974035114
00184 1464884837.5231807232 0.0974035114
00185 1464884837.5709154606 0.0974035114
00186 1464884837.6189913750 0.0974035114
00187 1464884837.6655375957 0.1111578941
00188 1464884837.7090544701 0.1111578941
00189 1464884837.7562589645 0.1111578941
00190 1464884837.8051393032 0.1111578941
00191 1464884837.8510794640 0.1111578941
00192 1464884837.8947801590 0.1249122843
00193 1464884837.9413061142 0.1249122843
00194 1464884837.9876949787 0.1249122843
00195 1464884838.0342917442 0.1249122843
00196 1464884838.0832085609 0.1249122843
00197 1464884838.1270904541 0.1417543888
00198 1464884838.1735014915 0.1417543888
00199 1464884838.2200510502 0.1417543888
00200 1464884838.2694339752 0.1417543888
00201 1464884838.3158397675 0.1417543888
00202 1464884838.3593366146 0.1577543914
00203 1464884838.4088335037 0.1577543914
00204 1464884838.4522202015 0.1577543914
00205 1464884838.4985740185 0.1577543914
00206 1464884838.5521450043 0.1577543914
00207 1464884838.5918812752 0.1715087742
00208 1464884838.6411759853 0.1715087742
00209 1464884838.6873941422 0.1715087742
00210 1464884838.7325971127 0.1715087742
00211 1464884838.7807083130 0.1715087742
00212 1464884838.8238329887 0.1852631569
00213 1464884838.8705198765 0.1852631569
00214 1464884838.9172041416 0.1852631569
00215 1464884838.9631497860 0.1852631569
00216 1464884839.0095739365 0.1852631569
00217 1464884839.0559787750 0.1852631569
00218 1464884839.1032707691 0.1852631569
00219 1464884839.1488959789 0.1852631569
00220 1464884839.1953299046 0.1852631569
00221 1464884839.2446947098 0.1852631569
00222 1464884839.2882757187 0.1830175370
00223 1464884839.3348183632 0.1830175370
00224 1464884839.3811180592 0.1830175370
00225 1464884839.4276592731 0.1830175370
00226 1464884839.4766938686 0.1830175370
00227 1464884839.5205464363 0.1768421084
00228 1464884839.5669789314 0.1768421084
00229 1464884839.6148524284 0.1768421084
00230 1464884839.6598620415 0.1768421084
00231 1464884839.7091512680 0.1768421084
00232 1464884839.7528173923 0.1687017530
00233 1464884839.7993316650 0.1687017530
00234 1464884839.8458008766 0.1687017530
00235 1464884839.8920860291 0.1687017530
00236 1464884839.9410238266 0.1687017530
00237 1464884839.9849293232 0.1594385952
00238 1464884840.0341792107 0.1594385952
00239 1464884840.0778329372 0.1594385952
00240 1464884840.1244289875 0.1594385952
00241 1464884840.1743774414 0.1594385952
00242 1464884840.2172849178 0.1482105255
00243 1464884840.2637798786 0.1482105255
00244 1464884840.3105964661 0.1482105255
00245 1464884840.3566188812 0.1482105255
00246 1464884840.4054508209 0.1482105255
00247 1464884840.4496026039 0.1369824558
00248 1464884840.4968595505 0.1369824558
00249 1464884840.5425627232 0.1369824558
00250 1464884840.5922470093 0.1369824558
00251 1464884840.6381630898 0.1369824558
00252 1464884840.6820845604 0.1268771887
00253 1464884840.7281424999 0.1268771887
00254 1464884840.7747862339 0.1268771887
00255 1464884840.8211922646 0.1268771887
00256 1464884840.8701343536 0.1268771887
00257 1464884840.9140527248 0.1176140383
00258 1464884840.9608230591 0.1176140383
00259 1464884841.0071139336 0.1176140383
00260 1464884841.0535941124 0.1176140383
00261 1464884841.1042535305 0.1176140383
00262 1464884841.1465132236 0.1094736829
00263 1464884841.1925992966 0.1094736829
00264 1464884841.2394518852 0.1094736829
00265 1464884841.2855410576 0.1094736829
00266 1464884841.3349435329 0.1094736829
00267 1464884841.3788313866 0.1032982469
00268 1464884841.4263603687 0.1032982469
00269 1464884841.4716494083 0.1032982469
00270 1464884841.5183084011 0.1032982469
00271 1464884841.5674366951 0.1032982469
00272 1464884841.6138846874 0.1010526344
00273 1464884841.6603894234 0.1010526344
00274 1464884841.7048501968 0.1010526344
00275 1464884841.7501592636 0.1010526344
00276 1464884841.7985002995 0.1010526344
00277 1464884841.8430633545 0.1010526344
00278 1464884841.8893628120 0.1010526344
00279 1464884841.9359200001 0.1010526344
00280 1464884841.9824328423 0.1010526344
00281 1464884842.0319881439 0.1010526344
00282 1464884842.0752985477 0.1148070171
00283 1464884842.1219530106 0.1148070171
00284 1464884842.1681983471 0.1148070171
00285 1464884842.2175312042 0.1148070171
00286 1464884842.2637445927 0.1148070171
00287 1464884842.3075056076 0.1316491216
00288 1464884842.3539507389 0.1316491216
00289 1464884842.4002556801 0.1316491216
00290 1464884842.4475979805 0.1316491216
00291 1464884842.4951310158 0.1316491216
00292 1464884842.5397830009 0.1515789479
00293 1464884842.5862209797 0.1515789479
00294 1464884842.6327078342 0.1515789479
00295 1464884842.6790213585 0.1515789479
00296 1464884842.7282912731 0.1515789479
00297 1464884842.7720358372 0.1715087742
00298 1464884842.8185036182 0.1715087742
00299 1464884842.8649377823 0.1715087742
00300 1464884842.9147570133 0.1715087742
00301 1464884842.9600245953 0.1715087742
00302 1464884843.0041639805 0.1894736886
00303 1464884843.0507311821 0.1894736886
00304 1464884843.0973064899 0.1894736886
00305 1464884843.1435997486 0.1894736886
00306 1464884843.1905441284 0.1894736886
00307 1464884843.2365086079 0.1894736886
00308 1464884843.2829368114 0.1894736886
00309 1464884843.3296144009 0.1894736886
00310 1464884843.3758778572 0.1894736886
00311 1464884843.4269642830 0.1894736886
00312 1464884843.4687514305 0.1891929805
00313 1464884843.5151560307 0.1891929805
00314 1464884843.5617525578 0.1891929805
00315 1464884843.6080038548 0.1891929805
00316 1464884843.6571211815 0.1891929805
00317 1464884843.7008714676 0.1880701780
00318 1464884843.7474048138 0.1880701780
00319 1464884843.7939777374 0.1880701780
00320 1464884843.8403952122 0.1880701780
00321 1464884843.8904025555 0.1880701780
00322 1464884843.9344511032 0.1810526252
00323 1464884843.9800488949 0.1810526252
00324 1464884844.0270695686 0.1810526252
00325 1464884844.0729842186 0.1810526252
00326 1464884844.1249737740 0.1810526252
00327 1464884844.1654198170 0.1709473729
00328 1464884844.2118694782 0.1709473729
00329 1464884844.2584717274 0.1709473729
00330 1464884844.3072125912 0.1709473729
00331 1464884844.3538453579 0.1709473729
00332 1464884844.3977553844 0.1588771939
00333 1464884844.4445991516 0.1588771939
00334 1464884844.4909517765 0.1588771939
00335 1464884844.5401153564 0.1588771939
00336 1464884844.5863029957 0.1588771939
00337 1464884844.6325674057 0.1437193006
00338 1464884844.6764657497 0.1437193006
00339 1464884844.7234656811 0.1437193006
00340 1464884844.7697286606 0.1437193006
00341 1464884844.8182609081 0.1437193006
00342 1464884844.8623399734 0.1285614073
00343 1464884844.9089999199 0.1285614073
00344 1464884844.9554336071 0.1285614073
00345 1464884845.0019934177 0.1285614073
00346 1464884845.0515336990 0.1285614073
00347 1464884845.0945160389 0.1164912283
00348 1464884845.1415405273 0.1164912283
00349 1464884845.1874058247 0.1164912283
00350 1464884845.2338750362 0.1164912283
00351 1464884845.2830250263 0.1164912283
00352 1464884845.3286635876 0.1072280705
00353 1464884845.3731966019 0.1072280705
00354 1464884845.4195010662 0.1072280705
00355 1464884845.4660449028 0.1072280705
00356 1464884845.5146427155 0.1072280705
00357 1464884845.5599143505 0.1021754369
00358 1464884845.6054558754 0.1021754369
00359 1464884845.6549847126 0.1021754369
00360 1464884845.6982860565 0.1021754369
00361 1464884845.7466185093 0.1021754369
00362 1464884845.7943644524 0.1021754369
00363 1464884845.8377127647 0.1021754369
00364 1464884845.8841104507 0.1021754369
00365 1464884845.9337143898 0.1021754369
00366 1464884845.9798605442 0.1021754369
00367 1464884846.0233454704 0.1150877178
00368 1464884846.0698695183 0.1150877178
00369 1464884846.1163864136 0.1150877178
00370 1464884846.1640217304 0.1150877178
00371 1464884846.2161557674 0.1150877178
00372 1464884846.2557742596 0.1280000061
00373 1464884846.3022899628 0.1280000061
00374 1464884846.3512082100 0.1280000061
00375 1464884846.3950929642 0.1280000061
00376 1464884846.4471645355 0.1280000061
00377 1464884846.4888980389 0.1397894770
00378 1464884846.5344469547 0.1397894770
00379 1464884846.5809144974 0.1397894770
00380 1464884846.6271865368 0.1397894770
00381 1464884846.6738336086 0.1397894770
00382 1464884846.7201614380 0.1397894770
00383 1464884846.7667498589 0.1397894770
00384 1464884846.8131215572 0.1397894770
00385 1464884846.8625111580 0.1397894770
00386 1464884846.9067153931 0.1397894770
00387 1464884846.9525480270 0.1397894770
00388 1464884847.0014832020 0.1397894770
00389 1464884847.0461485386 0.1397894770
00390 1464884847.0917773247 0.1397894770
00391 1464884847.1381957531 0.1397894770
00392 1464884847.1846537590 0.1397894770
00393 1464884847.2310330868 0.1397894770
00394 1464884847.2775914669 0.1397894770
00395 1464884847.3240776062 0.1397894770
00396 1464884847.3707544804 0.1397894770
00397 1464884847.4169957638 0.1397894770
00398 1464884847.4634163380 0.1397894770
00399 1464884847.5098879337 0.1397894770
00400 1464884847.5584781170 0.1397894770
00401 1464884847.6031422615 0.1397894770
00402 1464884847.6525681019 0.1397894770
00403 1464884847.6958553791 0.1397894770
00404 1464884847.7427082062 0.1397894770
00405 1464884847.7888326645 0.1397894770
00406 1464884847.8352546692 0.1397894770
00407 1464884847.8846063614 0.1397894770
00408 1464884847.9280731678 0.1397894770
00409 1464884847.9748392105 0.1397894770
00410 1464884848.0238947868 0.1397894770
00411 1464884848.0676608086 0.1397894770
00412 1464884848.1137263775 0.1397894770
00413 1464884848.1600911617 0.1397894770
00414 1464884848.2075412273 0.1397894770
00415 1464884848.2565231323 0.1397894770
00416 1464884848.2994804382 0.1397894770
00417 1464884848.3471252918 0.1397894770
00418 1464884848.3923723698 0.1397894770
00419 1464884848.4393868446 0.1397894770
00420 1464884848.4852731228 0.1397894770
00421 1464884848.5317201614 0.1397894770
00422 1464884848.5782096386 0.1397894770
00423 1464884848.6246063709 0.1397894770
00424 1464884848.6710233688 0.1397894770
00425 1464884848.7200088501 0.1397894770
00426 1464884848.7640411854 0.1397894770
00427 1464884848.8105869293 0.1397894770
00428 1464884848.8585715294 0.1397894770
00429 1464884848.9033873081 0.1397894770
00430 1464884848.9515504837 0.1397894770
00431 1464884848.9971644878 0.1397894770
00432 1464884849.0427167416 0.1397894770
00433 1464884849.0891973972 0.1397894770
00434 1464884849.1356685162 0.1397894770
00435 1464884849.1821026802 0.1397894770
00436 1464884849.2312901020 0.1397894770
00437 1464884849.2752277851 0.1557894796
00438 1464884849.3214695454 0.1557894796
00439 1464884849.3677659035 0.1557894796
00440 1464884849.4144339561 0.1557894796
00441 1464884849.4631414413 0.1557894796
00442 1464884849.5072705746 0.1695438623
00443 1464884849.5535392761 0.1695438623
00444 1464884849.6001613140 0.1695438623
00445 1464884849.6465306282 0.1695438623
00446 1464884849.6958336830 0.1695438623
00447 1464884849.7392966747 0.1832982451
00448 1464884849.7858946323 0.1832982451
00449 1464884849.8323278427 0.1832982451
00450 1464884849.8788533211 0.1832982451
00451 1464884849.9274475574 0.1832982451
00452 1464884849.9716224670 0.1992982477
00453 1464884850.0181047916 0.1992982477
00454 1464884850.0645334721 0.1992982477
00455 1464884850.1109693050 0.1992982477
00456 1464884850.1632108688 0.1992982477
00457 1464884850.2039456367 0.2161403447
00458 1464884850.2505097389 0.2161403447
00459 1464884850.2972598076 0.2161403447
00460 1464884850.3432769775 0.2161403447
00461 1464884850.3923268318 0.2161403447
00462 1464884850.4364778996 0.2321403474
00463 1464884850.4852340221 0.2321403474
00464 1464884850.5290553570 0.2321403474
00465 1464884850.5753662586 0.2321403474
00466 1464884850.6223399639 0.2321403474
00467 1464884850.6705546379 0.2321403474
00468 1464884850.7148938179 0.2321403474
00469 1464884850.7614817619 0.2321403474
00470 1464884850.8078439236 0.2321403474
00471 1464884850.8541166782 0.2321403474
00472 1464884850.9006690979 0.2321403474
00473 1464884850.9471802711 0.2321403474
00474 1464884850.9936907291 0.2321403474
00475 1464884851.0400328636 0.2321403474
00476 1464884851.0890879631 0.2321403474
00477 1464884851.1329557896 0.2321403474
00478 1464884851.1822206974 0.2321403474
00479 1464884851.2258627415 0.2298947424
00480 1464884851.2756719589 0.2298947424
00481 1464884851.3211495876 0.2298947424
00482 1464884851.3650560379 0.2298947424
00483 1464884851.4116446972 0.2298947424
00484 1464884851.4579038620 0.2287719250
00485 1464884851.5045068264 0.2287719250
00486 1464884851.5533556938 0.2287719250
00487 1464884851.5974998474 0.2256842107
00488 1464884851.6438915730 0.2256842107
00489 1464884851.6910486221 0.2256842107
00490 1464884851.7368757725 0.2256842107
00491 1464884851.7854692936 0.2256842107
00492 1464884851.8297290802 0.2214736789
00493 1464884851.8760941029 0.2214736789
00494 1464884851.9226601124 0.2214736789
00495 1464884851.9688639641 0.2214736789
00496 1464884852.0180547237 0.2214736789
00497 1464884852.0618526936 0.2172631621
00498 1464884852.1084828377 0.2172631621
00499 1464884852.1551706791 0.2172631621
00500 1464884852.2014017105 0.2172631621
00501 1464884852.2541303635 0.2172631621
00502 1464884852.2942166328 0.2141754329
00503 1464884852.3426148891 0.2141754329
00504 1464884852.3870940208 0.2141754329
00505 1464884852.4335341454 0.2141754329
00506 1464884852.4803955555 0.2141754329
00507 1464884852.5265552998 0.2141754329
00508 1464884852.5728878975 0.2141754329
00509 1464884852.6212918758 0.2141754329
00510 1464884852.6659102440 0.2141754329
00511 1464884852.7122507095 0.2141754329
00512 1464884852.7585678101 0.2141754329
00513 1464884852.8051524162 0.2141754329
00514 1464884852.8516125679 0.2141754329
00515 1464884852.8980505466 0.2141754329
00516 1464884852.9471604824 0.2141754329
00517 1464884852.9916901588 0.2141754329
00518 1464884853.0373883247 0.2141754329
00519 1464884853.0862383842 0.2091228068
00520 1464884853.1308662891 0.2091228068
00521 1464884853.1791679859 0.2091228068
00522 1464884853.2243535519 0.1998596489
00523 1464884853.2698242664 0.1998596489
00524 1464884853.3192229271 0.1998596489
00525 1464884853.3626220226 0.1998596489
00526 1464884853.4116270542 0.1998596489
00527 1464884853.4554572105 0.1928421110
00528 1464884853.5018489361 0.1928421110
00529 1464884853.5488774776 0.1928421110
00530 1464884853.5947842598 0.1928421110
00531 1464884853.6441810131 0.1928421110
00532 1464884853.6909775734 0.1858245581
00533 1464884853.7355027199 0.1858245581
00534 1464884853.7817866802 0.1858245581
00535 1464884853.8278069496 0.1858245581
00536 1464884853.8754370213 0.1858245581
00537 1464884853.9201638699 0.1776842177
00538 1464884853.9665150642 0.1776842177
00539 1464884854.0129282475 0.1776842177
00540 1464884854.0597612858 0.1776842177
00541 1464884854.1098999977 0.1776842177
00542 1464884854.1521954536 0.1706666648
00543 1464884854.1986196041 0.1706666648
00544 1464884854.2463324070 0.1706666648
00545 1464884854.2915792465 0.1706666648
00546 1464884854.3408775330 0.1706666648
00547 1464884854.3843519688 0.1656140387
00548 1464884854.4328489304 0.1656140387
00549 1464884854.4772558212 0.1656140387
00550 1464884854.5238106251 0.1656140387
00551 1464884854.5727677345 0.1656140387
00552 1464884854.6167140007 0.1625263095
00553 1464884854.6631863117 0.1625263095
00554 1464884854.7119483948 0.1625263095
00555 1464884854.7563397884 0.1625263095
00556 1464884854.8049650192 0.1625263095
00557 1464884854.8510341644 0.1625263095
00558 1464884854.8953423500 0.1625263095
00559 1464884854.9422843456 0.1625263095
00560 1464884854.9881439209 0.1625263095
00561 1464884855.0389678478 0.1625263095
00562 1464884855.0821626186 0.1743157953
00563 1464884855.1277248859 0.1743157953
00564 1464884855.1770706177 0.1743157953
00565 1464884855.2204992771 0.1743157953
00566 1464884855.2695324421 0.1743157953
00567 1464884855.3133132458 0.1740350872
00568 1464884855.3607425690 0.1740350872
00569 1464884855.4085440636 0.1740350872
00570 1464884855.4527528286 0.1740350872
00571 1464884855.5010783672 0.1740350872
00572 1464884855.5455546379 0.1858245581
00573 1464884855.5919647217 0.1858245581
00574 1464884855.6385285854 0.1858245581
00575 1464884855.6855552197 0.1858245581
00576 1464884855.7314605713 0.1858245581
00577 1464884855.7784116268 0.1858245581
00578 1464884855.8242380619 0.1858245581
00579 1464884855.8707895279 0.1858245581
00580 1464884855.9185597897 0.1858245581
00581 1464884855.9637255669 0.1858245581
00582 1464884856.0102424622 0.1858245581
00583 1464884856.0566494465 0.1858245581
00584 1464884856.1053850651 0.1858245581
00585 1464884856.1497280598 0.1858245581
00586 1464884856.1972947121 0.1858245581
00587 1464884856.2440268993 0.1858245581
00588 1464884856.2896320820 0.1858245581
00589 1464884856.3378105164 0.1858245581
00590 1464884856.3817646503 0.1858245581
00591 1464884856.4360578060 0.1858245581
00592 1464884856.4747767448 0.1858245581
00593 1464884856.5211014748 0.1858245581
00594 1464884856.5718088150 0.1858245581
00595 1464884856.6140275002 0.1858245581
00596 1464884856.6635019779 0.1858245581
00597 1464884856.7067813873 0.1987368464
00598 1464884856.7534148693 0.1987368464
00599 1464884856.7997381687 0.1987368464
00600 1464884856.8463149071 0.1987368464
00601 1464884856.8926537037 0.1987368464
00602 1464884856.9395492077 0.1987368464
00603 1464884856.9857008457 0.1987368464
00604 1464884857.0323734283 0.1987368464
00605 1464884857.0787966251 0.1987368464
00606 1464884857.1249403954 0.1987368464
00607 1464884857.1714301109 0.1987368464
00608 1464884857.2187962532 0.1987368464
00609 1464884857.2644169331 0.1987368464
00610 1464884857.3106667995 0.1987368464
00611 1464884857.3579406738 0.1987368464
00612 1464884857.4036588669 0.1987368464
00613 1464884857.4504177570 0.1987368464
00614 1464884857.4965476990 0.1987368464
00615 1464884857.5460495949 0.1987368464
00616 1464884857.5937032700 0.1987368464
00617 1464884857.6372745037 0.1936842054
00618 1464884857.6824958324 0.1936842054
00619 1464884857.7318694592 0.1936842054
00620 1464884857.7752115726 0.1936842054
00621 1464884857.8247301579 0.1936842054
00622 1464884857.8681502342 0.1855438650
00623 1464884857.9145431519 0.1855438650
00624 1464884857.9612410069 0.1855438650
00625 1464884858.0078697205 0.1855438650
00626 1464884858.0595686436 0.1855438650
00627 1464884858.1005768776 0.1804912239
00628 1464884858.1474592686 0.1804912239
00629 1464884858.1937918663 0.1804912239
00630 1464884858.2398102283 0.1804912239
00631 1464884858.2906210423 0.1804912239
00632 1464884858.3331973553 0.1774035096
00633 1464884858.3792011738 0.1774035096
00634 1464884858.4254617691 0.1774035096
00635 1464884858.4745631218 0.1774035096
00636 1464884858.5183727741 0.1774035096
00637 1464884858.5654158592 0.1774035096
00638 1464884858.6113004684 0.1774035096
00639 1464884858.6577804089 0.1774035096
00640 1464884858.7042701244 0.1774035096
00641 1464884858.7566390038 0.1774035096
00642 1464884858.7970888615 0.1774035096
00643 1464884858.8435719013 0.1743157953
00644 1464884858.8900487423 0.1743157953
00645 1464884858.9363198280 0.1743157953
00646 1464884858.9853563309 0.1743157953
00647 1464884859.0293509960 0.1712280661
00648 1464884859.0761170387 0.1712280661
00649 1464884859.1223347187 0.1712280661
00650 1464884859.1690876484 0.1712280661
00651 1464884859.2174715996 0.1712280661
00652 1464884859.2616279125 0.1712280661
00653 1464884859.3083446026 0.1670175493
00654 1464884859.3545629978 0.1670175493
00655 1464884859.4009134769 0.1670175493
00656 1464884859.4497296810 0.1670175493
00657 1464884859.4938836098 0.1647719294
00658 1464884859.5403242111 0.1647719294
00659 1464884859.5869216919 0.1647719294
00660 1464884859.6331572533 0.1647719294
00661 1464884859.6826701164 0.1647719294
00662 1464884859.7261040211 0.1647719294
00663 1464884859.7726318836 0.1647719294
00664 1464884859.8217256069 0.1647719294
00665 1464884859.8653504848 0.1647719294
00666 1464884859.9119162560 0.1647719294
00667 1464884859.9583501816 0.1647719294
00668 1464884860.0048434734 0.1647719294
00669 1464884860.0512104034 0.1647719294
00670 1464884860.0977413654 0.1647719294
00671 1464884860.1441464424 0.1647719294
00672 1464884860.1925227642 0.1647719294
00673 1464884860.2370548248 0.1647719294
00674 1464884860.2860608101 0.1647719294
00675 1464884860.3299388885 0.1647719294
00676 1464884860.3772451878 0.1647719294
00677 1464884860.4230585098 0.1647719294
00678 1464884860.4692788124 0.1647719294
00679 1464884860.5156939030 0.1647719294
00680 1464884860.5622107983 0.1647719294
00681 1464884860.6086914539 0.1647719294
00682 1464884860.6551299095 0.1647719294
00683 1464884860.7016134262 0.1647719294
00684 1464884860.7480149269 0.1647719294
00685 1464884860.7945330143 0.1647719294
00686 1464884860.8441076279 0.1647719294
00687 1464884860.8890554905 0.1765614003
00688 1464884860.9337663651 0.1765614003
00689 1464884860.9802341461 0.1765614003
00690 1464884861.0275912285 0.1765614003
00691 1464884861.0747454166 0.1765614003
00692 1464884861.1196210384 0.1765614003
00693 1464884861.1670019627 0.1765614003
00694 1464884861.2130994797 0.1765614003
00695 1464884861.2592189312 0.1765614003
00696 1464884861.3054502010 0.1765614003
00697 1464884861.3521523476 0.1765614003
00698 1464884861.3998303413 0.1765614003
00699 1464884861.4448213577 0.1765614003
00700 1464884861.4914836884 0.1765614003
00701 1464884861.5378739834 0.1765614003
00702 1464884861.5843350887 0.1765614003
00703 1464884861.6308286190 0.1765614003
00704 1464884861.6771812439 0.1765614003
00705 1464884861.7261865139 0.1765614003
00706 1464884861.7698450089 0.1765614003
00707 1464884861.8198597431 0.1765614003
00708 1464884861.8629276752 0.1765614003
00709 1464884861.9094524384 0.1765614003
00710 1464884861.9559876919 0.1765614003
00711 1464884862.0025627613 0.1765614003
00712 1464884862.0517084599 0.1765614003
00713 1464884862.0951080322 0.1765614003
00714 1464884862.1415171623 0.1765614003
00715 1464884862.1881012917 0.1765614003
00716 1464884862.2374193668 0.1765614003
00717 1464884862.2814750671 0.1743157953
00718 1464884862.3273236752 0.1743157953
00719 1464884862.3737864494 0.1743157953
00720 1464884862.4218547344 0.1743157953
00721 1464884862.4693827629 0.1743157953
00722 1464884862.5129737854 0.1720701754
00723 1464884862.5595192909 0.1720701754
00724 1464884862.6059746742 0.1720701754
00725 1464884862.6554770470 0.1720701754
00726 1464884862.7016713619 0.1720701754
00727 1464884862.7455680370 0.1689824611
00728 1464884862.7918572426 0.1689824611
00729 1464884862.8403787613 0.1689824611
00730 1464884862.8854885101 0.1689824611
00731 1464884862.9373018742 0.1689824611
00732 1464884862.9774920940 0.1667368412
00733 1464884863.0244159698 0.1667368412
00734 1464884863.0731289387 0.1667368412
00735 1464884863.1177995205 0.1667368412
00736 1464884863.1659717560 0.1667368412
00737 1464884863.2110226154 0.1636491269
00738 1464884863.2566268444 0.1636491269
00739 1464884863.3047461510 0.1636491269
00740 1464884863.3492076397 0.1636491269
00741 1464884863.3986711502 0.1636491269
00742 1464884863.4420425892 0.1605613977
00743 1464884863.4885418415 0.1605613977
00744 1464884863.5349805355 0.1605613977
00745 1464884863.5814321041 0.1605613977
00746 1464884863.6295473576 0.1605613977
00747 1464884863.6743531227 0.1583157927
00748 1464884863.7228755951 0.1583157927
00749 1464884863.7672917843 0.1583157927
00750 1464884863.8145227432 0.1583157927
00751 1464884863.8605806828 0.1583157927
00752 1464884863.9066298008 0.1583157927
00753 1464884863.9530553818 0.1583157927
00754 1464884863.9995367527 0.1583157927
00755 1464884864.0489361286 0.1583157927
00756 1464884864.0925474167 0.1583157927
00757 1464884864.1417992115 0.1583157927
00758 1464884864.1871807575 0.1583157927
00759 1464884864.2319655418 0.1583157927
00760 1464884864.2783305645 0.1583157927
00761 1464884864.3245592117 0.1583157927
00762 1464884864.3711421490 0.1583157927
00763 1464884864.4212880135 0.1583157927
00764 1464884864.4639551640 0.1583157927
00765 1464884864.5113766193 0.1583157927
00766 1464884864.5612113476 0.1583157927
00767 1464884864.6033642292 0.1712280661
00768 1464884864.6498384476 0.1712280661
00769 1464884864.6962630749 0.1712280661
00770 1464884864.7426679134 0.1712280661
00771 1464884864.7919347286 0.1712280661
00772 1464884864.8373014927 0.1841403544
00773 1464884864.8820250034 0.1841403544
00774 1464884864.9287719727 0.1841403544
00775 1464884864.9777569771 0.1841403544
00776 1464884865.0236063004 0.1841403544
00777 1464884865.0696935654 0.1970526278
00778 1464884865.1147513390 0.1970526278
00779 1464884865.1615769863 0.1970526278
00780 1464884865.2090659142 0.1970526278
00781 1464884865.2582931519 0.1970526278
00782 1464884865.3000173569 0.2099649161
00783 1464884865.3493244648 0.2099649161
00784 1464884865.3929593563 0.2099649161
00785 1464884865.4400696754 0.2099649161
00786 1464884865.4885928631 0.2099649161
00787 1464884865.5335407257 0.2088420987
00788 1464884865.5788202286 0.2088420987
00789 1464884865.6254439354 0.2088420987
00790 1464884865.6716296673 0.2088420987
00791 1464884865.7266392708 0.2088420987
00792 1464884865.7644565105 0.2065964937
00793 1464884865.8109717369 0.2065964937
00794 1464884865.8574051857 0.2065964937
00795 1464884865.9038403034 0.2065964937
00796 1464884865.9552052021 0.2065964937
00797 1464884865.9968225956 0.2065964937
00798 1464884866.0460324287 0.2065964937
00799 1464884866.0906944275 0.2043508738
00800 1464884866.1360032558 0.2043508738
00801 1464884866.1854748726 0.2043508738
00802 1464884866.2290678024 0.2012631595
00803 1464884866.2755203247 0.2012631595
00804 1464884866.3220326900 0.2012631595
00805 1464884866.3683254719 0.2012631595
00806 1464884866.4171938896 0.2012631595
00807 1464884866.4612314701 0.1970526278
00808 1464884866.5077464581 0.1970526278
00809 1464884866.5561420918 0.1970526278
00810 1464884866.6011700630 0.1970526278
00811 1464884866.6532771587 0.1970526278
00812 1464884866.6938648224 0.1939649135
00813 1464884866.7417516708 0.1939649135
00814 1464884866.7868680954 0.1939649135
00815 1464884866.8329501152 0.1939649135
00816 1464884866.8838765621 0.1939649135
00817 1464884866.9267489910 0.1889122874
00818 1464884866.9723377228 0.1889122874
00819 1464884867.0188794136 0.1889122874
00820 1464884867.0665371418 0.1889122874
00821 1464884867.1137588024 0.1889122874
00822 1464884867.1580269337 0.1847017556
00823 1464884867.2056789398 0.1847017556
00824 1464884867.2511000633 0.1847017556
00825 1464884867.2974529266 0.1847017556
00826 1464884867.3456208706 0.1847017556
00827 1464884867.3903822899 0.1796491295
00828 1464884867.4380886555 0.1796491295
00829 1464884867.4832301140 0.1796491295
00830 1464884867.5296018124 0.1796491295
00831 1464884867.5832490921 0.1796491295
00832 1464884867.6243565083 0.1754385978
00833 1464884867.6689703465 0.1754385978
00834 1464884867.7154178619 0.1754385978
00835 1464884867.7652556896 0.1754385978
00836 1464884867.8084208965 0.1754385978
00837 1464884867.8566677570 0.1754385978
00838 1464884867.9013035297 0.1754385978
00839 1464884867.9476709366 0.1754385978
00840 1464884867.9944102764 0.1754385978
00841 1464884868.0430688858 0.1754385978
00842 1464884868.0872786045 0.1872280687
00843 1464884868.1333959103 0.1872280687
00844 1464884868.1829974651 0.1872280687
00845 1464884868.2264449596 0.1872280687
00846 1464884868.2746698856 0.1872280687
00847 1464884868.3192486763 0.1869473755
00848 1464884868.3656265736 0.1869473755
00849 1464884868.4122097492 0.1869473755
00850 1464884868.4587070942 0.1869473755
00851 1464884868.5075762272 0.1869473755
00852 1464884868.5513815880 0.1866666675
00853 1464884868.5989613533 0.1866666675
00854 1464884868.6444978714 0.1866666675
00855 1464884868.6912922859 0.1866666675
00856 1464884868.7381777763 0.1866666675
00857 1464884868.7842843533 0.1866666675
00858 1464884868.8304853439 0.1866666675
00859 1464884868.8793835640 0.1866666675
00860 1464884868.9233896732 0.1866666675
00861 1464884868.9697453976 0.1866666675
00862 1464884869.0162305832 0.1866666675
00863 1464884869.0643386841 0.1866666675
00864 1464884869.1092357635 0.1866666675
00865 1464884869.1554040909 0.1866666675
00866 1464884869.2048172951 0.1866666675
00867 1464884869.2485148907 0.1866666675
00868 1464884869.2974348068 0.1866666675
00869 1464884869.3425559998 0.1866666675
00870 1464884869.3875453472 0.1866666675
00871 1464884869.4340400696 0.1866666675
00872 1464884869.4822821617 0.1866666675
00873 1464884869.5272381306 0.1866666675
00874 1464884869.5741381645 0.1866666675
00875 1464884869.6198694706 0.1866666675
00876 1464884869.6685078144 0.1866666675
00877 1464884869.7127778530 0.2015438527
00878 1464884869.7611546516 0.2015438527
00879 1464884869.8057191372 0.2015438527
00880 1464884869.8560044765 0.2015438527
00881 1464884869.9002888203 0.2015438527
00882 1464884869.9470734596 0.2144561410
00883 1464884869.9914460182 0.2144561410
00884 1464884870.0380055904 0.2144561410
00885 1464884870.0844960213 0.2144561410
00886 1464884870.1308860779 0.2144561410
00887 1464884870.1781671047 0.2144561410
00888 1464884870.2237710953 0.2144561410
00889 1464884870.2718415260 0.2144561410
00890 1464884870.3165888786 0.2144561410
00891 1464884870.3654437065 0.2133333385
00892 1464884870.4095783234 0.2133333385
00893 1464884870.4591317177 0.2133333385
00894 1464884870.5028402805 0.2133333385
00895 1464884870.5491263866 0.2133333385
00896 1464884870.6051316261 0.2133333385
00897 1464884870.6417565346 0.2110877186
00898 1464884870.6913509369 0.2110877186
00899 1464884870.7359237671 0.2110877186
00900 1464884870.7827131748 0.2110877186
00901 1464884870.8304767609 0.2110877186
00902 1464884870.8740081787 0.2099649161
00903 1464884870.9204375744 0.2099649161
00904 1464884870.9670817852 0.2099649161
00905 1464884871.0139381886 0.2099649161
00906 1464884871.0598974228 0.2099649161
00907 1464884871.1093828678 0.2099649161
00908 1464884871.1529948711 0.2099649161
00909 1464884871.2024109364 0.2099649161
00910 1464884871.2456734180 0.2099649161
00911 1464884871.2934000492 0.2099649161
00912 1464884871.3385560513 0.2099649161
00913 1464884871.3847956657 0.2099649161
00914 1464884871.4314622879 0.2099649161
00915 1464884871.4777748585 0.2099649161
00916 1464884871.5243427753 0.2099649161
00917 1464884871.5730867386 0.2099649161
00918 1464884871.6172771454 0.2099649161
00919 1464884871.6664931774 0.2099649161
00920 1464884871.7102208138 0.2099649161
00921 1464884871.7565677166 0.2099649161
00922 1464884871.8029892445 0.2099649161
00923 1464884871.8494498730 0.2099649161
00924 1464884871.8959252834 0.2099649161
00925 1464884871.9423797131 0.2099649161
00926 1464884871.9900159836 0.2099649161
00927 1464884872.0352649689 0.2099649161
00928 1464884872.0816795826 0.2099649161
00929 1464884872.1284432411 0.2099649161
00930 1464884872.1746213436 0.2099649161
00931 1464884872.2241749763 0.2099649161
00932 1464884872.2676169872 0.2099649161
00933 1464884872.3139908314 0.2099649161
00934 1464884872.3607435226 0.2099649161
00935 1464884872.4068601131 0.2099649161
00936 1464884872.4533650875 0.2099649161
00937 1464884872.4997990131 0.2099649161
00938 1464884872.5467338562 0.2099649161
00939 1464884872.5929007530 0.2099649161
00940 1464884872.6390743256 0.2099649161
00941 1464884872.6856410503 0.2099649161
00942 1464884872.7319135666 0.2099649161
00943 1464884872.7784166336 0.2099649161
00944 1464884872.8280572891 0.2099649161
00945 1464884872.8713388443 0.2099649161
00946 1464884872.9213509560 0.2099649161
00947 1464884872.9648287296 0.2217543870
00948 1464884873.0112700462 0.2217543870
00949 1464884873.0578110218 0.2217543870
00950 1464884873.1061778069 0.2217543870
00951 1464884873.1504318714 0.2217543870
00952 1464884873.1971125603 0.2217543870
00953 1464884873.2438910007 0.2217543870
00954 1464884873.2892928123 0.2217543870
00955 1464884873.3358736038 0.2217543870
00956 1464884873.3823881149 0.2217543870
00957 1464884873.4290974140 0.2217543870
00958 1464884873.4752283096 0.2217543870
00959 1464884873.5228321552 0.2217543870
00960 1464884873.5681781769 0.2217543870
00961 1464884873.6145229340 0.2217543870
00962 1464884873.6609480381 0.2217543870
00963 1464884873.7075366974 0.2217543870
00964 1464884873.7539505959 0.2217543870
00965 1464884873.8003828526 0.2217543870
00966 1464884873.8488991261 0.2217543870
00967 1464884873.8959565163 0.2217543870
00968 1464884873.9396507740 0.2217543870
00969 1464884873.9862215519 0.2217543870
00970 1464884874.0357618332 0.2217543870
00971 1464884874.0811300278 0.2217543870
00972 1464884874.1267278194 0.2217543870
00973 1464884874.1720147133 0.2217543870
00974 1464884874.2190234661 0.2217543870
00975 1464884874.2648699284 0.2217543870
00976 1464884874.3128046989 0.2217543870
00977 1464884874.3579318523 0.2217543870
00978 1464884874.4041116238 0.2217543870
00979 1464884874.4507658482 0.2217543870
00980 1464884874.4977297783 0.2217543870
00981 1464884874.5434865952 0.2217543870
00982 1464884874.5899536610 0.2217543870
00983 1464884874.6364259720 0.2217543870
00984 1464884874.6858131886 0.2217543870
00985 1464884874.7293381691 0.2217543870
00986 1464884874.7758324146 0.2217543870
00987 1464884874.8223350048 0.2217543870
00988 1464884874.8686950207 0.2217543870
00989 1464884874.9151213169 0.2217543870
00990 1464884874.9615929127 0.2217543870
00991 1464884875.0081074238 0.2217543870
00992 1464884875.0545649529 0.2217543870
00993 1464884875.1009073257 0.2217543870
00994 1464884875.1473388672 0.2217543870
00995 1464884875.1938517094 0.2217543870
00996 1464884875.2426130772 0.2217543870
00997 1464884875.2867658138 0.2214736789
00998 1464884875.3343110085 0.2214736789
00999 1464884875.3798084259 0.2214736789
01000 1464884875.4261090755 0.2214736789
01001 1464884875.4749164581 0.2214736789
01002 1464884875.5189182758 0.2363508791
01003 1464884875.5654790401 0.2363508791
01004 1464884875.6138005257 0.2363508791
01005 1464884875.6600878239 0.2363508791
01006 1464884875.7078914642 0.2363508791
01007 1464884875.7516784668 0.2501052618
01008 1464884875.7976696491 0.2501052618
01009 1464884875.8465950489 0.2501052618
01010 1464884875.8914701939 0.2501052618
01011 1464884875.9395568371 0.2501052618
01012 1464884875.9833743572 0.2649824619
01013 1464884876.0324811935 0.2649824619
01014 1464884876.0783462524 0.2649824619
01015 1464884876.1226966381 0.2649824619
01016 1464884876.1764886379 0.2649824619
01017 1464884876.2157452106 0.2798596621
01018 1464884876.2651975155 0.2798596621
01019 1464884876.3085494041 0.2798596621
01020 1464884876.3551714420 0.2798596621
01021 1464884876.4042329788 0.2798596621
01022 1464884876.4479985237 0.2947368324
01023 1464884876.4944696426 0.2947368324
01024 1464884876.5409452915 0.2947368324
01025 1464884876.5873119831 0.2947368324
01026 1464884876.6366858482 0.2947368324
01027 1464884876.6802802086 0.2947368324
01028 1464884876.7292728424 0.2947368324
01029 1464884876.7741036415 0.2947368324
01030 1464884876.8194952011 0.2947368324
01031 1464884876.8680255413 0.2947368324
01032 1464884876.9124429226 0.3127017617
01033 1464884876.9587910175 0.3127017617
01034 1464884877.0055603981 0.3127017617
01035 1464884877.0547683239 0.3127017617
01036 1464884877.1010303497 0.3127017617
01037 1464884877.1448090076 0.3334736824
01038 1464884877.1912412643 0.3334736824
01039 1464884877.2406580448 0.3334736824
01040 1464884877.2841215134 0.3334736824
01041 1464884877.3330347538 0.3334736824
01042 1464884877.3769731522 0.3564912379
01043 1464884877.4233331680 0.3564912379
01044 1464884877.4698505402 0.3564912379
01045 1464884877.5164804459 0.3564912379
01046 1464884877.5657441616 0.3564912379
01047 1464884877.6092917919 0.3834385872
01048 1464884877.6588594913 0.3834385872
01049 1464884877.7022078037 0.3834385872
01050 1464884877.7504274845 0.3834385872
01051 1464884877.7975733280 0.3834385872
01052 1464884877.8413927555 0.4123508632
01053 1464884877.8878810406 0.4123508632
01054 1464884877.9353070259 0.4123508632
01055 1464884877.9807324409 0.4123508632
01056 1464884878.0296394825 0.4123508632
01057 1464884878.0737123489 0.4451929927
01058 1464884878.1220402718 0.4451929927
01059 1464884878.1667764187 0.4451929927
01060 1464884878.2134666443 0.4451929927
01061 1464884878.2639100552 0.4451929927
01062 1464884878.3060319424 0.4780350924
01063 1464884878.3523631096 0.4780350924
01064 1464884878.3988711834 0.4780350924
01065 1464884878.4462409019 0.4780350924
01066 1464884878.4946620464 0.4780350924
01067 1464884878.5381970406 0.5170526505
01068 1464884878.5847218037 0.5170526505
01069 1464884878.6310064793 0.5170526505
01070 1464884878.6776022911 0.5170526505
01071 1464884878.7290086746 0.5170526505
01072 1464884878.7705183029 0.5628070235
01073 1464884878.8169829845 0.5628070235
01074 1464884878.8633730412 0.5628070235
01075 1464884878.9098525047 0.5628070235
01076 1464884878.9587986469 0.5628070235
01077 1464884879.0027110577 0.6186666489
01078 1464884879.0491251945 0.6186666489
01079 1464884879.0956525803 0.6186666489
01080 1464884879.1420049667 0.6186666489
01081 1464884879.1906661987 0.6186666489
01082 1464884879.2348725796 0.6846315861
01083 1464884879.2814586163 0.6846315861
01084 1464884879.3307263851 0.6846315861
01085 1464884879.3744046688 0.6846315861
01086 1464884879.4238283634 0.6846315861
01087 1464884879.4682202339 0.7604210377
01088 1464884879.5136311054 0.7604210377
01089 1464884879.5601243973 0.7604210377
01090 1464884879.6081075668 0.7604210377
01091 1464884879.6590087414 0.7604210377
01092 1464884879.6994647980 0.8412631750
01093 1464884879.7475581169 0.8412631750
01094 1464884879.7923541069 0.8412631750
01095 1464884879.8388450146 0.8412631750
01096 1464884879.8883962631 0.8412631750
01097 1464884879.9334089756 0.9170526266
01098 1464884879.9798276424 0.9170526266
01099 1464884880.0246205330 0.9170526266
01100 1464884880.0710270405 0.9170526266
01101 1464884880.1199908257 0.9170526266
01102 1464884880.1638782024 0.9748771787
01103 1464884880.2104647160 0.9748771787
01104 1464884880.2579684258 0.9748771787
01105 1464884880.3032913208 0.9748771787
01106 1464884880.3500392437 0.9748771787
01107 1464884880.3971266747 0.9748771787
01108 1464884880.4426035881 0.9748771787
01109 1464884880.4891610146 0.9748771787
01110 1464884880.5356085300 0.9748771787
01111 1464884880.5820901394 0.9748771787
01112 1464884880.6285560131 0.9748771787
01113 1464884880.6757664680 0.9748771787
01114 1464884880.7252578735 0.9748771787
01115 1464884880.7677705288 0.9748771787
01116 1464884880.8170816898 0.9748771787
01117 1464884880.8606698513 0.9866666794
01118 1464884880.9071705341 0.9866666794
01119 1464884880.9565746784 0.9866666794
01120 1464884880.9999711514 0.9866666794
01121 1464884881.0488531590 0.9866666794
01122 1464884881.0931661129 0.9816140532
01123 1464884881.1394307613 0.9816140532
01124 1464884881.1859123707 0.9816140532
01125 1464884881.2324819565 0.9816140532
01126 1464884881.2855553627 0.9633684158
01127 1464884881.3252208233 0.9633684158
01128 1464884881.3762879372 0.9633684158
01129 1464884881.4212968349 0.9633684158
01130 1464884881.4660387039 0.9633684158
01131 1464884881.5139653683 0.9633684158
01132 1464884881.5605034828 0.9181754589
01133 1464884881.6038687229 0.9181754589
01134 1464884881.6503319740 0.9181754589
01135 1464884881.6968417168 0.9181754589
01136 1464884881.7469050884 0.9181754589
01137 1464884881.7899374962 0.8479999900
01138 1464884881.8361046314 0.8479999900
01139 1464884881.8831865788 0.8479999900
01140 1464884881.9291157722 0.8479999900
01141 1464884881.9777908325 0.8479999900
01142 1464884882.0224418640 0.7649123073
01143 1464884882.0684099197 0.7649123073
01144 1464884882.1149401665 0.7649123073
01145 1464884882.1616506577 0.7649123073
01146 1464884882.2107925415 0.7649123073
01147 1464884882.2546384335 0.6686315536
01148 1464884882.3006453514 0.6686315536
01149 1464884882.3514094353 0.6686315536
01150 1464884882.3935790062 0.6686315536
01151 1464884882.4426078796 0.6686315536
01152 1464884882.4872798920 0.5765613914
01153 1464884882.5329358578 0.5765613914
01154 1464884882.5818650723 0.5765613914
01155 1464884882.6260142326 0.5765613914
01156 1464884882.6772115231 0.5765613914
01157 1464884882.7188560963 0.4934736788
01158 1464884882.7667717934 0.4934736788
01159 1464884882.8115086555 0.4934736788
01160 1464884882.8579680920 0.4934736788
01161 1464884882.9073305130 0.4934736788
01162 1464884882.9509112835 0.4244210422
01163 1464884882.9974467754 0.4244210422
01164 1464884883.0468647480 0.4244210422
01165 1464884883.0903117657 0.4244210422
01166 1464884883.1395943165 0.4244210422
01167 1464884883.1831648350 0.3713684082
01168 1464884883.2295565605 0.3713684082
01169 1464884883.2776412964 0.3713684082
01170 1464884883.3225409985 0.3713684082
01171 1464884883.3707056046 0.3713684082
01172 1464884883.4184563160 0.3382456005
01173 1464884883.4634165764 0.3382456005
01174 1464884883.5096504688 0.3382456005
01175 1464884883.5549478531 0.3382456005
01176 1464884883.6039307117 0.3382456005
01177 1464884883.6476712227 0.3191578984
01178 1464884883.6940588951 0.3191578984
01179 1464884883.7406461239 0.3191578984
01180 1464884883.7870113850 0.3191578984
01181 1464884883.8335001469 0.3191578984
01182 1464884883.8829054832 0.3191578984
01183 1464884883.9263784885 0.3191578984
01184 1464884883.9728169441 0.3191578984
01185 1464884884.0222043991 0.3191578984
01186 1464884884.0680208206 0.3191578984
01187 1464884884.1122403145 0.3169122934
01188 1464884884.1587228775 0.3169122934
01189 1464884884.2050962448 0.3169122934
01190 1464884884.2514851093 0.3169122934
01191 1464884884.3047223091 0.3169122934
01192 1464884884.3443615437 0.3348771930
01193 1464884884.3919188976 0.3348771930
01194 1464884884.4373347759 0.3348771930
01195 1464884884.4835929871 0.3348771930
01196 1464884884.5329618454 0.3348771930
01197 1464884884.5765690804 0.3598596454
01198 1464884884.6261150837 0.3598596454
01199 1464884884.6724290848 0.3598596454
01200 1464884884.7159745693 0.3598596454
01201 1464884884.7649142742 0.3598596454
01202 1464884884.8089520931 0.3887719214
01203 1464884884.8554334641 0.3887719214
01204 1464884884.9026746750 0.3887719214
01205 1464884884.9483544827 0.3887719214
01206 1464884885.0006461143 0.3887719214
01207 1464884885.0411324501 0.4216140211
01208 1464884885.0876150131 0.4216140211
01209 1464884885.1371998787 0.4216140211
01210 1464884885.1805546284 0.4216140211
01211 1464884885.2297360897 0.4216140211
01212 1464884885.2735273838 0.4614736736
01213 1464884885.3198764324 0.4614736736
01214 1464884885.3681375980 0.4614736736
01215 1464884885.4157719612 0.4614736736
01216 1464884885.4620611668 0.4614736736
01217 1464884885.5056650639 0.5052631497
01218 1464884885.5520656109 0.5052631497
01219 1464884885.5992536545 0.5052631497
01220 1464884885.6454010010 0.5052631497
01221 1464884885.6932508945 0.5052631497
01222 1464884885.7379000187 0.5552280545
01223 1464884885.7843956947 0.5552280545
01224 1464884885.8308677673 0.5552280545
01225 1464884885.8772516251 0.5552280545
01226 1464884885.9261980057 0.5552280545
01227 1464884885.9703149796 0.6122105122
01228 1464884886.0165529251 0.6122105122
01229 1464884886.0629928112 0.6122105122
01230 1464884886.1094238758 0.6122105122
01231 1464884886.1587810516 0.6122105122
01232 1464884886.2024700642 0.6711578965
01233 1464884886.2488715649 0.6711578965
01234 1464884886.2952520847 0.6711578965
01235 1464884886.3418176174 0.6711578965
01236 1464884886.3928544521 0.6711578965
01237 1464884886.4347696304 0.7301052809
01238 1464884886.4810893536 0.7301052809
01239 1464884886.5276055336 0.7301052809
01240 1464884886.5769901276 0.7301052809
01241 1464884886.6247789860 0.7301052809
01242 1464884886.6671214104 0.7969122529
01243 1464884886.7136847973 0.7969122529
01244 1464884886.7597973347 0.7969122529
01245 1464884886.8093221188 0.7969122529
01246 1464884886.8553535938 0.7969122529
01247 1464884886.8991379738 0.8648421168
01248 1464884886.9456732273 0.8648421168
01249 1464884886.9919445515 0.8648421168
01250 1464884887.0399565697 0.8648421168
01251 1464884887.0914821625 0.8648421168
01252 1464884887.1319060326 0.9378245473
01253 1464884887.1779370308 0.9378245473
01254 1464884887.2248244286 0.9378245473
01255 1464884887.2707848549 0.9378245473
01256 1464884887.3219864368 0.9378245473
01257 1464884887.3636667728 0.9995789528
01258 1464884887.4114248753 0.9995789528
01259 1464884887.4565296173 0.9995789528
01260 1464884887.5029504299 0.9995789528
01261 1464884887.5513825417 0.9995789528
01262 1464884887.5958428383 1.0624561310
01263 1464884887.6424658298 1.0624561310
01264 1464884887.6887640953 1.0624561310
01265 1464884887.7360658646 1.0624561310
01266 1464884887.7843680382 1.0624561310
01267 1464884887.8306920528 1.1073684692
01268 1464884887.8746519089 1.1073684692
01269 1464884887.9241635799 1.1073684692
01270 1464884887.9675910473 1.1073684692
01271 1464884888.0162911415 1.1073684692
01272 1464884888.0612001419 1.1073684692
01273 1464884888.1067645550 1.1073684692
01274 1464884888.1533617973 1.1073684692
01275 1464884888.1998960972 1.1073684692
01276 1464884888.2516548634 1.1073684692
01277 1464884888.2946619987 1.1202807426
01278 1464884888.3417072296 1.1202807426
01279 1464884888.3856093884 1.1202807426
01280 1464884888.4329020977 1.1202807426
01281 1464884888.4814114571 1.1202807426
01282 1464884888.5248773098 1.1090526581
01283 1464884888.5740342140 1.1090526581
01284 1464884888.6177508831 1.1090526581
01285 1464884888.6642255783 1.1090526581
01286 1464884888.7132766247 1.1090526581
01287 1464884888.7589042187 1.1090526581
01288 1464884888.8053643703 1.1090526581
01289 1464884888.8500680923 1.0868772268
01290 1464884888.8977994919 1.0868772268
01291 1464884888.9523129463 1.0868772268
01292 1464884888.9893803596 1.0467368364
01293 1464884889.0358221531 1.0467368364
01294 1464884889.0852837563 1.0467368364
01295 1464884889.1292674541 1.0467368364
01296 1464884889.1780037880 1.0467368364
01297 1464884889.2225449085 0.9715088010
01298 1464884889.2682385445 0.9715088010
01299 1464884889.3143675327 0.9715088010
01300 1464884889.3628854752 0.9715088010
01301 1464884889.4096307755 0.9715088010
01302 1464884889.4539122581 0.8822456002
01303 1464884889.5003440380 0.8822456002
01304 1464884889.5468201637 0.8822456002
01305 1464884889.5932850838 0.8822456002
01306 1464884889.6424744129 0.8822456002
01307 1464884889.6861841679 0.7882105112
01308 1464884889.7334158421 0.7882105112
01309 1464884889.7790548801 0.7882105112
01310 1464884889.8254446983 0.7882105112
01311 1464884889.8743891716 0.7882105112
01312 1464884889.9202826023 0.6821052432
01313 1464884889.9649419785 0.6821052432
01314 1464884890.0113773346 0.6821052432
01315 1464884890.0577595234 0.6821052432
01316 1464884890.1065459251 0.6821052432
01317 1464884890.1505761147 0.5768421292
01318 1464884890.1970787048 0.5768421292
01319 1464884890.2435755730 0.5768421292
01320 1464884890.2900006771 0.5768421292
01321 1464884890.3413243294 0.5768421292
01322 1464884890.3829548359 0.4828070104
01323 1464884890.4294469357 0.4828070104
01324 1464884890.4758119583 0.4828070104
01325 1464884890.5223278999 0.4828070104
01326 1464884890.5715594292 0.4828070104
01327 1464884890.6150679588 0.3946666718
01328 1464884890.6621022224 0.3946666718
01329 1464884890.7080061436 0.3946666718
01330 1464884890.7554764748 0.3946666718
01331 1464884890.8038904667 0.3946666718
01332 1464884890.8473927975 0.3185964823
01333 1464884890.8938512802 0.3185964823
01334 1464884890.9401702881 0.3185964823
01335 1464884890.9867620468 0.3185964823
01336 1464884891.0353548527 0.3185964823
01337 1464884891.0802803040 0.2574035227
01338 1464884891.1274530888 0.2574035227
01339 1464884891.1725933552 0.2574035227
01340 1464884891.2189803123 0.2574035227
01341 1464884891.2703425884 0.2574035227
01342 1464884891.3138906956 0.2113684267
01343 1464884891.3594524860 0.2113684267
01344 1464884891.4046969414 0.2113684267
01345 1464884891.4524228573 0.2113684267
01346 1464884891.5006628036 0.2113684267
01347 1464884891.5471394062 0.1771228015
01348 1464884891.5925443172 0.1771228015
01349 1464884891.6395118237 0.1771228015
01350 1464884891.6834988594 0.1771228015
01351 1464884891.7328617573 0.1771228015
01352 1464884891.7763414383 0.1541052610
01353 1464884891.8234612942 0.1541052610
01354 1464884891.8692760468 0.1541052610
01355 1464884891.9159586430 0.1541052610
01356 1464884891.9650053978 0.1541052610
01357 1464884892.0085964203 0.1378245652
01358 1464884892.0550668240 0.1378245652
01359 1464884892.1023240089 0.1378245652
01360 1464884892.1483614445 0.1378245652
01361 1464884892.1973166466 0.1378245652
01362 1464884892.2420122623 0.1285614073
01363 1464884892.2873387337 0.1285614073
01364 1464884892.3337352276 0.1285614073
01365 1464884892.3802084923 0.1285614073
01366 1464884892.4289717674 0.1285614073
01367 1464884892.4730362892 0.1223859638
01368 1464884892.5194854736 0.1223859638
01369 1464884892.5672929287 0.1223859638
01370 1464884892.6125466824 0.1223859638
01371 1464884892.6589322090 0.1223859638
01372 1464884892.7053549290 0.1223859638
01373 1464884892.7527368069 0.1223859638
01374 1464884892.7982370853 0.1223859638
01375 1464884892.8499681950 0.1223859638
01376 1464884892.8912019730 0.1223859638
01377 1464884892.9375753403 0.1223859638
01378 1464884892.9872529507 0.1223859638
01379 1464884893.0332915783 0.1223859638
01380 1464884893.0769956112 0.1223859638
01381 1464884893.1234807968 0.1223859638
01382 1464884893.1729602814 0.1223859638
01383 1464884893.2162950039 0.1223859638
01384 1464884893.2627525330 0.1223859638
01385 1464884893.3091950417 0.1223859638
01386 1464884893.3582081795 0.1223859638
01387 1464884893.4022336006 0.1212631613
01388 1464884893.4488594532 0.1212631613
01389 1464884893.4950046539 0.1212631613
01390 1464884893.5414302349 0.1212631613
01391 1464884893.5908930302 0.1212631613
01392 1464884893.6347281933 0.1212631613
01393 1464884893.6807310581 0.1212631613
01394 1464884893.7272083759 0.1212631613
01395 1464884893.7737042904 0.1212631613
01396 1464884893.8226692677 0.1212631613
01397 1464884893.8667156696 0.1341754347
01398 1464884893.9130940437 0.1341754347
01399 1464884893.9594919682 0.1341754347
01400 1464884894.0060465336 0.1341754347
01401 1464884894.0546536446 0.1341754347
01402 1464884894.0989439487 0.1470877230
01403 1464884894.1453218460 0.1470877230
01404 1464884894.1917612553 0.1470877230
01405 1464884894.2382152081 0.1470877230
01406 1464884894.2905349731 0.1470877230
01407 1464884894.3311238289 0.1599999964
01408 1464884894.3775095940 0.1599999964
01409 1464884894.4239666462 0.1599999964
01410 1464884894.4703609943 0.1599999964
01411 1464884894.5168621540 0.1599999964
01412 1464884894.5632376671 0.1599999964
01413 1464884894.6097831726 0.1599999964
01414 1464884894.6574149132 0.1599999964
01415 1464884894.7026510239 0.1599999964
01416 1464884894.7519605160 0.1599999964
01417 1464884894.7954831123 0.1729122847
01418 1464884894.8418667316 0.1729122847
01419 1464884894.8914921284 0.1729122847
01420 1464884894.9348957539 0.1729122847
01421 1464884894.9831678867 0.1729122847
01422 1464884895.0278205872 0.1729122847
01423 1464884895.0750985146 0.1729122847
01424 1464884895.1225621700 0.1729122847
01425 1464884895.1673703194 0.1729122847
01426 1464884895.2137989998 0.1729122847
01427 1464884895.2631328106 0.1729122847
01428 1464884895.3068900108 0.1729122847
01429 1464884895.3548252583 0.1729122847
01430 1464884895.3993506432 0.1729122847
01431 1464884895.4458882809 0.1729122847
01432 1464884895.4923303127 0.1729122847
01433 1464884895.5387933254 0.1729122847
01434 1464884895.5852141380 0.1729122847
01435 1464884895.6349654198 0.1729122847
01436 1464884895.6807303429 0.1729122847
01437 1464884895.7244608402 0.1729122847
01438 1464884895.7709505558 0.1717894673
01439 1464884895.8173594475 0.1717894673
01440 1464884895.8651680946 0.1717894673
01441 1464884895.9127793312 0.1717894673
01442 1464884895.9567325115 0.1706666648
01443 1464884896.0037512779 0.1706666648
01444 1464884896.0530180931 0.1706666648
01445 1464884896.0962185860 0.1706666648
01446 1464884896.1453480721 0.1706666648
01447 1464884896.1890420914 0.1675789505
01448 1464884896.2372295856 0.1675789505
01449 1464884896.2819790840 0.1675789505
01450 1464884896.3288450241 0.1675789505
01451 1464884896.3770873547 0.1675789505
01452 1464884896.4213798046 0.1633684188
01453 1464884896.4679532051 0.1633684188
01454 1464884896.5149765015 0.1633684188
01455 1464884896.5605452061 0.1633684188
01456 1464884896.6094298363 0.1633684188
01457 1464884896.6535892487 0.1583157927
01458 1464884896.7000076771 0.1583157927
01459 1464884896.7506392002 0.1583157927
01460 1464884896.7929453850 0.1583157927
01461 1464884896.8413436413 0.1583157927
01462 1464884896.8862247467 0.1552280635
01463 1464884896.9324190617 0.1552280635
01464 1464884896.9794616699 0.1552280635
01465 1464884897.0252466202 0.1552280635
01466 1464884897.0779201984 0.1552280635
01467 1464884897.1182868481 0.1521403491
01468 1464884897.1707510948 0.1521403491
01469 1464884897.2115399837 0.1521403491
01470 1464884897.2579786777 0.1521403491
01471 1464884897.3038704395 0.1521403491
01472 1464884897.3509218693 0.1521403491
01473 1464884897.3999016285 0.1521403491
01474 1464884897.4433484077 0.1521403491
01475 1464884897.4905457497 0.1521403491
01476 1464884897.5387170315 0.1521403491
01477 1464884897.5845422745 0.1498947442
01478 1464884897.6296300888 0.1498947442
01479 1464884897.6754832268 0.1498947442
01480 1464884897.7218637466 0.1498947442
01481 1464884897.7738380432 0.1498947442
01482 1464884897.8148627281 0.1456842124
01483 1464884897.8613317013 0.1456842124
01484 1464884897.9080862999 0.1456842124
01485 1464884897.9560360909 0.1456842124
01486 1464884898.0032825470 0.1456842124
01487 1464884898.0474245548 0.1425964981
01488 1464884898.0935668945 0.1425964981
01489 1464884898.1407890320 0.1425964981
01490 1464884898.1863479614 0.1425964981
01491 1464884898.2354116440 0.1425964981
01492 1464884898.2793471813 0.1375438571
01493 1464884898.3258051872 0.1375438571
01494 1464884898.3721907139 0.1375438571
01495 1464884898.4187328815 0.1375438571
01496 1464884898.4679265022 0.1375438571
01497 1464884898.5115849972 0.1282806993
01498 1464884898.5580418110 0.1282806993
01499 1464884898.6045160294 0.1282806993
01500 1464884898.6509022713 0.1282806993
01501 1464884898.6996979713 0.1282806993
01502 1464884898.7438058853 0.1190175414
01503 1464884898.7912144661 0.1190175414
01504 1464884898.8366565704 0.1190175414
01505 1464884898.8849811554 0.1190175414
01506 1464884898.9319274426 0.1190175414
01507 1464884898.9765841961 0.1128421053
01508 1464884899.0229938030 0.1128421053
01509 1464884899.0697898865 0.1128421053
01510 1464884899.1154556274 0.1128421053
01511 1464884899.1652553082 0.1128421053
01512 1464884899.2083065510 0.1058245599
01513 1464884899.2550034523 0.1058245599
01514 1464884899.3012840748 0.1058245599
01515 1464884899.3502326012 0.1058245599
01516 1464884899.3967487812 0.1058245599
01517 1464884899.4405381680 0.0996491238
01518 1464884899.4878647327 0.0996491238
01519 1464884899.5334303379 0.0996491238
01520 1464884899.5799322128 0.0996491238
01521 1464884899.6289093494 0.0996491238
01522 1464884899.6728391647 0.0934736878
01523 1464884899.7221765518 0.0934736878
01524 1464884899.7660911083 0.0934736878
01525 1464884899.8124465942 0.0934736878
01526 1464884899.8619289398 0.0934736878
01527 1464884899.9050142765 0.0884210542
01528 1464884899.9514164925 0.0884210542
01529 1464884899.9979851246 0.0884210542
01530 1464884900.0444638729 0.0884210542
01531 1464884900.0928983688 0.0884210542
01532 1464884900.1401939392 0.0842105299
01533 1464884900.1850929260 0.0842105299
01534 1464884900.2301812172 0.0842105299
01535 1464884900.2816977501 0.0842105299
01536 1464884900.3250257969 0.0842105299
01537 1464884900.3701126575 0.0780350864
01538 1464884900.4160552025 0.0780350864
01539 1464884900.4624261856 0.0780350864
01540 1464884900.5088496208 0.0780350864
01541 1464884900.5577533245 0.0780350864
01542 1464884900.6018025875 0.0729824528
01543 1464884900.6482338905 0.0729824528
01544 1464884900.6947283745 0.0729824528
01545 1464884900.7442064285 0.0729824528
01546 1464884900.7902033329 0.0729824528
01547 1464884900.8339564800 0.0668070167
01548 1464884900.8805210590 0.0668070167
01549 1464884900.9270055294 0.0668070167
01550 1464884900.9733946323 0.0668070167
01551 1464884901.0223062038 0.0668070167
01552 1464884901.0663387775 0.0625964925
01553 1464884901.1128218174 0.0625964925
01554 1464884901.1617984772 0.0625964925
01555 1464884901.2081911564 0.0625964925
01556 1464884901.2542064190 0.0625964925
01557 1464884901.2985172272 0.0595087707
01558 1464884901.3450174332 0.0595087707
01559 1464884901.3914792538 0.0595087707
01560 1464884901.4408860207 0.0595087707
01561 1464884901.4867985249 0.0595087707
01562 1464884901.5309102535 0.0572631583
01563 1464884901.5782742500 0.0572631583
01564 1464884901.6237771511 0.0572631583
01565 1464884901.6733832359 0.0572631583
01566 1464884901.7254352570 0.0572631583
01567 1464884901.7630872726 0.0550175421
01568 1464884901.8098545074 0.0550175421
01569 1464884901.8562805653 0.0550175421
01570 1464884901.9024517536 0.0550175421
01571 1464884901.9510681629 0.0550175421
01572 1464884901.9952955246 0.0538947359
01573 1464884902.0417935848 0.0538947359
01574 1464884902.0882570744 0.0538947359
01575 1464884902.1346814632 0.0538947359
01576 1464884902.1850798130 0.0538947359
01577 1464884902.2275199890 0.0538947359
01578 1464884902.2740201950 0.0538947359
01579 1464884902.3204412460 0.0538947359
01580 1464884902.3674132824 0.0538947359
01581 1464884902.4135906696 0.0538947359
01582 1464884902.4596927166 0.0538947359
01583 1464884902.5062239170 0.0538947359
01584 1464884902.5527315140 0.0538947359
01585 1464884902.6021456718 0.0538947359
01586 1464884902.6475985050 0.0538947359
01587 1464884902.6920595169 0.0538947359
01588 1464884902.7416372299 0.0538947359
01589 1464884902.7850372791 0.0538947359
01590 1464884902.8332815170 0.0538947359
01591 1464884902.8782324791 0.0538947359
01592 1464884902.9242949486 0.0538947359
01593 1464884902.9731764793 0.0538947359
01594 1464884903.0171971321 0.0538947359
01595 1464884903.0636179447 0.0538947359
01596 1464884903.1103601456 0.0538947359
01597 1464884903.1566071510 0.0538947359
01598 1464884903.2034707069 0.0538947359
01599 1464884903.2496616840 0.0538947359
01600 1464884903.2958805561 0.0538947359
01601 1464884903.3423321247 0.0538947359
01602 1464884903.3889801502 0.0538947359
01603 1464884903.4352326393 0.0538947359
01604 1464884903.4817166328 0.0538947359
01605 1464884903.5281229019 0.0538947359
01606 1464884903.5746638775 0.0538947359
01607 1464884903.6210052967 0.0538947359
01608 1464884903.6675260067 0.0538947359
01609 1464884903.7143085003 0.0538947359
01610 1464884903.7604019642 0.0538947359
01611 1464884903.8068358898 0.0538947359
01612 1464884903.8533244133 0.0538947359
01613 1464884903.8997776508 0.0538947359
01614 1464884903.9462535381 0.0538947359
01615 1464884903.9926836491 0.0538947359
01616 1464884904.0414164066 0.0538947359
01617 1464884904.0855622292 0.0538947359
01618 1464884904.1351244450 0.0538947359
01619 1464884904.1785128117 0.0538947359
01620 1464884904.2248606682 0.0538947359
01621 1464884904.2713606358 0.0538947359
01622 1464884904.3208594322 0.0538947359
01623 1464884904.3645989895 0.0538947359
01624 1464884904.4122099876 0.0538947359
01625 1464884904.4571487904 0.0538947359
01626 1464884904.5064251423 0.0538947359
01627 1464884904.5500619411 0.0538947359
01628 1464884904.5964086056 0.0538947359
01629 1464884904.6429817677 0.0538947359
01630 1464884904.6893582344 0.0538947359
01631 1464884904.7359278202 0.0538947359
01632 1464884904.7823481560 0.0538947359
01633 1464884904.8286955357 0.0538947359
01634 1464884904.8752760887 0.0538947359
01635 1464884904.9215652943 0.0538947359
01636 1464884904.9706466198 0.0538947359
01637 1464884905.0145814419 0.0538947359
01638 1464884905.0610198975 0.0538947359
01639 1464884905.1075093746 0.0538947359
01640 1464884905.1539385319 0.0538947359
01641 1464884905.2018589973 0.0538947359
01642 1464884905.2467751503 0.0538947359
01643 1464884905.2932460308 0.0538947359
01644 1464884905.3397610188 0.0538947359
01645 1464884905.3861610889 0.0538947359
01646 1464884905.4350886345 0.0538947359
01647 1464884905.4790709019 0.0527719297
01648 1464884905.5254666805 0.0527719297
01649 1464884905.5719165802 0.0527719297
01650 1464884905.6184155941 0.0527719297
01651 1464884905.6647877693 0.0527719297
01652 1464884905.7112660408 0.0527719297
01653 1464884905.7575922012 0.0527719297
01654 1464884905.8041446209 0.0527719297
01655 1464884905.8534936905 0.0527719297
01656 1464884905.8970253468 0.0527719297
01657 1464884905.9434633255 0.0527719297
01658 1464884905.9899497032 0.0527719297
01659 1464884906.0364377499 0.0527719297
01660 1464884906.0835781097 0.0527719297
01661 1464884906.1295561790 0.0527719297
01662 1464884906.1757810116 0.0527719297
01663 1464884906.2252888680 0.0527719297
01664 1464884906.2685837746 0.0527719297
01665 1464884906.3181819916 0.0527719297
01666 1464884906.3616421223 0.0527719297
01667 1464884906.4080281258 0.0527719297
01668 1464884906.4552769661 0.0527719297
01669 1464884906.5009088516 0.0527719297
01670 1464884906.5476534367 0.0527719297
01671 1464884906.5938117504 0.0527719297
01672 1464884906.6402502060 0.0527719297
01673 1464884906.6889643669 0.0527719297
01674 1464884906.7345032692 0.0527719297
01675 1464884906.7798421383 0.0527719297
01676 1464884906.8318028450 0.0527719297
01677 1464884906.8724718094 0.0527719297
01678 1464884906.9189980030 0.0527719297
01679 1464884906.9656479359 0.0527719297
01680 1464884907.0120785236 0.0527719297
01681 1464884907.0631506443 0.0527719297
01682 1464884907.1047725677 0.0527719297
01683 1464884907.1514425278 0.0527719297
01684 1464884907.1978979111 0.0527719297
01685 1464884907.2440781593 0.0527719297
01686 1464884907.2942552567 0.0527719297
01687 1464884907.3371655941 0.0527719297
01688 1464884907.3864471912 0.0527719297
01689 1464884907.4331593513 0.0527719297
01690 1464884907.4763667583 0.0527719297
01691 1464884907.5279259682 0.0527719297
01692 1464884907.5693106651 0.0516491234
01693 1464884907.6159229279 0.0516491234
01694 1464884907.6624078751 0.0516491234
01695 1464884907.7123045921 0.0516491234
01696 1464884907.7576909065 0.0516491234
01697 1464884907.8014950752 0.0516491234
01698 1464884907.8478736877 0.0516491234
01699 1464884907.8945012093 0.0516491234
01700 1464884907.9408798218 0.0516491234
01701 1464884907.9900574684 0.0516491234
01702 1464884908.0364396572 0.0505263172
01703 1464884908.0801923275 0.0505263172
01704 1464884908.1272296906 0.0505263172
01705 1464884908.1733880043 0.0505263172
01706 1464884908.2200918198 0.0505263172
01707 1464884908.2660121918 0.0505263172
01708 1464884908.3124248981 0.0505263172
01709 1464884908.3589720726 0.0505263172
01710 1464884908.4053494930 0.0505263172
01711 1464884908.4517548084 0.0505263172
01712 1464884908.4991488457 0.0505263172
01713 1464884908.5465543270 0.0505263172
01714 1464884908.5911724567 0.0505263172
01715 1464884908.6400060654 0.0505263172
01716 1464884908.6869738102 0.0505263172
01717 1464884908.7304308414 0.0505263172
01718 1464884908.7799277306 0.0505263172
01719 1464884908.8265099525 0.0505263172
01720 1464884908.8697631359 0.0505263172
01721 1464884908.9182853699 0.0505263172
01722 1464884908.9629676342 0.0505263172
01723 1464884909.0093183517 0.0505263172
01724 1464884909.0555231571 0.0505263172
01725 1464884909.1052117348 0.0505263172
01726 1464884909.1485841274 0.0505263172
01727 1464884909.1950595379 0.0505263172
01728 1464884909.2413690090 0.0505263172
01729 1464884909.2878675461 0.0505263172
01730 1464884909.3343524933 0.0505263172
01731 1464884909.3833682537 0.0505263172
01732 1464884909.4272480011 0.0505263172
01733 1464884909.4736683369 0.0505263172
01734 1464884909.5201158524 0.0505263172
01735 1464884909.5674769878 0.0505263172
01736 1464884909.6130375862 0.0505263172
01737 1464884909.6595458984 0.0505263172
01738 1464884909.7060165405 0.0505263172
01739 1464884909.7523844242 0.0505263172
01740 1464884909.8000824451 0.0505263172
01741 1464884909.8473680019 0.0505263172
01742 1464884909.8919091225 0.0505263172
01743 1464884909.9381768703 0.0505263172
01744 1464884909.9873688221 0.0505263172
01745 1464884910.0320272446 0.0505263172
01746 1464884910.0775806904 0.0505263172
01747 1464884910.1240072250 0.0505263172
01748 1464884910.1720204353 0.0505263172
01749 1464884910.2171456814 0.0505263172
01750 1464884910.2661211491 0.0505263172
01751 1464884910.3098385334 0.0505263172
01752 1464884910.3564448357 0.0505263172
01753 1464884910.4048767090 0.0505263172
01754 1464884910.4493625164 0.0505263172
01755 1464884910.4956774712 0.0505263172
01756 1464884910.5420677662 0.0505263172
01757 1464884910.5886025429 0.0505263172
01758 1464884910.6349520683 0.0505263172
01759 1464884910.6813678741 0.0505263172
01760 1464884910.7278306484 0.0505263172
01761 1464884910.7743542194 0.0505263172
01762 1464884910.8206920624 0.0505263172
01763 1464884910.8671336174 0.0505263172
01764 1464884910.9166808128 0.0505263172
01765 1464884910.9619615078 0.0505263172
01766 1464884911.0089712143 0.0505263172
01767 1464884911.0529804230 0.0505263172
01768 1464884911.1001565456 0.0505263172
01769 1464884911.1458759308 0.0505263172
01770 1464884911.1923859119 0.0505263172
01771 1464884911.2450125217 0.0505263172
01772 1464884911.2852733135 0.0505263172
01773 1464884911.3316998482 0.0505263172
01774 1464884911.3782343864 0.0505263172
01775 1464884911.4260404110 0.0505263172
01776 1464884911.4732720852 0.0505263172
01777 1464884911.5175108910 0.0623157881
01778 1464884911.5639808178 0.0623157881
01779 1464884911.6115119457 0.0623157881
01780 1464884911.6568155289 0.0623157881
01781 1464884911.7060320377 0.0623157881
01782 1464884911.7497091293 0.0741052628
01783 1464884911.7961246967 0.0741052628
01784 1464884911.8424930573 0.0741052628
01785 1464884911.8889856339 0.0741052628
01786 1464884911.9355151653 0.0741052628
01787 1464884911.9819796085 0.0741052628
01788 1464884912.0309906006 0.0741052628
01789 1464884912.0774180889 0.0741052628
01790 1464884912.1213474274 0.0741052628
01791 1464884912.1741383076 0.0741052628
01792 1464884912.2147378922 0.0858947337
01793 1464884912.2606656551 0.0858947337
01794 1464884912.3072030544 0.0858947337
01795 1464884912.3537695408 0.0858947337
01796 1464884912.3999657631 0.0858947337
01797 1464884912.4464292526 0.0858947337
01798 1464884912.4931199551 0.0858947337
01799 1464884912.5392963886 0.0858947337
01800 1464884912.5857510567 0.0858947337
01801 1464884912.6321849823 0.0858947337
01802 1464884912.6786715984 0.0858947337
01803 1464884912.7250576019 0.0858947337
01804 1464884912.7715394497 0.0858947337
01805 1464884912.8209049702 0.0858947337
01806 1464884912.8679049015 0.0858947337
01807 1464884912.9109120369 0.0976842120
01808 1464884912.9573588371 0.0976842120
01809 1464884913.0038082600 0.0976842120
01810 1464884913.0502254963 0.0976842120
01811 1464884913.0967698097 0.0976842120
01812 1464884913.1431560516 0.0976842120
01813 1464884913.1897385120 0.0976842120
01814 1464884913.2363588810 0.0976842120
01815 1464884913.2825624943 0.0976842120
01816 1464884913.3358521461 0.0976842120
01817 1464884913.3754663467 0.1105964929
01818 1464884913.4249916077 0.1105964929
01819 1464884913.4683797359 0.1105964929
01820 1464884913.5181624889 0.1105964929
01821 1464884913.5638921261 0.1105964929
01822 1464884913.6077022552 0.1235087737
01823 1464884913.6541237831 0.1235087737
01824 1464884913.7005357742 0.1235087737
01825 1464884913.7475271225 0.1235087737
01826 1464884913.7935175896 0.1235087737
01827 1464884913.8398718834 0.1235087737
01828 1464884913.8867776394 0.1235087737
01829 1464884913.9341702461 0.1235087737
01830 1464884913.9793159962 0.1235087737
01831 1464884914.0283250809 0.1235087737
01832 1464884914.0722424984 0.1364210546
01833 1464884914.1187307835 0.1364210546
01834 1464884914.1654348373 0.1364210546
01835 1464884914.2116105556 0.1364210546
01836 1464884914.2609832287 0.1364210546
01837 1464884914.3044393063 0.1493333280
01838 1464884914.3508954048 0.1493333280
01839 1464884914.3973796368 0.1493333280
01840 1464884914.4443113804 0.1493333280
01841 1464884914.4920358658 0.1493333280
01842 1464884914.5375504494 0.1493333280
01843 1464884914.5844967365 0.1493333280
01844 1464884914.6296875477 0.1493333280
01845 1464884914.6760833263 0.1493333280
01846 1464884914.7224795818 0.1493333280
01847 1464884914.7689437866 0.1493333280
01848 1464884914.8153085709 0.1493333280
01849 1464884914.8618400097 0.1493333280
01850 1464884914.9083616734 0.1493333280
01851 1464884914.9566788673 0.1493333280
01852 1464884915.0013070107 0.1630877256
01853 1464884915.0478780270 0.1630877256
01854 1464884915.0941798687 0.1630877256
01855 1464884915.1408412457 0.1630877256
01856 1464884915.1896903515 0.1630877256
01857 1464884915.2336511612 0.1759999990
01858 1464884915.2797491550 0.1759999990
01859 1464884915.3266108036 0.1759999990
01860 1464884915.3730077744 0.1759999990
01861 1464884915.4217004776 0.1759999990
01862 1464884915.4658753872 0.1908771992
01863 1464884915.5123448372 0.1908771992
01864 1464884915.5588006973 0.1908771992
01865 1464884915.6052260399 0.1908771992
01866 1464884915.6579058170 0.1908771992
01867 1464884915.6979517937 0.2057543844
01868 1464884915.7442476749 0.2057543844
01869 1464884915.7909009457 0.2057543844
01870 1464884915.8371438980 0.2057543844
01871 1464884915.8857765198 0.2035087645
01872 1464884915.9302525520 0.2035087645
01873 1464884915.9765317440 0.2035087645
01874 1464884916.0259892941 0.2035087645
01875 1464884916.0694725513 0.2035087645
01876 1464884916.1190047264 0.2035087645
01877 1464884916.1624519825 0.1992982477
01878 1464884916.2088904381 0.1992982477
01879 1464884916.2553694248 0.1992982477
01880 1464884916.3035788536 0.1992982477
01881 1464884916.3510863781 0.1992982477
01882 1464884916.3946442604 0.1922806948
01883 1464884916.4413938522 0.1922806948
01884 1464884916.4880099297 0.1922806948
01885 1464884916.5339992046 0.1922806948
01886 1464884916.5830428600 0.1922806948
01887 1464884916.6288621426 0.1852631569
01888 1464884916.6733527184 0.1852631569
01889 1464884916.7256031036 0.1852631569
01890 1464884916.7693750858 0.1852631569
01891 1464884916.8151493073 0.1852631569
01892 1464884916.8597700596 0.1782456189
01893 1464884916.9056885242 0.1782456189
01894 1464884916.9521543980 0.1782456189
01895 1464884916.9985625744 0.1782456189
01896 1464884917.0513935089 0.1782456189
01897 1464884917.0915007591 0.1731929779
01898 1464884917.1379232407 0.1731929779
01899 1464884917.1843304634 0.1731929779
01900 1464884917.2308001518 0.1731929779
01901 1464884917.2819786072 0.1731929779
01902 1464884917.3242056370 0.1681403518
01903 1464884917.3709092140 0.1681403518
01904 1464884917.4165604115 0.1681403518
01905 1464884917.4635288715 0.1681403518
01906 1464884917.5116519928 0.1681403518
01907 1464884917.5559279919 0.1650526375
01908 1464884917.6034514904 0.1650526375
01909 1464884917.6488747597 0.1650526375
01910 1464884917.6964020729 0.1650526375
01911 1464884917.7479584217 0.1650526375
01912 1464884917.7881972790 0.1619649082
01913 1464884917.8346972466 0.1619649082
01914 1464884917.8810882568 0.1619649082
01915 1464884917.9275496006 0.1619649082
01916 1464884917.9739704132 0.1619649082
01917 1464884918.0223784447 0.1619649082
01918 1464884918.0668580532 0.1619649082
01919 1464884918.1164629459 0.1619649082
01920 1464884918.1597690582 0.1619649082
01921 1464884918.2067089081 0.1619649082
01922 1464884918.2535808086 0.1619649082
01923 1464884918.3036689758 0.1619649082
01924 1464884918.3456857204 0.1619649082
01925 1464884918.3918910027 0.1619649082
01926 1464884918.4384789467 0.1619649082
01927 1464884918.4849622250 0.1619649082
01928 1464884918.5319933891 0.1619649082
01929 1464884918.5777990818 0.1619649082
01930 1464884918.6242942810 0.1619649082
01931 1464884918.6736986637 0.1619649082
01932 1464884918.7174592018 0.1577543914
01933 1464884918.7639186382 0.1577543914
01934 1464884918.8120424747 0.1577543914
01935 1464884918.8565361500 0.1577543914
01936 1464884918.9055433273 0.1577543914
01937 1464884918.9493641853 0.1515789479
01938 1464884918.9961042404 0.1515789479
01939 1464884919.0434126854 0.1515789479
01940 1464884919.0887858868 0.1515789479
01941 1464884919.1377785206 0.1515789479
01942 1464884919.1817033291 0.1473684162
01943 1464884919.2280938625 0.1473684162
01944 1464884919.2761116028 0.1473684162
01945 1464884919.3217365742 0.1473684162
01946 1464884919.3707911968 0.1473684162
01947 1464884919.4159355164 0.1451228112
01948 1464884919.4605741501 0.1451228112
01949 1464884919.5092232227 0.1451228112
01950 1464884919.5534725189 0.1451228112
01951 1464884919.6001861095 0.1451228112
01952 1464884919.6469531059 0.1451228112
01953 1464884919.6928141117 0.1451228112
01954 1464884919.7421255112 0.1451228112
01955 1464884919.7857410908 0.1451228112
01956 1464884919.8320999146 0.1451228112
01957 1464884919.8794233799 0.1451228112
01958 1464884919.9249031544 0.1451228112
01959 1464884919.9715015888 0.1451228112
01960 1464884920.0179462433 0.1451228112
01961 1464884920.0669550896 0.1448421031
01962 1464884920.1107897758 0.1448421031
01963 1464884920.1571602821 0.1448421031
01964 1464884920.2067644596 0.1448421031
01965 1464884920.2499840260 0.1448421031
01966 1464884920.3020539284 0.1448421031
01967 1464884920.3426928520 0.1577543914
01968 1464884920.3892629147 0.1577543914
01969 1464884920.4357032776 0.1577543914
01970 1464884920.4828472137 0.1577543914
01971 1464884920.5327217579 0.1577543914
01972 1464884920.5753712654 0.1726315767
01973 1464884920.6215827465 0.1726315767
01974 1464884920.6683220863 0.1726315767
01975 1464884920.7144491673 0.1726315767
01976 1464884920.7633674145 0.1726315767
01977 1464884920.8073000908 0.1894736886
01978 1464884920.8537299633 0.1894736886
01979 1464884920.9002084732 0.1894736886
01980 1464884920.9488959312 0.1894736886
01981 1464884920.9951615334 0.1894736886
01982 1464884921.0426383018 0.2054736912
01983 1464884921.0892074108 0.2054736912
01984 1464884921.1328170300 0.2054736912
01985 1464884921.1803901196 0.2054736912
01986 1464884921.2293305397 0.2054736912
01987 1464884921.2721261978 0.2023859620
01988 1464884921.3212647438 0.2023859620
01989 1464884921.3664140701 0.2023859620
01990 1464884921.4113926888 0.2023859620
01991 1464884921.4614965916 0.2023859620
01992 1464884921.5042150021 0.1931228042
01993 1464884921.5508408546 0.1931228042
01994 1464884921.5970559120 0.1931228042
01995 1464884921.6435210705 0.1931228042
01996 1464884921.6928744316 0.1931228042
01997 1464884921.7372412682 0.1818947345
01998 1464884921.7828459740 0.1818947345
01999 1464884921.8311526775 0.1818947345
02000 1464884921.8757765293 0.1818947345
02001 1464884921.9262201786 0.1818947345
02002 1464884921.9695198536 0.1687017530
02003 1464884922.0151195526 0.1687017530
02004 1464884922.0614962578 0.1687017530
02005 1464884922.1079883575 0.1687017530
02006 1464884922.1576406956 0.1687017530
02007 1464884922.2009363174 0.1546666622
02008 1464884922.2473082542 0.1546666622
02009 1464884922.2937774658 0.1546666622
02010 1464884922.3403394222 0.1546666622
02011 1464884922.3936362267 0.1546666622
02012 1464884922.4331014156 0.1414736807
02013 1464884922.4797844887 0.1414736807
02014 1464884922.5275614262 0.1414736807
02015 1464884922.5726728439 0.1414736807
02016 1464884922.6213316917 0.1414736807
02017 1464884922.6653563976 0.1313684285
02018 1464884922.7118451595 0.1313684285
02019 1464884922.7583267689 0.1313684285
02020 1464884922.8046500683 0.1313684285
02021 1464884922.8532383442 0.1313684285
02022 1464884922.9006578922 0.1251929849
02023 1464884922.9440002441 0.1251929849
02024 1464884922.9929111004 0.1251929849
02025 1464884923.0370049477 0.1251929849
02026 1464884923.0857436657 0.1251929849
02027 1464884923.1298921108 0.1240701750
02028 1464884923.1783075333 0.1240701750
02029 1464884923.2228147984 0.1240701750
02030 1464884923.2695000172 0.1240701750
02031 1464884923.3180334568 0.1240701750
02032 1464884923.3619682789 0.1369824558
02033 1464884923.4116525650 0.1369824558
02034 1464884923.4549484253 0.1369824558
02035 1464884923.5015046597 0.1369824558
02036 1464884923.5511181355 0.1369824558
02037 1464884923.5944314003 0.1549473703
02038 1464884923.6408309937 0.1549473703
02039 1464884923.6873025894 0.1549473703
02040 1464884923.7345383167 0.1549473703
02041 1464884923.7830312252 0.1549473703
02042 1464884923.8265802860 0.1768421084
02043 1464884923.8730907440 0.1768421084
02044 1464884923.9195225239 0.1768421084
02045 1464884923.9659771919 0.1768421084
02046 1464884924.0154383183 0.1768421084
02047 1464884924.0589032173 0.1956491172
02048 1464884924.1084544659 0.1956491172
02049 1464884924.1518619061 0.1956491172
02050 1464884924.1983897686 0.1956491172
02051 1464884924.2445981503 0.1956491172
02052 1464884924.2911322117 0.1956491172
02053 1464884924.3376591206 0.1956491172
02054 1464884924.3839604855 0.1956491172
02055 1464884924.4306132793 0.1956491172
02056 1464884924.4794077873 0.1956491172
02057 1464884924.5233478546 0.1956491172
02058 1464884924.5698885918 0.1953684241
02059 1464884924.6163012981 0.1953684241
02060 1464884924.6628215313 0.1953684241
02061 1464884924.7120702267 0.1953684241
02062 1464884924.7556190491 0.2082806975
02063 1464884924.8019778728 0.2082806975
02064 1464884924.8491151333 0.2082806975
02065 1464884924.8958237171 0.2082806975
02066 1464884924.9414961338 0.2082806975
02067 1464884924.9878981113 0.2082806975
02068 1464884925.0344731808 0.2082806975
02069 1464884925.0807757378 0.2082806975
02070 1464884925.1290988922 0.2082806975
02071 1464884925.1770694256 0.2082806975
02072 1464884925.2201440334 0.2082806975
02073 1464884925.2666265965 0.2082806975
02074 1464884925.3130686283 0.2082806975
02075 1464884925.3594818115 0.2082806975
02076 1464884925.4092826843 0.2082806975
02077 1464884925.4543619156 0.2051929832
02078 1464884925.5007314682 0.2051929832
02079 1464884925.5452842712 0.2051929832
02080 1464884925.5917069912 0.2051929832
02081 1464884925.6411609650 0.2051929832
02082 1464884925.6846272945 0.1990175396
02083 1464884925.7324540615 0.1990175396
02084 1464884925.7780368328 0.1990175396
02085 1464884925.8238093853 0.1990175396
02086 1464884925.8767130375 0.1990175396
02087 1464884925.9168758392 0.1939649135
02088 1464884925.9632997513 0.1939649135
02089 1464884926.0097761154 0.1939649135
02090 1464884926.0562148094 0.1939649135
02091 1464884926.1067361832 0.1939649135
02092 1464884926.1491353512 0.1889122874
02093 1464884926.1955835819 0.1889122874
02094 1464884926.2420294285 0.1889122874
02095 1464884926.2884738445 0.1889122874
02096 1464884926.3378446102 0.1889122874
02097 1464884926.3812661171 0.1818947345
02098 1464884926.4278061390 0.1818947345
02099 1464884926.4742629528 0.1818947345
02100 1464884926.5206236839 0.1818947345
02101 1464884926.5742087364 0.1818947345
02102 1464884926.6136176586 0.1737543792
02103 1464884926.6600322723 0.1737543792
02104 1464884926.7065117359 0.1737543792
02105 1464884926.7529921532 0.1737543792
02106 1464884926.8014283180 0.1737543792
02107 1464884926.8458433151 0.1675789505
02108 1464884926.8925421238 0.1675789505
02109 1464884926.9388363361 0.1675789505
02110 1464884926.9859938622 0.1675789505
02111 1464884927.0340538025 0.1675789505
02112 1464884927.0783333778 0.1644912213
02113 1464884927.1245958805 0.1644912213
02114 1464884927.1741960049 0.1644912213
02115 1464884927.2173974514 0.1644912213
02116 1464884927.2678632736 0.1644912213
02117 1464884927.3130865097 0.1644912213
02118 1464884927.3568072319 0.1644912213
02119 1464884927.4043929577 0.1644912213
02120 1464884927.4497091770 0.1644912213
02121 1464884927.4992573261 0.1644912213
02122 1464884927.5445034504 0.1762807071
02123 1464884927.5890445709 0.1762807071
02124 1464884927.6354534626 0.1762807071
02125 1464884927.6820096970 0.1762807071
02126 1464884927.7335371971 0.1762807071
02127 1464884927.7748234272 0.1891929805
02128 1464884927.8212435246 0.1891929805
02129 1464884927.8677692413 0.1891929805
02130 1464884927.9149069786 0.1891929805
02131 1464884927.9640955925 0.1891929805
02132 1464884928.0072212219 0.2040701807
02133 1464884928.0566899776 0.2040701807
02134 1464884928.1000902653 0.2040701807
02135 1464884928.1467018127 0.2040701807
02136 1464884928.1958072186 0.2040701807
02137 1464884928.2393822670 0.2178245634
02138 1464884928.2858262062 0.2178245634
02139 1464884928.3322682381 0.2178245634
02140 1464884928.3787662983 0.2178245634
02141 1464884928.4315280914 0.2178245634
02142 1464884928.4715762138 0.2108070105
02143 1464884928.5180437565 0.2108070105
02144 1464884928.5647289753 0.2108070105
02145 1464884928.6109836102 0.2108070105
02146 1464884928.6611459255 0.2108070105
02147 1464884928.7038865089 0.2037894726
02148 1464884928.7503025532 0.2037894726
02149 1464884928.7967660427 0.2037894726
02150 1464884928.8440442085 0.2037894726
02151 1464884928.8921902180 0.2037894726
02152 1464884928.9360888004 0.1995789409
02153 1464884928.9826006889 0.1995789409
02154 1464884929.0319378376 0.1995789409
02155 1464884929.0754086971 0.1995789409
02156 1464884929.1242451668 0.1995789409
02157 1464884929.1683278084 0.1914386004
02158 1464884929.2149043083 0.1914386004
02159 1464884929.2613220215 0.1914386004
