00000 1461244280.2146675587 8.7928419113
00001 1461244280.2527308464 8.7928419113
00002 1461244280.2949929237 8.7928419113
00003 1461244280.3329660892 8.7928419113
00004 1461244280.3758831024 8.6828069687
00005 1461244280.4129500389 8.6828069687
00006 1461244280.4529461861 8.6828069687
00007 1461244280.4957756996 8.6828069687
00008 1461244280.5330443382 8.6828069687
00009 1461244280.5759823322 8.6828069687
00010 1461244280.6130509377 8.6828069687
00011 1461244280.6531393528 8.6828069687
00012 1461244280.6949470043 8.6828069687
00013 1461244280.7339065075 8.6828069687
00014 1461244280.7731678486 8.5747365952
00015 1461244280.8131496906 8.5747365952
00016 1461244280.8531484604 8.5747365952
00017 1461244280.8932259083 8.5747365952
00018 1461244280.9335019588 8.5747365952
00019 1461244280.9731807709 8.5747365952
00020 1461244281.0135571957 8.5747365952
00021 1461244281.0532279015 8.5747365952
00022 1461244281.0931372643 8.5747365952
00023 1461244281.1338407993 8.5747365952
00024 1461244281.1732244492 8.5747365952
00025 1461244281.2140440941 8.5747365952
00026 1461244281.2531640530 8.5747365952
00027 1461244281.2936053276 8.5747365952
00028 1461244281.3333129883 8.5747365952
00029 1461244281.3733701706 8.5747365952
00030 1461244281.4145162106 8.5747365952
00031 1461244281.4532709122 8.5747365952
00032 1461244281.4933288097 8.5747365952
00033 1461244281.5333781242 8.5747365952
00034 1461244281.5732946396 8.5747365952
00035 1461244281.6135118008 8.5747365952
00036 1461244281.6533966064 8.5747365952
00037 1461244281.6933889389 8.5747365952
00038 1461244281.7334296703 8.5747365952
00039 1461244281.7734425068 8.5747365952
00040 1461244281.8134918213 8.5747365952
00041 1461244281.8534545898 8.5747365952
00042 1461244281.8934051991 8.5747365952
00043 1461244281.9334433079 8.5747365952
00044 1461244281.9734997749 8.5747365952
00045 1461244282.0135281086 8.5747365952
00046 1461244282.0536029339 8.5747365952
00047 1461244282.0934734344 8.5747365952
00048 1461244282.1334807873 8.5747365952
00049 1461244282.1736555099 8.5747365952
00050 1461244282.2136044502 8.5747365952
00051 1461244282.2535886765 8.5747365952
00052 1461244282.2953264713 8.5747365952
00053 1461244282.3360598087 8.5747365952
00054 1461244282.3743948936 8.5747365952
00055 1461244282.4136533737 8.5747365952
00056 1461244282.4537119865 8.5747365952
00057 1461244282.4936029911 8.5747365952
00058 1461244282.5336041451 8.5747365952
00059 1461244282.5735485554 8.5747365952
00060 1461244282.6136507988 8.5747365952
00061 1461244282.6536636353 8.5747365952
00062 1461244282.6936306953 8.5747365952
00063 1461244282.7336666584 8.5747365952
00064 1461244282.7736723423 8.5747365952
00065 1461244282.8137307167 8.5747365952
00066 1461244282.8538339138 8.5747365952
00067 1461244282.8937814236 8.5747365952
00068 1461244282.9336421490 8.5747365952
00069 1461244282.9737544060 8.5747365952
00070 1461244283.0138182640 8.5747365952
00071 1461244283.0539796352 8.5747365952
00072 1461244283.0937249660 8.5747365952
00073 1461244283.1337852478 8.5747365952
00074 1461244283.1738204956 8.5747365952
00075 1461244283.2138214111 8.5747365952
00076 1461244283.2538356781 8.5747365952
00077 1461244283.2970259190 8.5747365952
00078 1461244283.3338489532 8.5747365952
00079 1461244283.3738856316 8.5747365952
00080 1461244283.4138748646 8.5747365952
00081 1461244283.4538490772 8.5747365952
00082 1461244283.4968385696 8.5747365952
00083 1461244283.5339581966 8.5747365952
00084 1461244283.5739612579 8.5747365952
00085 1461244283.6139600277 8.5747365952
00086 1461244283.6539955139 8.5747365952
00087 1461244283.6939718723 8.5747365952
00088 1461244283.7339844704 8.5747365952
00089 1461244283.7737731934 8.5747365952
00090 1461244283.8140327930 8.5747365952
00091 1461244283.8540432453 8.5747365952
00092 1461244283.8946945667 8.5747365952
00093 1461244283.9341423512 8.5747365952
00094 1461244283.9740343094 8.5747365952
00095 1461244284.0140700340 8.5747365952
00096 1461244284.0540931225 8.5747365952
00097 1461244284.0940396786 8.5747365952
00098 1461244284.1343204975 8.5747365952
00099 1461244284.1741170883 8.5747365952
00100 1461244284.2141423225 8.5747365952
00101 1461244284.2541377544 8.5747365952
00102 1461244284.2940797806 8.5747365952
00103 1461244284.3341941833 8.5747365952
00104 1461244284.3741452694 8.5747365952
00105 1461244284.4141528606 8.5747365952
00106 1461244284.4541797638 8.5747365952
00107 1461244284.4943838120 8.5747365952
00108 1461244284.5342893600 8.5747365952
00109 1461244284.5742247105 8.5747365952
00110 1461244284.6142740250 8.5747365952
00111 1461244284.6542778015 8.5747365952
00112 1461244284.6943211555 8.5747365952
00113 1461244284.7342972755 8.5747365952
00114 1461244284.7743709087 8.5747365952
00115 1461244284.8144006729 8.5747365952
00116 1461244284.8541753292 8.5747365952
00117 1461244284.8942937851 8.5747365952
00118 1461244284.9344391823 8.5747365952
00119 1461244284.9750142097 8.5747365952
00120 1461244285.0144324303 8.5747365952
00121 1461244285.0544004440 8.5747365952
00122 1461244285.0944678783 8.5747365952
00123 1461244285.1342744827 8.5747365952
00124 1461244285.1745200157 8.5747365952
00125 1461244285.2148647308 8.5747365952
00126 1461244285.2544677258 8.5747365952
00127 1461244285.2945175171 8.5747365952
00128 1461244285.3344821930 8.5747365952
00129 1461244285.3745281696 8.5747365952
00130 1461244285.4148969650 8.5747365952
00131 1461244285.4545526505 8.5747365952
00132 1461244285.4946019650 8.5747365952
00133 1461244285.5345878601 8.5747365952
00134 1461244285.5746235847 8.5747365952
00135 1461244285.6145842075 8.5747365952
00136 1461244285.6546299458 8.5747365952
00137 1461244285.6948413849 8.5747365952
00138 1461244285.7345986366 8.5747365952
00139 1461244285.7746343613 8.5747365952
00140 1461244285.8144359589 8.5747365952
00141 1461244285.8546578884 8.5747365952
00142 1461244285.8947110176 8.5747365952
00143 1461244285.9346358776 8.5747365952
00144 1461244285.9747567177 8.5747365952
00145 1461244286.0156633854 8.5747365952
00146 1461244286.0546169281 8.5747365952
00147 1461244286.0968525410 8.5747365952
00148 1461244286.1377608776 8.5747365952
00149 1461244286.1746749878 8.4676494598
00150 1461244286.2146759033 8.4676494598
00151 1461244286.2547430992 8.4676494598
00152 1461244286.2951841354 8.4676494598
00153 1461244286.3347492218 8.4676494598
00154 1461244286.3748219013 8.4676494598
00155 1461244286.4148333073 8.4676494598
00156 1461244286.4547603130 8.4676494598
00157 1461244286.4947922230 8.4676494598
00158 1461244286.5360054970 8.4676494598
00159 1461244286.5748727322 8.4676494598
00160 1461244286.6152093410 8.4676494598
00161 1461244286.6553070545 8.4676494598
00162 1461244286.6949665546 8.4676494598
00163 1461244286.7355129719 8.4676494598
00164 1461244286.7749660015 8.4676494598
00165 1461244286.8148806095 8.4676494598
00166 1461244286.8550088406 8.4676494598
00167 1461244286.8971033096 8.4676494598
00168 1461244286.9348998070 8.4676494598
00169 1461244286.9777870178 8.6008424759
00170 1461244287.0149033070 8.6008424759
00171 1461244287.0565545559 8.6008424759
00172 1461244287.0951504707 8.6008424759
00173 1461244287.1351039410 8.6008424759
00174 1461244287.1751883030 8.6008424759
00175 1461244287.2169806957 8.6008424759
00176 1461244287.2550122738 8.6008424759
00177 1461244287.2991392612 8.6008424759
00178 1461244287.3348920345 8.6008424759
00179 1461244287.3759479523 8.7100353241
00180 1461244287.4150872231 8.7100353241
00181 1461244287.4551057816 8.7100353241
00182 1461244287.4974577427 8.7100353241
00183 1461244287.5351765156 8.7100353241
00184 1461244287.5752375126 8.8172636032
00185 1461244287.6181640625 8.8172636032
00186 1461244287.6556463242 8.8172636032
00187 1461244287.6973772049 8.8172636032
00188 1461244287.7352299690 8.8172636032
00189 1461244287.7752153873 8.9254732132
00190 1461244287.8163027763 8.9254732132
00191 1461244287.8553135395 8.9254732132
00192 1461244287.8971869946 8.9254732132
00193 1461244287.9351828098 8.9254732132
00194 1461244287.9751448631 9.0627365112
00195 1461244288.0153222084 9.0627365112
00196 1461244288.0551781654 9.0627365112
00197 1461244288.0952730179 9.0627365112
00198 1461244288.1356797218 9.0627365112
00199 1461244288.1753747463 9.0627365112
00200 1461244288.2153477669 9.0627365112
00201 1461244288.2553851604 9.0627365112
00202 1461244288.2985563278 9.0627365112
00203 1461244288.3353409767 9.0627365112
00204 1461244288.3761832714 9.2919301987
00205 1461244288.4154639244 9.2919301987
00206 1461244288.4558064938 9.2919301987
00207 1461244288.4999411106 9.2919301987
00208 1461244288.5353205204 9.2919301987
00209 1461244288.5754809380 9.5070877075
00210 1461244288.6170420647 9.5070877075
00211 1461244288.6555309296 9.5070877075
00212 1461244288.6978793144 9.5070877075
00213 1461244288.7355258465 9.5070877075
00214 1461244288.7754714489 9.8412628174
00215 1461244288.8154542446 9.8412628174
00216 1461244288.8554663658 9.8412628174
00217 1461244288.8979742527 9.8412628174
00218 1461244288.9355351925 9.8412628174
00219 1461244288.9773252010 10.2624559402
00220 1461244289.0156300068 10.2624559402
00221 1461244289.0555758476 10.2624559402
00222 1461244289.0976045132 10.2624559402
00223 1461244289.1356151104 10.2624559402
00224 1461244289.1756389141 10.7566318512
00225 1461244289.2156567574 10.7566318512
00226 1461244289.2556021214 10.7566318512
00227 1461244289.3011755943 10.7566318512
00228 1461244289.3355062008 10.7566318512
00229 1461244289.3762497902 11.2888422012
00230 1461244289.4155128002 11.2888422012
00231 1461244289.4557044506 11.2888422012
00232 1461244289.4973914623 11.2888422012
00233 1461244289.5356483459 11.2888422012
00234 1461244289.5757782459 11.9180355072
00235 1461244289.6157286167 11.9180355072
00236 1461244289.6571850777 11.9180355072
00237 1461244289.6989572048 11.9180355072
00238 1461244289.7357394695 11.9180355072
00239 1461244289.7758073807 12.8451929092
00240 1461244289.8159437180 12.8451929092
00241 1461244289.8559792042 12.8451929092
00242 1461244289.8983073235 12.8451929092
00243 1461244289.9359607697 12.8451929092
00244 1461244289.9758086205 13.8794384003
00245 1461244290.0158731937 13.8794384003
00246 1461244290.0559337139 13.8794384003
00247 1461244290.0976567268 13.8794384003
00248 1461244290.1358029842 13.8794384003
00249 1461244290.1759853363 14.8346662521
00250 1461244290.2160029411 14.8346662521
00251 1461244290.2559647560 14.8346662521
00252 1461244290.2981958389 14.8346662521
00253 1461244290.3362247944 14.8346662521
00254 1461244290.3757014275 15.5508775711
00255 1461244290.4160935879 15.5508775711
00256 1461244290.4560194016 15.5508775711
00257 1461244290.4960525036 15.5508775711
00258 1461244290.5372533798 15.5508775711
00259 1461244290.5762319565 15.5508775711
00260 1461244290.6164135933 15.5508775711
00261 1461244290.6559240818 15.5508775711
00262 1461244290.6983015537 15.5487718582
00263 1461244290.7361383438 15.5487718582
00264 1461244290.7761273384 15.5487718582
00265 1461244290.8161556721 15.5487718582
00266 1461244290.8561432362 15.5487718582
00267 1461244290.8985931873 15.5487718582
00268 1461244290.9362123013 15.5487718582
00269 1461244290.9762451649 15.1597194672
00270 1461244291.0163996220 15.1597194672
00271 1461244291.0561761856 15.1597194672
00272 1461244291.0984270573 15.1597194672
00273 1461244291.1371464729 15.1597194672
00274 1461244291.1769585609 14.5416135788
00275 1461244291.2161958218 14.5416135788
00276 1461244291.2562634945 14.5416135788
00277 1461244291.2986378670 14.5416135788
00278 1461244291.3362026215 14.5416135788
00279 1461244291.3790404797 13.7564916611
00280 1461244291.4163584709 13.7564916611
00281 1461244291.4563202858 13.7564916611
00282 1461244291.4986979961 13.7564916611
00283 1461244291.5363221169 13.7564916611
00284 1461244291.5766417980 12.7233686447
00285 1461244291.6195323467 12.7233686447
00286 1461244291.6569766998 12.7233686447
00287 1461244291.6986536980 12.7233686447
00288 1461244291.7364215851 12.7233686447
00289 1461244291.7764904499 11.6133337021
00290 1461244291.8167409897 11.6133337021
00291 1461244291.8566975594 11.6133337021
00292 1461244291.8994832039 11.6133337021
00293 1461244291.9369645119 11.6133337021
00294 1461244291.9767947197 10.6682109833
00295 1461244292.0163776875 10.6682109833
00296 1461244292.0564315319 10.6682109833
00297 1461244292.0989248753 10.6682109833
00298 1461244292.1365141869 10.6682109833
00299 1461244292.1765398979 9.8261051178
00300 1461244292.2165601254 9.8261051178
00301 1461244292.2565445900 9.8261051178
00302 1461244292.2991347313 9.8261051178
00303 1461244292.3365778923 9.8261051178
00304 1461244292.3765776157 9.2329826355
00305 1461244292.4166374207 9.2329826355
00306 1461244292.4566276073 9.2329826355
00307 1461244292.4991114140 9.2329826355
00308 1461244292.5365970135 9.2329826355
00309 1461244292.5766928196 8.8568420410
00310 1461244292.6166312695 8.8568420410
00311 1461244292.6591527462 8.8568420410
00312 1461244292.6967639923 8.8568420410
00313 1461244292.7366142273 8.8568420410
00314 1461244292.7767453194 8.8568420410
00315 1461244292.8167123795 8.8568420410
00316 1461244292.8566811085 8.8568420410
00317 1461244292.8969748020 8.8568420410
00318 1461244292.9367442131 8.8568420410
00319 1461244292.9767777920 8.8568420410
00320 1461244293.0178523064 8.8568420410
00321 1461244293.0568227768 8.8568420410
00322 1461244293.0969047546 8.8568420410
00323 1461244293.1368710995 8.8568420410
00324 1461244293.1773283482 8.8568420410
00325 1461244293.2169146538 8.8568420410
00326 1461244293.2576365471 8.8568420410
00327 1461244293.2968676090 8.8568420410
00328 1461244293.3381707668 8.8568420410
00329 1461244293.3785119057 8.8568420410
00330 1461244293.4174058437 8.8568420410
00331 1461244293.4568409920 8.8568420410
00332 1461244293.4976372719 8.8568420410
00333 1461244293.5380403996 8.8568420410
00334 1461244293.5768737793 8.8568420410
00335 1461244293.6169047356 8.8568420410
00336 1461244293.6569855213 8.8568420410
00337 1461244293.6969652176 8.8568420410
00338 1461244293.7369544506 8.8568420410
00339 1461244293.7769246101 8.8568420410
00340 1461244293.8169791698 8.8568420410
00341 1461244293.8569788933 8.8568420410
00342 1461244293.8970086575 8.8568420410
00343 1461244293.9380438328 8.8568420410
00344 1461244293.9770293236 8.8568420410
00345 1461244294.0171079636 8.8568420410
00346 1461244294.0570094585 8.8568420410
00347 1461244294.0989713669 8.8568420410
00348 1461244294.1370959282 8.8568420410
00349 1461244294.1770784855 8.5027370453
00350 1461244294.2171120644 8.5027370453
00351 1461244294.2600378990 8.5027370453
00352 1461244294.2987611294 8.5027370453
00353 1461244294.3375663757 8.5027370453
00354 1461244294.3772273064 8.1296844482
00355 1461244294.4171984196 8.1296844482
00356 1461244294.4575822353 8.1296844482
00357 1461244294.4992535114 8.1296844482
00358 1461244294.5372171402 8.1296844482
00359 1461244294.5772600174 7.8085613251
00360 1461244294.6172409058 7.8085613251
00361 1461244294.6572985649 7.8085613251
00362 1461244294.6998350620 7.8085613251
00363 1461244294.7373352051 7.8085613251
00364 1461244294.7776539326 7.4675087929
00365 1461244294.8173019886 7.4675087929
00366 1461244294.8572633266 7.4675087929
00367 1461244294.9015336037 7.4675087929
00368 1461244294.9374275208 7.4675087929
00369 1461244294.9773883820 7.1084914207
00370 1461244295.0174028873 7.1084914207
00371 1461244295.0572638512 7.1084914207
00372 1461244295.0996215343 7.1084914207
00373 1461244295.1400027275 7.1084914207
00374 1461244295.1774861813 6.7884912491
00375 1461244295.2180187702 6.7884912491
00376 1461244295.2586004734 6.7884912491
00377 1461244295.3026413918 6.7884912491
00378 1461244295.3374810219 6.7884912491
00379 1461244295.3774840832 6.5244913101
00380 1461244295.4202966690 6.5244913101
00381 1461244295.4581224918 6.5244913101
00382 1461244295.4999852180 6.5244913101
00383 1461244295.5375301838 6.5244913101
00384 1461244295.5775260925 6.2614736557
00385 1461244295.6176192760 6.2614736557
00386 1461244295.6582801342 6.2614736557
00387 1461244295.7000327110 6.2614736557
00388 1461244295.7385475636 6.2614736557
00389 1461244295.7802083492 6.0193686485
00390 1461244295.8179337978 6.0193686485
00391 1461244295.8576312065 6.0193686485
00392 1461244295.8999056816 6.0193686485
00393 1461244295.9376602173 6.0193686485
00394 1461244295.9777467251 5.8332629204
00395 1461244296.0177574158 5.8332629204
00396 1461244296.0579791069 5.8332629204
00397 1461244296.0998561382 5.8332629204
00398 1461244296.1376347542 5.8332629204
00399 1461244296.1776182652 5.6922106743
00400 1461244296.2176432610 5.6922106743
00401 1461244296.2578468323 5.6922106743
00402 1461244296.3001258373 5.6922106743
00403 1461244296.3377118111 5.6922106743
00404 1461244296.3779559135 5.5911579132
00405 1461244296.4176890850 5.5911579132
00406 1461244296.4577286243 5.5911579132
00407 1461244296.4978909492 5.5911579132
00408 1461244296.5378050804 5.5911579132
00409 1461244296.5778625011 5.5911579132
00410 1461244296.6177701950 5.5911579132
00411 1461244296.6577849388 5.5911579132
00412 1461244296.7002372742 5.5911579132
00413 1461244296.7377920151 5.5911579132
00414 1461244296.7812337875 5.4961404800
00415 1461244296.8178825378 5.4961404800
00416 1461244296.8579227924 5.4961404800
00417 1461244296.9000771046 5.4961404800
00418 1461244296.9378602505 5.3820352554
00419 1461244296.9778070450 5.3820352554
00420 1461244297.0179221630 5.3820352554
00421 1461244297.0586159229 5.3820352554
00422 1461244297.1015720367 5.3820352554
00423 1461244297.1382172108 5.3820352554
00424 1461244297.1779735088 5.2339649200
00425 1461244297.2179205418 5.2339649200
00426 1461244297.2588744164 5.2339649200
00427 1461244297.3000845909 5.2339649200
00428 1461244297.3379867077 5.2339649200
00429 1461244297.3780815601 5.0658245087
00430 1461244297.4180808067 5.0658245087
00431 1461244297.4580140114 5.0658245087
00432 1461244297.5043780804 5.0658245087
00433 1461244297.5380628109 5.0658245087
00434 1461244297.5781002045 4.8816843033
00435 1461244297.6180534363 4.8816843033
00436 1461244297.6580989361 4.8816843033
00437 1461244297.6998977661 4.8816843033
00438 1461244297.7381036282 4.8816843033
00439 1461244297.7782027721 4.6795787811
00440 1461244297.8181152344 4.6795787811
00441 1461244297.8582932949 4.6795787811
00442 1461244297.9053852558 4.6795787811
00443 1461244297.9381110668 4.6795787811
00444 1461244297.9782996178 4.4755086899
00445 1461244298.0183238983 4.4755086899
00446 1461244298.0583009720 4.4755086899
00447 1461244298.1049687862 4.4755086899
00448 1461244298.1389458179 4.4755086899
00449 1461244298.1783330441 4.2244210243
00450 1461244298.2183885574 4.2244210243
00451 1461244298.2585625648 4.2244210243
00452 1461244298.3011548519 4.2244210243
00453 1461244298.3384015560 4.2244210243
00454 1461244298.3782954216 3.9253332615
00455 1461244298.4184441566 3.9253332615
00456 1461244298.4584696293 3.9253332615
00457 1461244298.5006537437 3.9253332615
00458 1461244298.5383641720 3.9253332615
00459 1461244298.5783655643 3.6371929646
00460 1461244298.6184170246 3.6371929646
00461 1461244298.6584088802 3.6371929646
00462 1461244298.7007155418 3.6371929646
00463 1461244298.7385349274 3.6371929646
00464 1461244298.7814874649 3.3480701447
00465 1461244298.8184514046 3.3480701447
00466 1461244298.8585560322 3.3480701447
00467 1461244298.9005274773 3.3480701447
00468 1461244298.9388818741 3.3480701447
00469 1461244298.9785139561 3.0669474602
00470 1461244299.0213844776 3.0669474602
00471 1461244299.0586493015 3.0669474602
00472 1461244299.1002011299 3.0669474602
00473 1461244299.1393365860 3.0669474602
00474 1461244299.1786382198 2.7709474564
00475 1461244299.2186946869 2.7709474564
00476 1461244299.2586555481 2.7709474564
00477 1461244299.3036615849 2.7709474564
00478 1461244299.3386943340 2.7709474564
00479 1461244299.3786883354 2.4958596230
00480 1461244299.4202356339 2.4958596230
00481 1461244299.4586927891 2.4958596230
00482 1461244299.5014665127 2.4958596230
00483 1461244299.5386972427 2.4958596230
00484 1461244299.5787758827 2.2318596840
00485 1461244299.6187446117 2.2318596840
00486 1461244299.6589229107 2.2318596840
00487 1461244299.7007975578 2.2318596840
00488 1461244299.7387049198 2.2318596840
00489 1461244299.7787895203 1.9967719316
00490 1461244299.8189549446 1.9967719316
00491 1461244299.8589587212 1.9967719316
00492 1461244299.9019346237 1.9967719316
00493 1461244299.9388608932 1.9967719316
00494 1461244299.9788854122 1.7796491385
00495 1461244300.0199689865 1.7796491385
00496 1461244300.0589146614 1.7796491385
00497 1461244300.1007697582 1.7796491385
00498 1461244300.1387650967 1.7796491385
00499 1461244300.1789290905 1.5806316137
00500 1461244300.2188687325 1.5806316137
00501 1461244300.2616522312 1.5806316137
00502 1461244300.3010942936 1.5806316137
00503 1461244300.3389096260 1.5806316137
00504 1461244300.3788912296 1.3964911699
00505 1461244300.4189808369 1.3964911699
00506 1461244300.4589200020 1.3964911699
00507 1461244300.5016095638 1.3964911699
00508 1461244300.5390551090 1.3964911699
00509 1461244300.5790636539 1.2284911871
00510 1461244300.6190447807 1.2284911871
00511 1461244300.6590399742 1.2284911871
00512 1461244300.7009615898 1.2284911871
00513 1461244300.7391097546 1.2284911871
00514 1461244300.7790834904 1.0814034939
00515 1461244300.8190975189 1.0814034939
00516 1461244300.8591265678 1.0814034939
00517 1461244300.9012758732 1.0814034939
00518 1461244300.9392101765 1.0814034939
00519 1461244300.9791452885 0.9633684158
00520 1461244301.0191407204 0.9633684158
00521 1461244301.0591657162 0.9633684158
00522 1461244301.1045165062 0.9633684158
00523 1461244301.1392436028 0.9633684158
00524 1461244301.1792168617 0.8712982535
00525 1461244301.2192006111 0.8712982535
00526 1461244301.2592198849 0.8712982535
00527 1461244301.3012452126 0.8712982535
00528 1461244301.3403151035 0.8712982535
00529 1461244301.3793103695 0.7992982268
00530 1461244301.4192633629 0.7992982268
00531 1461244301.4594027996 0.7992982268
00532 1461244301.5013842583 0.7992982268
00533 1461244301.5393142700 0.7992982268
00534 1461244301.5792801380 0.7482105494
00535 1461244301.6193048954 0.7482105494
00536 1461244301.6593475342 0.7482105494
00537 1461244301.7021529675 0.7482105494
00538 1461244301.7393841743 0.7482105494
00539 1461244301.7793781757 0.7141052485
00540 1461244301.8193712234 0.7141052485
00541 1461244301.8594973087 0.7141052485
00542 1461244301.9019706249 0.7141052485
00543 1461244301.9394192696 0.7141052485
00544 1461244301.9794399738 0.6920701861
00545 1461244302.0194866657 0.6920701861
00546 1461244302.0593004227 0.6920701861
00547 1461244302.0994753838 0.6920701861
00548 1461244302.1395268440 0.6920701861
00549 1461244302.1795320511 0.6920701861
00550 1461244302.2198047638 0.6920701861
00551 1461244302.2595484257 0.6920701861
00552 1461244302.3012812138 0.6920701861
00553 1461244302.3395271301 0.6920701861
00554 1461244302.3795440197 0.6920701861
00555 1461244302.4195692539 0.6920701861
00556 1461244302.4595592022 0.6920701861
00557 1461244302.4996557236 0.6920701861
00558 1461244302.5395359993 0.6920701861
00559 1461244302.5795578957 0.6920701861
00560 1461244302.6195559502 0.6920701861
00561 1461244302.6595432758 0.6920701861
00562 1461244302.7041308880 0.6920701861
00563 1461244302.7395792007 0.6920701861
00564 1461244302.7796392441 0.6770526171
00565 1461244302.8199026585 0.6770526171
00566 1461244302.8597557545 0.6770526171
00567 1461244302.8997457027 0.6770526171
00568 1461244302.9397797585 0.6770526171
00569 1461244302.9798624516 0.6770526171
00570 1461244303.0197985172 0.6770526171
00571 1461244303.0598108768 0.6770526171
00572 1461244303.1024932861 0.6770526171
00573 1461244303.1399772167 0.6770526171
00574 1461244303.1798174381 0.6610526443
00575 1461244303.2198174000 0.6610526443
00576 1461244303.2597455978 0.6610526443
00577 1461244303.3019402027 0.6610526443
00578 1461244303.3399510384 0.6610526443
00579 1461244303.3798010349 0.6439298391
00580 1461244303.4199264050 0.6439298391
00581 1461244303.4599194527 0.6439298391
00582 1461244303.5025172234 0.6439298391
00583 1461244303.5399532318 0.6439298391
00584 1461244303.5799806118 0.6248421073
00585 1461244303.6201007366 0.6248421073
00586 1461244303.6601336002 0.6248421073
00587 1461244303.7026221752 0.6248421073
00588 1461244303.7400560379 0.6248421073
00589 1461244303.7798938751 0.6008421183
00590 1461244303.8203334808 0.6008421183
00591 1461244303.8600244522 0.6008421183
00592 1461244303.9027771950 0.6008421183
00593 1461244303.9400017262 0.6008421183
00594 1461244303.9800691605 0.5677192807
00595 1461244304.0200529099 0.5677192807
00596 1461244304.0600612164 0.5677192807
00597 1461244304.1026010513 0.5677192807
00598 1461244304.1400458813 0.5677192807
00599 1461244304.1807091236 0.5287017822
00600 1461244304.2200996876 0.5287017822
00601 1461244304.2598991394 0.5287017822
00602 1461244304.3026494980 0.5287017822
00603 1461244304.3401875496 0.5287017822
00604 1461244304.3801851273 0.4856140316
00605 1461244304.4201982021 0.4856140316
00606 1461244304.4608771801 0.4856140316
00607 1461244304.5021553040 0.4856140316
00608 1461244304.5407400131 0.4856140316
00609 1461244304.5805826187 0.4395789504
00610 1461244304.6201696396 0.4395789504
00611 1461244304.6602602005 0.4395789504
00612 1461244304.7019624710 0.4395789504
00613 1461244304.7402584553 0.4395789504
00614 1461244304.7803215981 0.3935438693
00615 1461244304.8206262589 0.3935438693
00616 1461244304.8602819443 0.3935438693
00617 1461244304.9018559456 0.3935438693
00618 1461244304.9402394295 0.3935438693
00619 1461244304.9802720547 0.3504561484
00620 1461244305.0203671455 0.3504561484
00621 1461244305.0603859425 0.3504561484
00622 1461244305.1022472382 0.3504561484
00623 1461244305.1422736645 0.3504561484
00624 1461244305.1803214550 0.3124210536
00625 1461244305.2203352451 0.3124210536
00626 1461244305.2604713440 0.3124210536
00627 1461244305.3028743267 0.3124210536
00628 1461244305.3411860466 0.3124210536
00629 1461244305.3803312778 0.2783157825
00630 1461244305.4204201698 0.2783157825
00631 1461244305.4604682922 0.2783157825
00632 1461244305.5023210049 0.2783157825
00633 1461244305.5406892300 0.2783157825
00634 1461244305.5806968212 0.2502456009
00635 1461244305.6204512119 0.2502456009
00636 1461244305.6609084606 0.2502456009
00637 1461244305.7028987408 0.2502456009
00638 1461244305.7405629158 0.2502456009
00639 1461244305.7805094719 0.2272280753
00640 1461244305.8205845356 0.2272280753
00641 1461244305.8606331348 0.2272280753
00642 1461244305.9033746719 0.2272280753
00643 1461244305.9406695366 0.2272280753
00644 1461244305.9806585312 0.2091228068
00645 1461244306.0206348896 0.2091228068
00646 1461244306.0606293678 0.2091228068
00647 1461244306.1032578945 0.2091228068
00648 1461244306.1407206059 0.2091228068
00649 1461244306.1805942059 0.1950877160
00650 1461244306.2206804752 0.1950877160
00651 1461244306.2606961727 0.1950877160
00652 1461244306.3030781746 0.1950877160
00653 1461244306.3407704830 0.1950877160
00654 1461244306.3806734085 0.1830175370
00655 1461244306.4207019806 0.1830175370
00656 1461244306.4607245922 0.1830175370
00657 1461244306.5025920868 0.1830175370
00658 1461244306.5408027172 0.1830175370
00659 1461244306.5823357105 0.1699649096
00660 1461244306.6207864285 0.1699649096
00661 1461244306.6633162498 0.1699649096
00662 1461244306.7037732601 0.1699649096
00663 1461244306.7408657074 0.1699649096
00664 1461244306.7808005810 0.1598596424
00665 1461244306.8209426403 0.1598596424
00666 1461244306.8608522415 0.1598596424
00667 1461244306.9027957916 0.1598596424
00668 1461244306.9409348965 0.1598596424
00669 1461244306.9809393883 0.1517193019
00670 1461244307.0209488869 0.1517193019
00671 1461244307.0609745979 0.1517193019
00672 1461244307.1031942368 0.1517193019
00673 1461244307.1409842968 0.1517193019
00674 1461244307.1809122562 0.1466666609
00675 1461244307.2209796906 0.1466666609
00676 1461244307.2610628605 0.1466666609
00677 1461244307.3035297394 0.1466666609
00678 1461244307.3410046101 0.1466666609
00679 1461244307.3809602261 0.1425964981
00680 1461244307.4209537506 0.1425964981
00681 1461244307.4611120224 0.1425964981
00682 1461244307.5031726360 0.1425964981
00683 1461244307.5411880016 0.1425964981
00684 1461244307.5810887814 0.1528421044
00685 1461244307.6211750507 0.1528421044
00686 1461244307.6610519886 0.1528421044
00687 1461244307.7036001682 0.1528421044
00688 1461244307.7410857677 0.1528421044
00689 1461244307.7811472416 0.1630877256
00690 1461244307.8211915493 0.1630877256
00691 1461244307.8613109589 0.1630877256
00692 1461244307.9035212994 0.1630877256
00693 1461244307.9412341118 0.1630877256
00694 1461244307.9811568260 0.1743157953
00695 1461244308.0211708546 0.1743157953
00696 1461244308.0612015724 0.1743157953
00697 1461244308.1028463840 0.1743157953
00698 1461244308.1441469193 0.1743157953
00699 1461244308.1810381413 0.1865263134
00700 1461244308.2214298248 0.1865263134
00701 1461244308.2612438202 0.1865263134
00702 1461244308.3038532734 0.1865263134
00703 1461244308.3414533138 0.1865263134
00704 1461244308.3812477589 0.1977543831
00705 1461244308.4213507175 0.1977543831
00706 1461244308.4615111351 0.1977543831
00707 1461244308.5053668022 0.1977543831
00708 1461244308.5414202213 0.1977543831
00709 1461244308.5814917088 0.2089824528
00710 1461244308.6214041710 0.2089824528
00711 1461244308.6617572308 0.2089824528
00712 1461244308.7013764381 0.2089824528
00713 1461244308.7414808273 0.2089824528
00714 1461244308.7814776897 0.2089824528
00715 1461244308.8214850426 0.2089824528
00716 1461244308.8615226746 0.2089824528
00717 1461244308.9014739990 0.2089824528
00718 1461244308.9415104389 0.2089824528
00719 1461244308.9815554619 0.2089824528
00720 1461244309.0215244293 0.2089824528
00721 1461244309.0615041256 0.2089824528
00722 1461244309.1014776230 0.2089824528
00723 1461244309.1415040493 0.2089824528
00724 1461244309.1840305328 0.2089824528
00725 1461244309.2216560841 0.2089824528
00726 1461244309.2613747120 0.2089824528
00727 1461244309.3015048504 0.2089824528
00728 1461244309.3416721821 0.2089824528
00729 1461244309.3815724850 0.2089824528
00730 1461244309.4215691090 0.2089824528
00731 1461244309.4615900517 0.2089824528
00732 1461244309.5016314983 0.2089824528
00733 1461244309.5416512489 0.2089824528
00734 1461244309.5840179920 0.2089824528
00735 1461244309.6217052937 0.2089824528
00736 1461244309.6616859436 0.2089824528
00737 1461244309.7015786171 0.2089824528
00738 1461244309.7417712212 0.2089824528
00739 1461244309.7817232609 0.2089824528
00740 1461244309.8217806816 0.2089824528
00741 1461244309.8617572784 0.2089824528
00742 1461244309.9036893845 0.2089824528
00743 1461244309.9417221546 0.2089824528
00744 1461244309.9817535877 0.2078596503
00745 1461244310.0218062401 0.2078596503
00746 1461244310.0618090630 0.2078596503
00747 1461244310.1037313938 0.2078596503
00748 1461244310.1416573524 0.2078596503
00749 1461244310.1816940308 0.2078596503
00750 1461244310.2218925953 0.2078596503
00751 1461244310.2618341446 0.2078596503
00752 1461244310.3019032478 0.2078596503
00753 1461244310.3419439793 0.2078596503
00754 1461244310.3818717003 0.2078596503
00755 1461244310.4218831062 0.2078596503
00756 1461244310.4619832039 0.2078596503
00757 1461244310.5019512177 0.2078596503
00758 1461244310.5420420170 0.2078596503
00759 1461244310.5820970535 0.2078596503
00760 1461244310.6219060421 0.2078596503
00761 1461244310.6619908810 0.2078596503
00762 1461244310.7038865089 0.2078596503
00763 1461244310.7419939041 0.2078596503
00764 1461244310.7820022106 0.2190877199
00765 1461244310.8221213818 0.2190877199
00766 1461244310.8619723320 0.2190877199
00767 1461244310.9043629169 0.2190877199
00768 1461244310.9420788288 0.2190877199
00769 1461244310.9820785522 0.2293333262
00770 1461244311.0248835087 0.2293333262
00771 1461244311.0620653629 0.2293333262
00772 1461244311.1042478085 0.2293333262
00773 1461244311.1421711445 0.2293333262
00774 1461244311.1821804047 0.2395789474
00775 1461244311.2220721245 0.2395789474
00776 1461244311.2621953487 0.2395789474
00777 1461244311.3047235012 0.2395789474
00778 1461244311.3425621986 0.2395789474
00779 1461244311.3837642670 0.2508070171
00780 1461244311.4222440720 0.2508070171
00781 1461244311.4622082710 0.2508070171
00782 1461244311.5044329166 0.2508070171
00783 1461244311.5423061848 0.2508070171
00784 1461244311.5822882652 0.2620351017
00785 1461244311.6223449707 0.2620351017
00786 1461244311.6623578072 0.2620351017
00787 1461244311.7051169872 0.2620351017
00788 1461244311.7423958778 0.2620351017
00789 1461244311.7825038433 0.2732631564
00790 1461244311.8223211765 0.2732631564
00791 1461244311.8624601364 0.2732631564
00792 1461244311.9046645164 0.2732631564
00793 1461244311.9423146248 0.2732631564
00794 1461244311.9829306602 0.2844912410
00795 1461244312.0226495266 0.2844912410
00796 1461244312.0625293255 0.2844912410
00797 1461244312.1047384739 0.2844912410
00798 1461244312.1424860954 0.2844912410
00799 1461244312.1824939251 0.2976842225
00800 1461244312.2228944302 0.2976842225
00801 1461244312.2625894547 0.2976842225
00802 1461244312.3052837849 0.2976842225
00803 1461244312.3424537182 0.2976842225
00804 1461244312.3831505775 0.3098947406
00805 1461244312.4225001335 0.3098947406
00806 1461244312.4632651806 0.3098947406
00807 1461244312.5049390793 0.3098947406
00808 1461244312.5423810482 0.3098947406
00809 1461244312.5854554176 0.3250526190
00810 1461244312.6225943565 0.3250526190
00811 1461244312.6627757549 0.3250526190
00812 1461244312.7047722340 0.3250526190
00813 1461244312.7427291870 0.3250526190
00814 1461244312.7826290131 0.3402105272
00815 1461244312.8224582672 0.3402105272
00816 1461244312.8626809120 0.3402105272
00817 1461244312.9044427872 0.3402105272
00818 1461244312.9426329136 0.3402105272
00819 1461244312.9828162193 0.3553684354
00820 1461244313.0226373672 0.3553684354
00821 1461244313.0654726028 0.3553684354
00822 1461244313.1043217182 0.3553684354
00823 1461244313.1427156925 0.3553684354
00824 1461244313.1830337048 0.3695438504
00825 1461244313.2229070663 0.3695438504
00826 1461244313.2656898499 0.3695438504
00827 1461244313.3044824600 0.3695438504
00828 1461244313.3428335190 0.3695438504
00829 1461244313.3827912807 0.3856842220
00830 1461244313.4228250980 0.3856842220
00831 1461244313.4634461403 0.3856842220
00832 1461244313.5045104027 0.3856842220
00833 1461244313.5428440571 0.3856842220
00834 1461244313.5828621387 0.4068771899
00835 1461244313.6229369640 0.4068771899
00836 1461244313.6629958153 0.4068771899
00837 1461244313.7057316303 0.4068771899
00838 1461244313.7428729534 0.4068771899
00839 1461244313.7828660011 0.4360701740
00840 1461244313.8229441643 0.4360701740
00841 1461244313.8644440174 0.4360701740
00842 1461244313.9050765038 0.4360701740
00843 1461244313.9431955814 0.4360701740
00844 1461244313.9830806255 0.4742456079
00845 1461244314.0237565041 0.4742456079
00846 1461244314.0633845329 0.4742456079
00847 1461244314.1051528454 0.4742456079
00848 1461244314.1431000233 0.4742456079
00849 1461244314.1837396622 0.5204210281
00850 1461244314.2231171131 0.5204210281
00851 1461244314.2643198967 0.5204210281
00852 1461244314.3048517704 0.5204210281
00853 1461244314.3431844711 0.5204210281
00854 1461244314.3831322193 0.5745964646
00855 1461244314.4231500626 0.5745964646
00856 1461244314.4641025066 0.5745964646
00857 1461244314.5055661201 0.5745964646
00858 1461244314.5432367325 0.5745964646
00859 1461244314.5839297771 0.6357894540
00860 1461244314.6232097149 0.6357894540
00861 1461244314.6631822586 0.6357894540
00862 1461244314.7053670883 0.6357894540
00863 1461244314.7433247566 0.6357894540
00864 1461244314.7832763195 0.6979649067
00865 1461244314.8233416080 0.6979649067
00866 1461244314.8640882969 0.6979649067
00867 1461244314.9053616524 0.6979649067
00868 1461244314.9433326721 0.6979649067
00869 1461244314.9832916260 0.7642105222
00870 1461244315.0233185291 0.7642105222
00871 1461244315.0640120506 0.7642105222
00872 1461244315.1067316532 0.7642105222
00873 1461244315.1432948112 0.7642105222
00874 1461244315.1833612919 0.8324210644
00875 1461244315.2233703136 0.8324210644
00876 1461244315.2630836964 0.8324210644
00877 1461244315.3060555458 0.8324210644
00878 1461244315.3441336155 0.8324210644
00879 1461244315.3833518028 0.8976842165
00880 1461244315.4234459400 0.8976842165
00881 1461244315.4634580612 0.8976842165
00882 1461244315.5056552887 0.8976842165
00883 1461244315.5435094833 0.8976842165
00884 1461244315.5834925175 0.9569122791
00885 1461244315.6235353947 0.9569122791
00886 1461244315.6634998322 0.9569122791
00887 1461244315.7060360909 0.9569122791
00888 1461244315.7435002327 0.9569122791
00889 1461244315.7834508419 1.0110877752
00890 1461244315.8234734535 1.0110877752
00891 1461244315.8635931015 1.0110877752
00892 1461244315.9064939022 1.0110877752
00893 1461244315.9435741901 1.0110877752
00894 1461244315.9835460186 1.0592280626
00895 1461244316.0235748291 1.0592280626
00896 1461244316.0636148453 1.0592280626
00897 1461244316.1061027050 1.0592280626
00898 1461244316.1436688900 1.0592280626
00899 1461244316.1836066246 1.0995087624
00900 1461244316.2244369984 1.0995087624
00901 1461244316.2634429932 1.0995087624
00902 1461244316.3061089516 1.0995087624
00903 1461244316.3438117504 1.0995087624
00904 1461244316.3837530613 1.1396491528
00905 1461244316.4238033295 1.1396491528
00906 1461244316.4636578560 1.1396491528
00907 1461244316.5055241585 1.1396491528
00908 1461244316.5437045097 1.1396491528
00909 1461244316.5837655067 1.1658947468
00910 1461244316.6237082481 1.1658947468
00911 1461244316.6642246246 1.1658947468
00912 1461244316.7038140297 1.1658947468
00913 1461244316.7437670231 1.1658947468
00914 1461244316.7838966846 1.1658947468
00915 1461244316.8237824440 1.1658947468
00916 1461244316.8638746738 1.1658947468
00917 1461244316.9036691189 1.1658947468
00918 1461244316.9439170361 1.1658947468
00919 1461244316.9838621616 1.1658947468
00920 1461244317.0254056454 1.1658947468
00921 1461244317.0643177032 1.1658947468
00922 1461244317.1058454514 1.1658947468
00923 1461244317.1439588070 1.1658947468
00924 1461244317.1839697361 1.1931228638
00925 1461244317.2240078449 1.1931228638
00926 1461244317.2646820545 1.1931228638
00927 1461244317.3058495522 1.1931228638
00928 1461244317.3450176716 1.1931228638
00929 1461244317.3839774132 1.2223157883
00930 1461244317.4252600670 1.2223157883
00931 1461244317.4640035629 1.2223157883
00932 1461244317.5056543350 1.2223157883
00933 1461244317.5440607071 1.2223157883
00934 1461244317.5840737820 1.2595087290
00935 1461244317.6240885258 1.2595087290
00936 1461244317.6640646458 1.2595087290
00937 1461244317.7057008743 1.2595087290
00938 1461244317.7448160648 1.2595087290
00939 1461244317.7847094536 1.3047018051
00940 1461244317.8240802288 1.3047018051
00941 1461244317.8640980721 1.3047018051
00942 1461244317.9082324505 1.3047018051
00943 1461244317.9440655708 1.3047018051
00944 1461244317.9842259884 1.3668771982
00945 1461244318.0247340202 1.3668771982
00946 1461244318.0642309189 1.3668771982
00947 1461244318.1059489250 1.3668771982
00948 1461244318.1442725658 1.3668771982
00949 1461244318.1842722893 1.4491227865
00950 1461244318.2273290157 1.4491227865
00951 1461244318.2641324997 1.4491227865
00952 1461244318.3070518970 1.4491227865
00953 1461244318.3443286419 1.4491227865
00954 1461244318.3843076229 1.5694035292
00955 1461244318.4244024754 1.5694035292
00956 1461244318.4643752575 1.5694035292
00957 1461244318.5080251694 1.5694035292
00958 1461244318.5446181297 1.5694035292
00959 1461244318.5844645500 1.7215439081
00960 1461244318.6244621277 1.7215439081
00961 1461244318.6653139591 1.7215439081
00962 1461244318.7066986561 1.7215439081
00963 1461244318.7445151806 1.7215439081
00964 1461244318.7843863964 1.9087718725
00965 1461244318.8245320320 1.9087718725
00966 1461244318.8645300865 1.9087718725
00967 1461244318.9069020748 1.9087718725
00968 1461244318.9445600510 1.9087718725
00969 1461244318.9845979214 2.1119999886
00970 1461244319.0245788097 2.1119999886
00971 1461244319.0654783249 2.1119999886
00972 1461244319.1069133282 2.1119999886
00973 1461244319.1446175575 2.1119999886
00974 1461244319.1846368313 2.3441402912
00975 1461244319.2246050835 2.3441402912
00976 1461244319.2646553516 2.3441402912
00977 1461244319.3064031601 2.3441402912
00978 1461244319.3446981907 2.3441402912
00979 1461244319.3846979141 2.5922806263
00980 1461244319.4247395992 2.5922806263
00981 1461244319.4647033215 2.5922806263
00982 1461244319.5064992905 2.5922806263
00983 1461244319.5446038246 2.5922806263
00984 1461244319.5859856606 2.8314385414
00985 1461244319.6247856617 2.8314385414
00986 1461244319.6654679775 2.8314385414
00987 1461244319.7069132328 2.8314385414
00988 1461244319.7457015514 2.8314385414
00989 1461244319.7863197327 3.0945963860
00990 1461244319.8248088360 3.0945963860
00991 1461244319.8648285866 3.0945963860
00992 1461244319.9073970318 3.0945963860
00993 1461244319.9473276138 3.0945963860
00994 1461244319.9848284721 3.3768420219
00995 1461244320.0248489380 3.3768420219
00996 1461244320.0648639202 3.3768420219
00997 1461244320.1072750092 3.3768420219
00998 1461244320.1447825432 3.3768420219
00999 1461244320.1848721504 3.6790175438
01000 1461244320.2248673439 3.6790175438
01001 1461244320.2648954391 3.6790175438
01002 1461244320.3064484596 3.6790175438
01003 1461244320.3451888561 3.6790175438
01004 1461244320.3849356174 4.0042104721
01005 1461244320.4250099659 4.0042104721
01006 1461244320.4649150372 4.0042104721
01007 1461244320.5082473755 4.0042104721
01008 1461244320.5451362133 4.0042104721
01009 1461244320.5850374699 4.4144563675
01010 1461244320.6249482632 4.4144563675
01011 1461244320.6649162769 4.4144563675
01012 1461244320.7069072723 4.4144563675
01013 1461244320.7449898720 4.4144563675
01014 1461244320.7850031853 4.7956490517
01015 1461244320.8250164986 4.7956490517
01016 1461244320.8650066853 4.7956490517
01017 1461244320.9069623947 4.7956490517
01018 1461244320.9451797009 4.7956490517
01019 1461244320.9850277901 5.1588773727
01020 1461244321.0250413418 5.1588773727
01021 1461244321.0650641918 5.1588773727
01022 1461244321.1078939438 5.1588773727
01023 1461244321.1450793743 5.1588773727
01024 1461244321.1851124763 5.4711580276
01025 1461244321.2256693840 5.4711580276
01026 1461244321.2650923729 5.4711580276
01027 1461244321.3080031872 5.4711580276
01028 1461244321.3452017307 5.4711580276
01029 1461244321.3852601051 5.7423157692
01030 1461244321.4252908230 5.7423157692
01031 1461244321.4659531116 5.7423157692
01032 1461244321.5071697235 5.7423157692
01033 1461244321.5452635288 5.7423157692
01034 1461244321.5853273869 5.9695439339
01035 1461244321.6253082752 5.9695439339
01036 1461244321.6653769016 5.9695439339
01037 1461244321.7072682381 5.9695439339
01038 1461244321.7453582287 5.9695439339
01039 1461244321.7853198051 6.1677193642
01040 1461244321.8253159523 6.1677193642
01041 1461244321.8653028011 6.1677193642
01042 1461244321.9078397751 6.1677193642
01043 1461244321.9454371929 6.1677193642
01044 1461244321.9854183197 6.3539648056
01045 1461244322.0254499912 6.3539648056
01046 1461244322.0654110909 6.3539648056
01047 1461244322.1074116230 6.3539648056
01048 1461244322.1454753876 6.3539648056
01049 1461244322.1854121685 6.5312280655
01050 1461244322.2254943848 6.5312280655
01051 1461244322.2654576302 6.5312280655
01052 1461244322.3080580235 6.5312280655
01053 1461244322.3454260826 6.5312280655
01054 1461244322.3857278824 6.7543859482
01055 1461244322.4255623817 6.7543859482
01056 1461244322.4656028748 6.7543859482
01057 1461244322.5075094700 6.7543859482
01058 1461244322.5455324650 6.7543859482
01059 1461244322.5855958462 6.9765615463
01060 1461244322.6256947517 6.9765615463
01061 1461244322.6655650139 6.9765615463
01062 1461244322.7081720829 6.9765615463
01063 1461244322.7456214428 6.9765615463
01064 1461244322.7856233120 7.2117896080
01065 1461244322.8256955147 7.2117896080
01066 1461244322.8684418201 7.2117896080
01067 1461244322.9082162380 7.2117896080
01068 1461244322.9456908703 7.2117896080
01069 1461244322.9857208729 7.4610524178
01070 1461244323.0256993771 7.4610524178
01071 1461244323.0656907558 7.4610524178
01072 1461244323.1080346107 7.4610524178
01073 1461244323.1457476616 7.4610524178
01074 1461244323.1857781410 7.6962804794
01075 1461244323.2258126736 7.6962804794
01076 1461244323.2657513618 7.6962804794
01077 1461244323.3082962036 7.6962804794
01078 1461244323.3457138538 7.6962804794
01079 1461244323.3862321377 7.8854737282
01080 1461244323.4258186817 7.8854737282
01081 1461244323.4657816887 7.8854737282
01082 1461244323.5082013607 7.8854737282
01083 1461244323.5458042622 7.8854737282
01084 1461244323.5887856483 8.0266666412
01085 1461244323.6257019043 8.0266666412
01086 1461244323.6661944389 8.0266666412
01087 1461244323.7058742046 8.0266666412
01088 1461244323.7467706203 8.0266666412
01089 1461244323.7860317230 8.0266666412
01090 1461244323.8259024620 8.0266666412
01091 1461244323.8660902977 8.0266666412
01092 1461244323.9059000015 8.0266666412
01093 1461244323.9469513893 8.0266666412
01094 1461244323.9859073162 8.0266666412
01095 1461244324.0260040760 8.0266666412
01096 1461244324.0659925938 8.0266666412
01097 1461244324.1097006798 8.0266666412
01098 1461244324.1460986137 7.9755787849
01099 1461244324.1861212254 7.9755787849
01100 1461244324.2273797989 7.9755787849
01101 1461244324.2661783695 7.9755787849
01102 1461244324.3085010052 7.9755787849
01103 1461244324.3475706577 7.9755787849
01104 1461244324.3861427307 7.8835086823
01105 1461244324.4260458946 7.8835086823
01106 1461244324.4661831856 7.8835086823
01107 1461244324.5090146065 7.8835086823
01108 1461244324.5461647511 7.7174735069
01109 1461244324.5864403248 7.7174735069
01110 1461244324.6262075901 7.7174735069
01111 1461244324.6661293507 7.7174735069
01112 1461244324.7095642090 7.7174735069
01113 1461244324.7462151051 7.4833683968
01114 1461244324.7862515450 7.4833683968
01115 1461244324.8262312412 7.4833683968
01116 1461244324.8662486076 7.4833683968
01117 1461244324.9084823132 7.4833683968
01118 1461244324.9463636875 7.4833683968
01119 1461244324.9863781929 7.1253333092
01120 1461244325.0263407230 7.1253333092
01121 1461244325.0663580894 7.1253333092
01122 1461244325.1126608849 7.1253333092
01123 1461244325.1462123394 7.1253333092
01124 1461244325.1863770485 6.6691927910
01125 1461244325.2264287472 6.6691927910
01126 1461244325.2664270401 6.6691927910
01127 1461244325.3106009960 6.6691927910
01128 1461244325.3467290401 6.6691927910
01129 1461244325.3863651752 6.1821756363
01130 1461244325.4264345169 6.1821756363
01131 1461244325.4665236473 6.1821756363
01132 1461244325.5087378025 6.1821756363
01133 1461244325.5464839935 6.1821756363
01134 1461244325.5864768028 5.6881403923
01135 1461244325.6264362335 5.6881403923
01136 1461244325.6663875580 5.6881403923
01137 1461244325.7089362144 5.6881403923
01138 1461244325.7465088367 5.6881403923
01139 1461244325.7865602970 5.2560000420
01140 1461244325.8264019489 5.2560000420
01141 1461244325.8664898872 5.2560000420
01142 1461244325.9092161655 5.2560000420
01143 1461244325.9476704597 5.2560000420
01144 1461244325.9865469933 4.8679299355
01145 1461244326.0266094208 4.8679299355
01146 1461244326.0666196346 4.8679299355
01147 1461244326.1083588600 4.8679299355
01148 1461244326.1465690136 4.8679299355
01149 1461244326.1866509914 4.5028772354
01150 1461244326.2266139984 4.5028772354
01151 1461244326.2666678429 4.5028772354
01152 1461244326.3088133335 4.5028772354
01153 1461244326.3467195034 4.5028772354
01154 1461244326.3867037296 4.1628069878
01155 1461244326.4273707867 4.1628069878
01156 1461244326.4668295383 4.1628069878
01157 1461244326.5088720322 4.1628069878
01158 1461244326.5467848778 4.1628069878
01159 1461244326.5868256092 3.7626667023
01160 1461244326.6268413067 3.7626667023
01161 1461244326.6668365002 3.7626667023
01162 1461244326.7088341713 3.7626667023
01163 1461244326.7467772961 3.7626667023
01164 1461244326.7868151665 3.3145263195
01165 1461244326.8267943859 3.3145263195
01166 1461244326.8668081760 3.3145263195
01167 1461244326.9086060524 3.3145263195
01168 1461244326.9476461411 3.3145263195
01169 1461244326.9869444370 2.9034385681
01170 1461244327.0269916058 2.9034385681
01171 1461244327.0669698715 2.9034385681
01172 1461244327.1091964245 2.9034385681
01173 1461244327.1476981640 2.9034385681
01174 1461244327.1870002747 2.5112981796
01175 1461244327.2269790173 2.5112981796
01176 1461244327.2668223381 2.5112981796
01177 1461244327.3101003170 2.5112981796
01178 1461244327.3470835686 2.5112981796
01179 1461244327.3869183064 2.1542456150
01180 1461244327.4270317554 2.1542456150
01181 1461244327.4670817852 2.1542456150
01182 1461244327.5093102455 2.1542456150
01183 1461244327.5470800400 2.1542456150
01184 1461244327.5871140957 1.8581053019
01185 1461244327.6271109581 1.8581053019
01186 1461244327.6671180725 1.8581053019
01187 1461244327.7092912197 1.8581053019
01188 1461244327.7470970154 1.8581053019
01189 1461244327.7870984077 1.6370526552
01190 1461244327.8272039890 1.6370526552
01191 1461244327.8672001362 1.6370526552
01192 1461244327.9098420143 1.6370526552
01193 1461244327.9471688271 1.6370526552
01194 1461244327.9871966839 1.4829473495
01195 1461244328.0272207260 1.4829473495
01196 1461244328.0672335625 1.4829473495
01197 1461244328.1092848778 1.4829473495
01198 1461244328.1472208500 1.4829473495
01199 1461244328.1872990131 1.3978947401
01200 1461244328.2273113728 1.3978947401
01201 1461244328.2673251629 1.3978947401
01202 1461244328.3072693348 1.3978947401
01203 1461244328.3472428322 1.3978947401
01204 1461244328.3872795105 1.3978947401
01205 1461244328.4272789955 1.3978947401
01206 1461244328.4677534103 1.3978947401
01207 1461244328.5098667145 1.3977544308
01208 1461244328.5473501682 1.3977544308
01209 1461244328.5873370171 1.3977544308
01210 1461244328.6284825802 1.3977544308
01211 1461244328.6674480438 1.3977544308
01212 1461244328.7095909119 1.3977544308
01213 1461244328.7474617958 1.3977544308
01214 1461244328.7874372005 1.4519298077
01215 1461244328.8274757862 1.4519298077
01216 1461244328.8674995899 1.4519298077
01217 1461244328.9122228622 1.4519298077
01218 1461244328.9474534988 1.4519298077
01219 1461244328.9874746799 1.5451228619
01220 1461244329.0275099277 1.5451228619
01221 1461244329.0675263405 1.5451228619
01222 1461244329.1098341942 1.5451228619
01223 1461244329.1475217342 1.5451228619
01224 1461244329.1875553131 1.6812632084
01225 1461244329.2276403904 1.6812632084
01226 1461244329.2676157951 1.6812632084
01227 1461244329.3100790977 1.6812632084
01228 1461244329.3474507332 1.6812632084
01229 1461244329.3875899315 1.8564209938
01230 1461244329.4277083874 1.8564209938
01231 1461244329.4677064419 1.8564209938
01232 1461244329.5101461411 1.8564209938
01233 1461244329.5477066040 1.8564209938
01234 1461244329.5877115726 2.0545964241
01235 1461244329.6277048588 2.0545964241
01236 1461244329.6698889732 2.0545964241
01237 1461244329.7099690437 2.0545964241
01238 1461244329.7476365566 2.0545964241
01239 1461244329.7876689434 2.2997894287
01240 1461244329.8276951313 2.2997894287
01241 1461244329.8677477837 2.2997894287
01242 1461244329.9099392891 2.2997894287
01243 1461244329.9477698803 2.2997894287
01244 1461244329.9877958298 2.5980350971
01245 1461244330.0278038979 2.5980350971
01246 1461244330.0678894520 2.5980350971
01247 1461244330.1106595993 2.5980350971
01248 1461244330.1477384567 2.5980350971
01249 1461244330.1909987926 2.9202806950
01250 1461244330.2277891636 2.9202806950
01251 1461244330.2679595947 2.9202806950
01252 1461244330.3101341724 2.9202806950
01253 1461244330.3480005264 2.9202806950
01254 1461244330.3879907131 3.2425262928
01255 1461244330.4280323982 3.2425262928
01256 1461244330.4681036472 3.2425262928
01257 1461244330.5110912323 3.2425262928
01258 1461244330.5480012894 3.2425262928
01259 1461244330.5880324841 3.5466666222
01260 1461244330.6280210018 3.5466666222
01261 1461244330.6680021286 3.5466666222
01262 1461244330.7131175995 3.5466666222
01263 1461244330.7480714321 3.5466666222
01264 1461244330.7881424427 3.8529121876
01265 1461244330.8281140327 3.8529121876
01266 1461244330.8681004047 3.8529121876
01267 1461244330.9100615978 3.8529121876
01268 1461244330.9482088089 3.8529121876
01269 1461244330.9881670475 4.2301754951
01270 1461244331.0282027721 4.2301754951
01271 1461244331.0682008266 4.2301754951
01272 1461244331.1101412773 4.2301754951
01273 1461244331.1482253075 4.2301754951
01274 1461244331.1883690357 4.6624560356
01275 1461244331.2281808853 4.6624560356
01276 1461244331.2679774761 4.6624560356
01277 1461244331.3105232716 4.6624560356
01278 1461244331.3482329845 4.6624560356
01279 1461244331.3881444931 5.0836491585
01280 1461244331.4282288551 5.0836491585
01281 1461244331.4683201313 5.0836491585
01282 1461244331.5102722645 5.0836491585
01283 1461244331.5484230518 5.0836491585
01284 1461244331.5882391930 5.5089120865
01285 1461244331.6289327145 5.5089120865
01286 1461244331.6683113575 5.5089120865
01287 1461244331.7106471062 5.5089120865
01288 1461244331.7482316494 5.5089120865
01289 1461244331.7883579731 5.9811930656
01290 1461244331.8312070370 5.9811930656
01291 1461244331.8682627678 5.9811930656
01292 1461244331.9114022255 5.9811930656
01293 1461244331.9483864307 5.9811930656
01294 1461244331.9884276390 6.4353685379
01295 1461244332.0290694237 6.4353685379
01296 1461244332.0684275627 6.4353685379
01297 1461244332.1120162010 6.4353685379
01298 1461244332.1484012604 6.4353685379
01299 1461244332.1884768009 6.8936138153
01300 1461244332.2285566330 6.8936138153
01301 1461244332.2690789700 6.8936138153
01302 1461244332.3100829124 6.8936138153
01303 1461244332.3487703800 6.8936138153
01304 1461244332.3885798454 7.3477892876
01305 1461244332.4306781292 7.3477892876
01306 1461244332.4685733318 7.3477892876
01307 1461244332.5108311176 7.3477892876
01308 1461244332.5485739708 7.3477892876
01309 1461244332.5901854038 7.7369823456
01310 1461244332.6306409836 7.7369823456
01311 1461244332.6686012745 7.7369823456
01312 1461244332.7110567093 7.7369823456
01313 1461244332.7486798763 7.7369823456
01314 1461244332.7887158394 8.0282106400
01315 1461244332.8286817074 8.0282106400
01316 1461244332.8689928055 8.0282106400
01317 1461244332.9114339352 8.0282106400
01318 1461244332.9486622810 8.0282106400
01319 1461244332.9886288643 8.2433681488
01320 1461244333.0286691189 8.2433681488
01321 1461244333.0686967373 8.2433681488
01322 1461244333.1109418869 8.2433681488
01323 1461244333.1486670971 8.2433681488
01324 1461244333.1887404919 8.2433681488
01325 1461244333.2287976742 8.2433681488
01326 1461244333.2686517239 8.2433681488
01327 1461244333.3119521141 8.2433681488
01328 1461244333.3489842415 8.2433681488
01329 1461244333.3888304234 8.4795789719
01330 1461244333.4287948608 8.4795789719
01331 1461244333.4687473774 8.4795789719
01332 1461244333.5109539032 8.4795789719
01333 1461244333.5516908169 8.4795789719
01334 1461244333.5887997150 8.7807722092
01335 1461244333.6293451786 8.7807722092
01336 1461244333.6688821316 8.7807722092
01337 1461244333.7109305859 8.7807722092
01338 1461244333.7499001026 8.7807722092
01339 1461244333.7899215221 9.0279302597
01340 1461244333.8289051056 9.0279302597
01341 1461244333.8688356876 9.0279302597
01342 1461244333.9112007618 9.0279302597
01343 1461244333.9488852024 9.0279302597
01344 1461244333.9905540943 9.1921405792
01345 1461244334.0290005207 9.1921405792
01346 1461244334.0689580441 9.1921405792
01347 1461244334.1111598015 9.1921405792
01348 1461244334.1489841938 9.1921405792
01349 1461244334.1890766621 9.3493337631
01350 1461244334.2290303707 9.3493337631
01351 1461244334.2720348835 9.3493337631
01352 1461244334.3090982437 9.3493337631
01353 1461244334.3490476608 9.3493337631
01354 1461244334.3890993595 9.3493337631
01355 1461244334.4291584492 9.3493337631
01356 1461244334.4690606594 9.3493337631
01357 1461244334.5090503693 9.3493337631
01358 1461244334.5491466522 9.3493337631
01359 1461244334.5890843868 9.3493337631
01360 1461244334.6290910244 9.3493337631
01361 1461244334.6689996719 9.3493337631
01362 1461244334.7092113495 9.3493337631
01363 1461244334.7492473125 9.3493337631
01364 1461244334.7891318798 9.3493337631
01365 1461244334.8292448521 9.3493337631
01366 1461244334.8692903519 9.3493337631
01367 1461244334.9090979099 9.3493337631
01368 1461244334.9490778446 9.3493337631
01369 1461244334.9892973900 9.3493337631
01370 1461244335.0293364525 9.3493337631
01371 1461244335.0692477226 9.3493337631
01372 1461244335.1093039513 9.3493337631
01373 1461244335.1492261887 9.3493337631
01374 1461244335.1893577576 9.3493337631
01375 1461244335.2293262482 9.3493337631
01376 1461244335.2692749500 9.3493337631
01377 1461244335.3093976974 9.3493337631
01378 1461244335.3493576050 9.3493337631
01379 1461244335.3893833160 9.3493337631
01380 1461244335.4293243885 9.3493337631
01381 1461244335.4695782661 9.3493337631
01382 1461244335.5116329193 9.3493337631
01383 1461244335.5495169163 9.3493337631
01384 1461244335.5920062065 9.5425968170
01385 1461244335.6312351227 9.5425968170
01386 1461244335.6694715023 9.5425968170
01387 1461244335.7121024132 9.5425968170
01388 1461244335.7495057583 9.5425968170
01389 1461244335.7895309925 9.7858247757
01390 1461244335.8295714855 9.7858247757
01391 1461244335.8695755005 9.7858247757
01392 1461244335.9114799500 9.7858247757
01393 1461244335.9496335983 9.7858247757
01394 1461244335.9896254539 9.9800701141
01395 1461244336.0296323299 9.9800701141
01396 1461244336.0695700645 9.9800701141
01397 1461244336.1096589565 9.9800701141
01398 1461244336.1495976448 9.9800701141
01399 1461244336.1895644665 9.9800701141
01400 1461244336.2296545506 9.9800701141
01401 1461244336.2693810463 9.9800701141
01402 1461244336.3097167015 9.9800701141
01403 1461244336.3497078419 9.9800701141
01404 1461244336.3896248341 9.9800701141
01405 1461244336.4297473431 9.9800701141
01406 1461244336.4710249901 9.9800701141
01407 1461244336.5099775791 9.9800701141
01408 1461244336.5504145622 9.9800701141
01409 1461244336.5896940231 9.9800701141
01410 1461244336.6304247379 9.9800701141
01411 1461244336.6707074642 9.9800701141
01412 1461244336.7131674290 9.9800701141
01413 1461244336.7497911453 9.9800701141
01414 1461244336.7898502350 9.8819646835
01415 1461244336.8298060894 9.8819646835
01416 1461244336.8698198795 9.8819646835
01417 1461244336.9122478962 9.8819646835
01418 1461244336.9498794079 9.7978944778
01419 1461244336.9898002148 9.7978944778
01420 1461244337.0297577381 9.7978944778
01421 1461244337.0697028637 9.7978944778
01422 1461244337.1122307777 9.7978944778
01423 1461244337.1499714851 9.7978944778
01424 1461244337.1899440289 9.6888418198
01425 1461244337.2298932076 9.6888418198
01426 1461244337.2698459625 9.6888418198
01427 1461244337.3122212887 9.6888418198
01428 1461244337.3499271870 9.5388069153
01429 1461244337.3900201321 9.5388069153
01430 1461244337.4299657345 9.5388069153
01431 1461244337.4697568417 9.5388069153
01432 1461244337.5100510120 9.5388069153
01433 1461244337.5499551296 9.5388069153
01434 1461244337.5911655426 9.5388069153
01435 1461244337.6303708553 9.5388069153
01436 1461244337.6699929237 9.5388069153
01437 1461244337.7100934982 9.5388069153
01438 1461244337.7502589226 9.5388069153
01439 1461244337.7911806107 9.5388069153
01440 1461244337.8301455975 9.5388069153
01441 1461244337.8701977730 9.5388069153
01442 1461244337.9117105007 9.5388069153
01443 1461244337.9500668049 9.5388069153
01444 1461244337.9900817871 9.6780347824
01445 1461244338.0301680565 9.6780347824
01446 1461244338.0701491833 9.6780347824
01447 1461244338.1142735481 9.6780347824
01448 1461244338.1501376629 9.6780347824
01449 1461244338.1901857853 9.7782459259
01450 1461244338.2301986217 9.7782459259
01451 1461244338.2702116966 9.7782459259
01452 1461244338.3102867603 9.7782459259
01453 1461244338.3502795696 9.7782459259
01454 1461244338.3902080059 9.7782459259
01455 1461244338.4302113056 9.7782459259
01456 1461244338.4707272053 9.7782459259
01457 1461244338.5121631622 9.7782459259
01458 1461244338.5503838062 9.7782459259
01459 1461244338.5933058262 9.7782459259
01460 1461244338.6302893162 9.7782459259
01461 1461244338.6700797081 9.7782459259
01462 1461244338.7103950977 9.7782459259
01463 1461244338.7506635189 9.7782459259
01464 1461244338.7903749943 9.7782459259
01465 1461244338.8303604126 9.7782459259
01466 1461244338.8702065945 9.7782459259
01467 1461244338.9124464989 9.7782459259
01468 1461244338.9503943920 9.7782459259
01469 1461244338.9905326366 9.6461753845
01470 1461244339.0305345058 9.6461753845
01471 1461244339.0712578297 9.6461753845
01472 1461244339.1127541065 9.6461753845
01473 1461244339.1504833698 9.6461753845
01474 1461244339.1904845238 9.4381752014
01475 1461244339.2305290699 9.4381752014
01476 1461244339.2702860832 9.4381752014
01477 1461244339.3138837814 9.4381752014
01478 1461244339.3505237103 9.4381752014
01479 1461244339.3905851841 9.1511583328
01480 1461244339.4305858612 9.1511583328
01481 1461244339.4707660675 9.1511583328
01482 1461244339.5120394230 9.1511583328
01483 1461244339.5506882668 9.1511583328
01484 1461244339.5906226635 8.8130521774
01485 1461244339.6306295395 8.8130521774
01486 1461244339.6704633236 8.8130521774
01487 1461244339.7132124901 8.8130521774
01488 1461244339.7506844997 8.8130521774
01489 1461244339.7906920910 8.4300346375
01490 1461244339.8307311535 8.4300346375
01491 1461244339.8710248470 8.4300346375
01492 1461244339.9135949612 8.4300346375
01493 1461244339.9507443905 8.4300346375
01494 1461244339.9944529533 8.0999298096
01495 1461244340.0307137966 8.0999298096
01496 1461244340.0710518360 8.0999298096
01497 1461244340.1130909920 8.0999298096
01498 1461244340.1531271935 8.0999298096
01499 1461244340.1907565594 7.8529124260
01500 1461244340.2310781479 7.8529124260
01501 1461244340.2714002132 7.8529124260
01502 1461244340.3108506203 7.8529124260
01503 1461244340.3511347771 7.8529124260
01504 1461244340.3910737038 7.8529124260
01505 1461244340.4308643341 7.8529124260
01506 1461244340.4707753658 7.8529124260
01507 1461244340.5139386654 7.8731226921
01508 1461244340.5509765148 7.8731226921
01509 1461244340.5909945965 7.8731226921
01510 1461244340.6309692860 7.8731226921
01511 1461244340.6710779667 7.8731226921
01512 1461244340.7135739326 7.8731226921
01513 1461244340.7509183884 7.8731226921
01514 1461244340.7911591530 8.0023860931
01515 1461244340.8309292793 8.0023860931
01516 1461244340.8713066578 8.0023860931
01517 1461244340.9137754440 8.0023860931
01518 1461244340.9509880543 8.0023860931
01519 1461244340.9911420345 8.1445617676
01520 1461244341.0311169624 8.1445617676
01521 1461244341.0711796284 8.1445617676
01522 1461244341.1132478714 8.1445617676
01523 1461244341.1511509418 8.1445617676
01524 1461244341.1910505295 8.3497543335
01525 1461244341.2311649323 8.3497543335
01526 1461244341.2711627483 8.3497543335
01527 1461244341.3132297993 8.3497543335
01528 1461244341.3527216911 8.3497543335
01529 1461244341.3911921978 8.4809827805
01530 1461244341.4311625957 8.4809827805
01531 1461244341.4709722996 8.4809827805
01532 1461244341.5111889839 8.4809827805
01533 1461244341.5512359142 8.4809827805
01534 1461244341.5942523479 8.4809827805
01535 1461244341.6312551498 8.4809827805
01536 1461244341.6732356548 8.4809827805
01537 1461244341.7138242722 8.4809827805
01538 1461244341.7516295910 8.4809827805
01539 1461244341.7914788723 8.3319301605
01540 1461244341.8312766552 8.3319301605
01541 1461244341.8710381985 8.3319301605
01542 1461244341.9138398170 8.3319301605
01543 1461244341.9513161182 8.3319301605
01544 1461244341.9914019108 8.0878601074
01545 1461244342.0314886570 8.0878601074
01546 1461244342.0738732815 8.0878601074
01547 1461244342.1134617329 8.0878601074
01548 1461244342.1514389515 8.0878601074
01549 1461244342.1930873394 7.7747368813
01550 1461244342.2314960957 7.7747368813
01551 1461244342.2763090134 7.7747368813
01552 1461244342.3137714863 7.7747368813
01553 1461244342.3514535427 7.7747368813
01554 1461244342.3913526535 7.3767018318
01555 1461244342.4344649315 7.3767018318
01556 1461244342.4712324142 7.3767018318
01557 1461244342.5153264999 7.3767018318
01558 1461244342.5515735149 7.3767018318
01559 1461244342.5915932655 7.0485615730
01560 1461244342.6315684319 7.0485615730
01561 1461244342.6713953018 7.0485615730
01562 1461244342.7131001949 7.0485615730
01563 1461244342.7515254021 7.0485615730
01564 1461244342.7917623520 6.7574734688
01565 1461244342.8316144943 6.7574734688
01566 1461244342.8717489243 6.7574734688
01567 1461244342.9136860371 6.7574734688
01568 1461244342.9516758919 6.7574734688
01569 1461244342.9916877747 6.4724211693
01570 1461244343.0316536427 6.4724211693
01571 1461244343.0727758408 6.4724211693
01572 1461244343.1135754585 6.4724211693
01573 1461244343.1517128944 6.4724211693
01574 1461244343.1917269230 6.1413331032
01575 1461244343.2317564487 6.1413331032
01576 1461244343.2714488506 6.1413331032
01577 1461244343.3143899441 6.1413331032
01578 1461244343.3516829014 6.1413331032
01579 1461244343.3923401833 5.7731928825
01580 1461244343.4318869114 5.7731928825
01581 1461244343.4719293118 5.7731928825
01582 1461244343.5143299103 5.7731928825
01583 1461244343.5518193245 5.7731928825
01584 1461244343.5917870998 5.3761401176
01585 1461244343.6318209171 5.3761401176
01586 1461244343.6715457439 5.3761401176
01587 1461244343.7138113976 5.3761401176
01588 1461244343.7526760101 5.3761401176
01589 1461244343.7922005653 4.9430174828
01590 1461244343.8318130970 4.9430174828
01591 1461244343.8725600243 4.9430174828
01592 1461244343.9139690399 4.9430174828
01593 1461244343.9519655704 4.9430174828
01594 1461244343.9920279980 4.5348773003
01595 1461244344.0324568748 4.5348773003
01596 1461244344.0730297565 4.5348773003
01597 1461244344.1141395569 4.5348773003
01598 1461244344.1527411938 4.5348773003
01599 1461244344.1923947334 4.1567721367
01600 1461244344.2327160835 4.1567721367
01601 1461244344.2733056545 4.1567721367
01602 1461244344.3145718575 4.1567721367
01603 1461244344.3520910740 4.1567721367
01604 1461244344.3921098709 3.8356490135
01605 1461244344.4320664406 3.8356490135
01606 1461244344.4720039368 3.8356490135
01607 1461244344.5164763927 3.8356490135
01608 1461244344.5524191856 3.8356490135
01609 1461244344.5921211243 3.5816140175
01610 1461244344.6332833767 3.5816140175
01611 1461244344.6745243073 3.5816140175
01612 1461244344.7144038677 3.5816140175
01613 1461244344.7522311211 3.5816140175
01614 1461244344.7922449112 3.4095437527
01615 1461244344.8321597576 3.4095437527
01616 1461244344.8721272945 3.4095437527
01617 1461244344.9120004177 3.4095437527
01618 1461244344.9521474838 3.4095437527
01619 1461244344.9923689365 3.4095437527
01620 1461244345.0322096348 3.4095437527
01621 1461244345.0722627640 3.4095437527
01622 1461244345.1123273373 3.4095437527
01623 1461244345.1551423073 3.4095437527
01624 1461244345.1946341991 3.4095437527
01625 1461244345.2323553562 3.4095437527
01626 1461244345.2731118202 3.4095437527
01627 1461244345.3147079945 3.4095437527
01628 1461244345.3523726463 3.4095437527
01629 1461244345.3923954964 3.4188070297
01630 1461244345.4337956905 3.4188070297
01631 1461244345.4736385345 3.4188070297
01632 1461244345.5160057545 3.4188070297
01633 1461244345.5524988174 3.4188070297
01634 1461244345.5924787521 3.4979648590
01635 1461244345.6324834824 3.4979648590
01636 1461244345.6724076271 3.4979648590
01637 1461244345.7151284218 3.4979648590
01638 1461244345.7525112629 3.4979648590
01639 1461244345.7924916744 3.6661052704
01640 1461244345.8325507641 3.6661052704
01641 1461244345.8724000454 3.6661052704
01642 1461244345.9149651527 3.6661052704
01643 1461244345.9525525570 3.6661052704
01644 1461244345.9925940037 3.9192981720
01645 1461244346.0324633121 3.9192981720
01646 1461244346.0725724697 3.9192981720
01647 1461244346.1146419048 3.9192981720
01648 1461244346.1526129246 3.9192981720
01649 1461244346.1926934719 4.2534737587
01650 1461244346.2326810360 4.2534737587
01651 1461244346.2725718021 4.2534737587
01652 1461244346.3150613308 4.2534737587
01653 1461244346.3526532650 4.2534737587
01654 1461244346.3925991058 4.6697545052
01655 1461244346.4334745407 4.6697545052
01656 1461244346.4749765396 4.6697545052
01657 1461244346.5171232224 4.6697545052
01658 1461244346.5528647900 4.6697545052
01659 1461244346.5933320522 5.1129822731
01660 1461244346.6326956749 5.1129822731
01661 1461244346.6755275726 5.1129822731
01662 1461244346.7145848274 5.1129822731
01663 1461244346.7531826496 5.1129822731
01664 1461244346.7945230007 5.6112279892
01665 1461244346.8327367306 5.6112279892
01666 1461244346.8728969097 5.6112279892
01667 1461244346.9156210423 5.6112279892
01668 1461244346.9531204700 5.6112279892
01669 1461244346.9931712151 6.1104559898
01670 1461244347.0331079960 6.1104559898
01671 1461244347.0728037357 6.1104559898
01672 1461244347.1189179420 6.1104559898
01673 1461244347.1528086662 6.1104559898
01674 1461244347.1928436756 6.6077194214
01675 1461244347.2328481674 6.6077194214
01676 1461244347.2727448940 6.6077194214
01677 1461244347.3152723312 6.6077194214
01678 1461244347.3529803753 6.6077194214
01679 1461244347.3929140568 7.0858945847
01680 1461244347.4328961372 7.0858945847
01681 1461244347.4727878571 7.0858945847
01682 1461244347.5152525902 7.0858945847
01683 1461244347.5529792309 7.0858945847
01684 1461244347.5930337906 7.5070877075
01685 1461244347.6330320835 7.5070877075
01686 1461244347.6729433537 7.5070877075
01687 1461244347.7156529427 7.5070877075
01688 1461244347.7529983521 7.5070877075
01689 1461244347.7930598259 7.9173331261
01690 1461244347.8330285549 7.9173331261
01691 1461244347.8745715618 7.9173331261
01692 1461244347.9168469906 7.9173331261
01693 1461244347.9530644417 7.9173331261
01694 1461244347.9930593967 8.3334741592
01695 1461244348.0330996513 8.3334741592
01696 1461244348.0728917122 8.3334741592
01697 1461244348.1152775288 8.3334741592
01698 1461244348.1531770229 8.3334741592
01699 1461244348.1933937073 8.6877193451
01700 1461244348.2331337929 8.6877193451
01701 1461244348.2732892036 8.6877193451
01702 1461244348.3200831413 8.6877193451
01703 1461244348.3532226086 8.6877193451
01704 1461244348.3932437897 8.9549474716
01705 1461244348.4333398342 8.9549474716
01706 1461244348.4731893539 8.9549474716
01707 1461244348.5153830051 8.9549474716
01708 1461244348.5534961224 8.9549474716
01709 1461244348.5933988094 9.1371231079
01710 1461244348.6332972050 9.1371231079
01711 1461244348.6731908321 9.1371231079
01712 1461244348.7132880688 9.1371231079
01713 1461244348.7534396648 9.1371231079
01714 1461244348.7935593128 9.1371231079
01715 1461244348.8334457874 9.1371231079
01716 1461244348.8734228611 9.1371231079
01717 1461244348.9155380726 9.0710172653
01718 1461244348.9534955025 9.0710172653
01719 1461244348.9952692986 9.0710172653
01720 1461244349.0333848000 9.0710172653
01721 1461244349.0732960701 9.0710172653
01722 1461244349.1157093048 9.0710172653
01723 1461244349.1535477638 9.0710172653
01724 1461244349.1934182644 8.9799299240
01725 1461244349.2335507870 8.9799299240
01726 1461244349.2737243176 8.9799299240
01727 1461244349.3153190613 8.9799299240
01728 1461244349.3534433842 8.9799299240
01729 1461244349.3935565948 8.8718595505
01730 1461244349.4335837364 8.8718595505
01731 1461244349.4734637737 8.8718595505
01732 1461244349.5157475471 8.8718595505
01733 1461244349.5535709858 8.8718595505
01734 1461244349.5967695713 8.7758598328
01735 1461244349.6336650848 8.7758598328
01736 1461244349.6735620499 8.7758598328
01737 1461244349.7169775963 8.7758598328
01738 1461244349.7536683083 8.7758598328
01739 1461244349.7947497368 8.6467370987
01740 1461244349.8337624073 8.6467370987
01741 1461244349.8737106323 8.6467370987
01742 1461244349.9159526825 8.6467370987
01743 1461244349.9537436962 8.6467370987
01744 1461244349.9940598011 8.4986667633
01745 1461244350.0337772369 8.4986667633
01746 1461244350.0742869377 8.4986667633
01747 1461244350.1141147614 8.4986667633
01748 1461244350.1544253826 8.4986667633
01749 1461244350.1938445568 8.4986667633
01750 1461244350.2338418961 8.4986667633
01751 1461244350.2776160240 8.4986667633
01752 1461244350.3158152103 8.4986667633
01753 1461244350.3545613289 8.4986667633
01754 1461244350.3938236237 8.3925609589
01755 1461244350.4355537891 8.3925609589
01756 1461244350.4753990173 8.3925609589
01757 1461244350.5138761997 8.3925609589
01758 1461244350.5556674004 8.3925609589
01759 1461244350.5937166214 8.3925609589
01760 1461244350.6341521740 8.3925609589
01761 1461244350.6746544838 8.3925609589
01762 1461244350.7143294811 8.3925609589
01763 1461244350.7539968491 8.3925609589
01764 1461244350.7940397263 8.3925609589
01765 1461244350.8340439796 8.3925609589
01766 1461244350.8746759892 8.3925609589
01767 1461244350.9172267914 8.3925609589
01768 1461244350.9539835453 8.2874383926
01769 1461244350.9940111637 8.2874383926
01770 1461244351.0350608826 8.2874383926
01771 1461244351.0740623474 8.2874383926
01772 1461244351.1148338318 8.2874383926
01773 1461244351.1541101933 8.2874383926
01774 1461244351.1940672398 8.2874383926
01775 1461244351.2340416908 8.2874383926
01776 1461244351.2748260498 8.2874383926
01777 1461244351.3164377213 8.2874383926
01778 1461244351.3541839123 8.2874383926
01779 1461244351.3940706253 8.1323509216
01780 1461244351.4341928959 8.1323509216
01781 1461244351.4741735458 8.1323509216
01782 1461244351.5208170414 8.1323509216
01783 1461244351.5541338921 8.1323509216
01784 1461244351.5942747593 7.8892631531
01785 1461244351.6348836422 7.8892631531
01786 1461244351.6740145683 7.8892631531
01787 1461244351.7169921398 7.8892631531
01788 1461244351.7552254200 7.8892631531
01789 1461244351.7943315506 7.5722103119
01790 1461244351.8340635300 7.5722103119
01791 1461244351.8742461205 7.5722103119
01792 1461244351.9163260460 7.5722103119
01793 1461244351.9543120861 7.5722103119
01794 1461244351.9943268299 7.2001404762
01795 1461244352.0354299545 7.2001404762
01796 1461244352.0743324757 7.2001404762
01797 1461244352.1162097454 7.2001404762
01798 1461244352.1543903351 7.2001404762
01799 1461244352.1944305897 6.9020352364
01800 1461244352.2344212532 6.9020352364
01801 1461244352.2774438858 6.9020352364
01802 1461244352.3168890476 6.9020352364
01803 1461244352.3545043468 6.9020352364
01804 1461244352.3944787979 6.6969823837
01805 1461244352.4344499111 6.6969823837
01806 1461244352.4743468761 6.6969823837
01807 1461244352.5144073963 6.6969823837
01808 1461244352.5544261932 6.6969823837
01809 1461244352.5945827961 6.6969823837
01810 1461244352.6345441341 6.6969823837
01811 1461244352.6745474339 6.6969823837
01812 1461244352.7167789936 6.6969823837
01813 1461244352.7545897961 6.6969823837
01814 1461244352.7946281433 6.7261753082
01815 1461244352.8351764679 6.7261753082
01816 1461244352.8745832443 6.7261753082
01817 1461244352.9166457653 6.7261753082
01818 1461244352.9546160698 6.7261753082
01819 1461244352.9946804047 6.8484210968
01820 1461244353.0346477032 6.8484210968
01821 1461244353.0746145248 6.8484210968
01822 1461244353.1169281006 6.8484210968
01823 1461244353.1547408104 6.8484210968
01824 1461244353.1946783066 7.1847019196
01825 1461244353.2354502678 7.1847019196
01826 1461244353.2748506069 7.1847019196
01827 1461244353.3166375160 7.1847019196
01828 1461244353.3547379971 7.1847019196
01829 1461244353.3958153725 7.6068773270
01830 1461244353.4346785545 7.6068773270
01831 1461244353.4747426510 7.6068773270
01832 1461244353.5170741081 7.6068773270
01833 1461244353.5547425747 7.6068773270
01834 1461244353.5947730541 8.1431579590
01835 1461244353.6347377300 8.1431579590
01836 1461244353.6751248837 8.1431579590
01837 1461244353.7171294689 8.1431579590
01838 1461244353.7548766136 8.1431579590
01839 1461244353.7949151993 8.3844213486
01840 1461244353.8349347115 8.3844213486
01841 1461244353.8767142296 8.3844213486
01842 1461244353.9180443287 8.3844213486
01843 1461244353.9548957348 8.3844213486
01844 1461244353.9949285984 8.6126317978
01845 1461244354.0348894596 8.6126317978
01846 1461244354.0749499798 8.6126317978
01847 1461244354.1149051189 8.6126317978
01848 1461244354.1550242901 8.6126317978
01849 1461244354.1962866783 8.6126317978
01850 1461244354.2350161076 8.6126317978
01851 1461244354.2754805088 8.6126317978
01852 1461244354.3149583340 8.6126317978
01853 1461244354.3550314903 8.6126317978
01854 1461244354.3949651718 8.6126317978
01855 1461244354.4350299835 8.6126317978
01856 1461244354.4749855995 8.6126317978
01857 1461244354.5175995827 8.6126317978
01858 1461244354.5551090240 8.6126317978
01859 1461244354.5950677395 8.8888416290
01860 1461244354.6354618073 8.8888416290
01861 1461244354.6762034893 8.8888416290
01862 1461244354.7176542282 8.8888416290
01863 1461244354.7551693916 8.8888416290
01864 1461244354.7952029705 9.1211223602
01865 1461244354.8352346420 9.1211223602
01866 1461244354.8763384819 9.1211223602
01867 1461244354.9177937508 9.1211223602
01868 1461244354.9551970959 9.1211223602
01869 1461244354.9951417446 9.3823156357
01870 1461244355.0360062122 9.3823156357
01871 1461244355.0759789944 9.3823156357
01872 1461244355.1177864075 9.3823156357
01873 1461244355.1567847729 9.3823156357
01874 1461244355.1952853203 9.6745262146
01875 1461244355.2365634441 9.6745262146
01876 1461244355.2779150009 9.6745262146
01877 1461244355.3175780773 9.6745262146
01878 1461244355.3563821316 9.6745262146
01879 1461244355.3953590393 9.9507369995
01880 1461244355.4353864193 9.9507369995
01881 1461244355.4753761292 9.9507369995
01882 1461244355.5154354572 9.9507369995
01883 1461244355.5554161072 9.9507369995
01884 1461244355.5954318047 9.9507369995
01885 1461244355.6354069710 9.9507369995
01886 1461244355.6783192158 9.9507369995
01887 1461244355.7154469490 9.9507369995
01888 1461244355.7556281090 9.9507369995
01889 1461244355.7954988480 9.9507369995
01890 1461244355.8356883526 9.9507369995
01891 1461244355.8754374981 9.9507369995
01892 1461244355.9179506302 10.1430177689
01893 1461244355.9556055069 10.1430177689
01894 1461244355.9973089695 10.1430177689
01895 1461244356.0355432034 10.1430177689
01896 1461244356.0773639679 10.1430177689
01897 1461244356.1181881428 10.1430177689
01898 1461244356.1557815075 10.1430177689
01899 1461244356.1956195831 10.3952283859
01900 1461244356.2356417179 10.3952283859
01901 1461244356.2779359818 10.3952283859
01902 1461244356.3178207874 10.3952283859
01903 1461244356.3555393219 10.3952283859
01904 1461244356.3955626488 10.6743860245
01905 1461244356.4356288910 10.6743860245
01906 1461244356.4755804539 10.6743860245
01907 1461244356.5180995464 10.6743860245
01908 1461244356.5556197166 10.9055442810
01909 1461244356.5978956223 10.9055442810
01910 1461244356.6357767582 10.9055442810
01911 1461244356.6756899357 10.9055442810
01912 1461244356.7184123993 10.9055442810
01913 1461244356.7557506561 11.1037197113
01914 1461244356.7957625389 11.1037197113
01915 1461244356.8357279301 11.1037197113
01916 1461244356.8756334782 11.1037197113
01917 1461244356.9183809757 11.1037197113
01918 1461244356.9558446407 11.1037197113
01919 1461244356.9959149361 11.3139648438
01920 1461244357.0359497070 11.3139648438
01921 1461244357.0757822990 11.3139648438
01922 1461244357.1158442497 11.3139648438
01923 1461244357.1558911800 11.3139648438
01924 1461244357.1977944374 11.3139648438
01925 1461244357.2360427380 11.3139648438
01926 1461244357.2756309509 11.3139648438
01927 1461244357.3175747395 11.3139648438
01928 1461244357.3560492992 11.3139648438
01929 1461244357.3972425461 11.3139648438
01930 1461244357.4360184669 11.3139648438
01931 1461244357.4788384438 11.3139648438
01932 1461244357.5194535255 11.3139648438
01933 1461244357.5560767651 11.2509469986
01934 1461244357.5963201523 11.2509469986
01935 1461244357.6376540661 11.2509469986
01936 1461244357.6760354042 11.2509469986
01937 1461244357.7197561264 11.2509469986
01938 1461244357.7565884590 11.1418943405
01939 1461244357.7967891693 11.1418943405
01940 1461244357.8363163471 11.1418943405
01941 1461244357.8763816357 11.1418943405
01942 1461244357.9194087982 11.1418943405
01943 1461244357.9561219215 11.1418943405
01944 1461244357.9974405766 10.9407720566
01945 1461244358.0361399651 10.9407720566
01946 1461244358.0770063400 10.9407720566
01947 1461244358.1220064163 10.9407720566
01948 1461244358.1560831070 10.9407720566
01949 1461244358.1977801323 10.6487016678
01950 1461244358.2374405861 10.6487016678
01951 1461244358.2760434151 10.6487016678
01952 1461244358.3189110756 10.6487016678
01953 1461244358.3563342094 10.6487016678
01954 1461244358.3965480328 10.3246316910
01955 1461244358.4362337589 10.3246316910
01956 1461244358.4763050079 10.3246316910
01957 1461244358.5178759098 10.3246316910
01958 1461244358.5563845634 10.3246316910
01959 1461244358.5963039398 10.0165615082
01960 1461244358.6364088058 10.0165615082
01961 1461244358.6769349575 10.0165615082
01962 1461244358.7196063995 10.0165615082
01963 1461244358.7562847137 10.0165615082
01964 1461244358.7967879772 9.7564916611
01965 1461244358.8373439312 9.7564916611
01966 1461244358.8763899803 9.7564916611
01967 1461244358.9180119038 9.7564916611
01968 1461244358.9564166069 9.5223855972
01969 1461244358.9964528084 9.5223855972
01970 1461244359.0364773273 9.5223855972
01971 1461244359.0769822598 9.5223855972
01972 1461244359.1194500923 9.5223855972
01973 1461244359.1564805508 9.3302459717
01974 1461244359.1964139938 9.3302459717
01975 1461244359.2365105152 9.3302459717
01976 1461244359.2772998810 9.3302459717
01977 1461244359.3164925575 9.3302459717
01978 1461244359.3566179276 9.3302459717
01979 1461244359.3964772224 9.3302459717
01980 1461244359.4367406368 9.3302459717
01981 1461244359.4776246548 9.3302459717
01982 1461244359.5166604519 9.3302459717
01983 1461244359.5566430092 9.3302459717
01984 1461244359.5975699425 9.3302459717
01985 1461244359.6366755962 9.3302459717
01986 1461244359.6765582561 9.3302459717
01987 1461244359.7163906097 9.3302459717
01988 1461244359.7566695213 9.3302459717
01989 1461244359.7965710163 9.3302459717
01990 1461244359.8367328644 9.3302459717
01991 1461244359.8773586750 9.3302459717
01992 1461244359.9166841507 9.3302459717
01993 1461244359.9571330547 9.3302459717
01994 1461244359.9971172810 9.3302459717
01995 1461244360.0366427898 9.3302459717
01996 1461244360.0770111084 9.3302459717
01997 1461244360.1190798283 9.3302459717
01998 1461244360.1566996574 9.4094038010
01999 1461244360.1967620850 9.4094038010
02000 1461244360.2368597984 9.4094038010
02001 1461244360.2766263485 9.4094038010
02002 1461244360.3192296028 9.4094038010
02003 1461244360.3568406105 9.5776844025
02004 1461244360.3971631527 9.5776844025
02005 1461244360.4368448257 9.5776844025
02006 1461244360.4769682884 9.5776844025
02007 1461244360.5190517902 9.5776844025
02008 1461244360.5568625927 9.5776844025
02009 1461244360.5968952179 9.9229469299
02010 1461244360.6368422508 9.9229469299
02011 1461244360.6768405437 9.9229469299
02012 1461244360.7191443443 9.9229469299
02013 1461244360.7569003105 10.3901758194
02014 1461244360.7969174385 10.3901758194
02015 1461244360.8395755291 10.3901758194
02016 1461244360.8769145012 10.3901758194
02017 1461244360.9191761017 10.3901758194
02018 1461244360.9570057392 11.0154390335
02019 1461244360.9970409870 11.0154390335
02020 1461244361.0370979309 11.0154390335
02021 1461244361.0771026611 11.0154390335
02022 1461244361.1194198132 11.0154390335
02023 1461244361.1570613384 11.0154390335
02024 1461244361.1971514225 11.7995786667
02025 1461244361.2372632027 11.7995786667
02026 1461244361.2772181034 12.7667369843
02027 1461244361.3192629814 12.7667369843
02028 1461244361.3571445942 12.7667369843
02029 1461244361.3970947266 12.7667369843
02030 1461244361.4371986389 12.7667369843
02031 1461244361.4771840572 12.7667369843
02032 1461244361.5191311836 12.7667369843
02033 1461244361.5571084023 12.7667369843
02034 1461244361.5973219872 13.8858947754
02035 1461244361.6372215748 13.8858947754
02036 1461244361.6772174835 13.8858947754
02037 1461244361.7199194431 13.8858947754
02038 1461244361.7571558952 13.8858947754
02039 1461244361.7972605228 14.9351577759
02040 1461244361.8371746540 14.9351577759
02041 1461244361.8779013157 14.9351577759
02042 1461244361.9195702076 14.9351577759
02043 1461244361.9572031498 14.9351577759
02044 1461244361.9973433018 15.6804208755
02045 1461244362.0373253822 15.6804208755
02046 1461244362.0772793293 15.6804208755
02047 1461244362.1194376945 15.6804208755
02048 1461244362.1573822498 15.6804208755
02049 1461244362.1974120140 16.1675796509
02050 1461244362.2374672890 16.1675796509
02051 1461244362.2779390812 16.1675796509
02052 1461244362.3173265457 16.1675796509
02053 1461244362.3574144840 16.1675796509
02054 1461244362.3980853558 16.1675796509
02055 1461244362.4373443127 16.1675796509
02056 1461244362.4780426025 16.1675796509
02057 1461244362.5175957680 16.1675796509
02058 1461244362.5574121475 16.1675796509
02059 1461244362.5974664688 16.1675796509
02060 1461244362.6375076771 16.1675796509
02061 1461244362.6774353981 16.1675796509
02062 1461244362.7199628353 16.2808418274
02063 1461244362.7576313019 16.2808418274
02064 1461244362.7975456715 16.2808418274
02065 1461244362.8379070759 16.2808418274
02066 1461244362.8775858879 16.2808418274
02067 1461244362.9196605682 16.2808418274
02068 1461244362.9575521946 16.2808418274
02069 1461244362.9976274967 16.1847019196
02070 1461244363.0376353264 16.1847019196
02071 1461244363.0775806904 16.1847019196
02072 1461244363.1198832989 16.1847019196
02073 1461244363.1575701237 16.1847019196
02074 1461244363.1976304054 15.7936840057
02075 1461244363.2376530170 15.7936840057
02076 1461244363.2776777744 15.7936840057
02077 1461244363.3197004795 15.7936840057
02078 1461244363.3577024937 15.7936840057
02079 1461244363.3976662159 15.2475786209
02080 1461244363.4377281666 15.2475786209
02081 1461244363.4777998924 15.2475786209
02082 1461244363.5202033520 15.2475786209
02083 1461244363.5578868389 15.2475786209
02084 1461244363.5980637074 14.6464557648
02085 1461244363.6378417015 14.6464557648
02086 1461244363.6777391434 14.6464557648
02087 1461244363.7199118137 14.6464557648
02088 1461244363.7577233315 14.6464557648
02089 1461244363.7978987694 14.0564212799
02090 1461244363.8378584385 14.0564212799
02091 1461244363.8778486252 14.0564212799
02092 1461244363.9201681614 14.0564212799
02093 1461244363.9578979015 14.0564212799
02094 1461244363.9978258610 13.4903860092
02095 1461244364.0381121635 13.4903860092
02096 1461244364.0779979229 13.4903860092
02097 1461244364.1203947067 13.4903860092
02098 1461244364.1579229832 13.4903860092
02099 1461244364.1980226040 12.9743156433
02100 1461244364.2380533218 12.9743156433
02101 1461244364.2779810429 12.9743156433
02102 1461244364.3204605579 12.9743156433
02103 1461244364.3579747677 12.9743156433
02104 1461244364.4009749889 12.4822454453
02105 1461244364.4378774166 12.4822454453
02106 1461244364.4780876637 12.4822454453
02107 1461244364.5204305649 12.4822454453
02108 1461244364.5580904484 12.4822454453
02109 1461244364.5981481075 12.0231580734
02110 1461244364.6380851269 12.0231580734
02111 1461244364.6780683994 12.0231580734
02112 1461244364.7198808193 12.0231580734
02113 1461244364.7580811977 12.0231580734
02114 1461244364.7981336117 11.5911579132
02115 1461244364.8381586075 11.5911579132
02116 1461244364.8780910969 11.5911579132
02117 1461244364.9206635952 11.5911579132
02118 1461244364.9582240582 11.5911579132
02119 1461244364.9982309341 11.1800699234
02120 1461244365.0382506847 11.1800699234
02121 1461244365.0781378746 11.1800699234
02122 1461244365.1211664677 11.1800699234
02123 1461244365.1585698128 11.1800699234
02124 1461244365.1993212700 10.7510175705
02125 1461244365.2385964394 10.7510175705
02126 1461244365.2786152363 10.7510175705
02127 1461244365.3201200962 10.7510175705
02128 1461244365.3582248688 10.7510175705
02129 1461244365.4011473656 10.3729124069
02130 1461244365.4382774830 10.3729124069
02131 1461244365.4789717197 10.3729124069
02132 1461244365.5208854675 10.3729124069
02133 1461244365.5589716434 10.3729124069
02134 1461244365.5999367237 10.0308771133
02135 1461244365.6383183002 10.0308771133
02136 1461244365.6782877445 10.0308771133
02137 1461244365.7203750610 10.0308771133
02138 1461244365.7584621906 10.0308771133
02139 1461244365.7984249592 9.6968421936
02140 1461244365.8385028839 9.6968421936
02141 1461244365.8783638477 9.6968421936
02142 1461244365.9212450981 9.6968421936
02143 1461244365.9584798813 9.6968421936
02144 1461244365.9985234737 9.3778247833
02145 1461244366.0385775566 9.3778247833
02146 1461244366.0792946815 9.3778247833
02147 1461244366.1212749481 9.3778247833
02148 1461244366.1585144997 9.3778247833
02149 1461244366.1984813213 9.1616840363
02150 1461244366.2389020920 9.1616840363
02151 1461244366.2786383629 9.1616840363
02152 1461244366.3203685284 9.1616840363
02153 1461244366.3586242199 9.1616840363
02154 1461244366.4014902115 8.9726314545
02155 1461244366.4385917187 8.9726314545
02156 1461244366.4785687923 8.9726314545
02157 1461244366.5203866959 8.9726314545
02158 1461244366.5586609840 8.8245611191
02159 1461244366.6014618874 8.8245611191
02160 1461244366.6387348175 8.8245611191
02161 1461244366.6815993786 8.8245611191
02162 1461244366.7188904285 8.8245611191
02163 1461244366.7601807117 8.8245611191
02164 1461244366.7986743450 8.8245611191
02165 1461244366.8387086391 8.8245611191
02166 1461244366.8786625862 8.8245611191
02167 1461244366.9223120213 8.8245611191
02168 1461244366.9587271214 8.6895437241
02169 1461244366.9987366199 8.6895437241
02170 1461244367.0387499332 8.6895437241
02171 1461244367.0793883801 8.6895437241
02172 1461244367.1242167950 8.6895437241
02173 1461244367.1586215496 8.6895437241
02174 1461244367.1989717484 8.5194387436
02175 1461244367.2388818264 8.5194387436
02176 1461244367.2789554596 8.5194387436
02177 1461244367.3209302425 8.5194387436
02178 1461244367.3590030670 8.3663158417
02179 1461244367.3989336491 8.3663158417
02180 1461244367.4391603470 8.3663158417
02181 1461244367.4789946079 8.3663158417
02182 1461244367.5210072994 8.3663158417
02183 1461244367.5589132309 8.3663158417
02184 1461244367.5989737511 8.2122106552
02185 1461244367.6389226913 8.2122106552
02186 1461244367.6791667938 8.2122106552
02187 1461244367.7189323902 8.2122106552
02188 1461244367.7589936256 8.2122106552
02189 1461244367.7998387814 8.2122106552
02190 1461244367.8398120403 8.2122106552
02191 1461244367.8791720867 8.2122106552
02192 1461244367.9214448929 8.2122106552
02193 1461244367.9591770172 8.2122106552
02194 1461244367.9990835190 8.0801401138
02195 1461244368.0394906998 8.0801401138
02196 1461244368.0791413784 8.0801401138
02197 1461244368.1216101646 8.0801401138
02198 1461244368.1591572762 8.0801401138
02199 1461244368.1991770267 7.9410524368
02200 1461244368.2392666340 7.9410524368
02201 1461244368.2791934013 7.9410524368
02202 1461244368.3218581676 7.9410524368
02203 1461244368.3591902256 7.9410524368
02204 1461244368.3991320133 7.7580351830
02205 1461244368.4391455650 7.7580351830
02206 1461244368.4791533947 7.7580351830
02207 1461244368.5212998390 7.7580351830
02208 1461244368.5592417717 7.7580351830
02209 1461244368.5992183685 7.6119298935
02210 1461244368.6394147873 7.6119298935
02211 1461244368.6792383194 7.6119298935
02212 1461244368.7212369442 7.6119298935
02213 1461244368.7592577934 7.6119298935
02214 1461244368.7992565632 7.5108771324
02215 1461244368.8392601013 7.5108771324
02216 1461244368.8805222511 7.5108771324
02217 1461244368.9195492268 7.5108771324
02218 1461244368.9593415260 7.5108771324
02219 1461244368.9993894100 7.5108771324
02220 1461244369.0393197536 7.5108771324
02221 1461244369.0796983242 7.5108771324
02222 1461244369.1224317551 7.5108771324
02223 1461244369.1594777107 7.5108771324
02224 1461244369.1993625164 7.6391577721
02225 1461244369.2394878864 7.6391577721
02226 1461244369.2809135914 7.6391577721
02227 1461244369.3213748932 7.6391577721
02228 1461244369.3594751358 7.6391577721
02229 1461244369.3994822502 7.7192983627
02230 1461244369.4395129681 7.7192983627
02231 1461244369.4794971943 7.7192983627
02232 1461244369.5202317238 7.7192983627
02233 1461244369.5595102310 7.7192983627
02234 1461244369.5996196270 7.7192983627
02235 1461244369.6396768093 7.7192983627
02236 1461244369.6795296669 7.7192983627
02237 1461244369.7195651531 7.7192983627
02238 1461244369.7597277164 7.7192983627
02239 1461244369.7996971607 7.7192983627
02240 1461244369.8396558762 7.7192983627
02241 1461244369.8796138763 7.7192983627
02242 1461244369.9221074581 7.7192983627
02243 1461244369.9597492218 7.7192983627
02244 1461244369.9997496605 7.7855439186
02245 1461244370.0397508144 7.7855439186
02246 1461244370.0797276497 7.7855439186
02247 1461244370.1197721958 7.7855439186
02248 1461244370.1597898006 7.7855439186
02249 1461244370.1997854710 7.7855439186
