00000 1461245212.2386133671 10.0299882889
00001 1461245212.2786371708 10.0299882889
00002 1461245212.3214573860 10.0299882889
00003 1461245212.3584794998 9.9539155960
00004 1461245212.3986010551 9.9539155960
00005 1461245212.4384117126 9.9539155960
00006 1461245212.4815962315 9.9539155960
00007 1461245212.5189516544 9.9539155960
00008 1461245212.5584323406 9.9539155960
00009 1461245212.5984258652 9.9539155960
00010 1461245212.6388914585 9.9539155960
00011 1461245212.6783246994 9.9539155960
00012 1461245212.7184231281 9.9539155960
00013 1461245212.7583053112 9.9539155960
00014 1461245212.7982945442 9.9539155960
00015 1461245212.8408229351 9.9539155960
00016 1461245212.8789308071 9.9539155960
00017 1461245212.9206776619 9.9539155960
00018 1461245212.9582953453 9.8857326508
00019 1461245212.9982950687 9.8857326508
00020 1461245213.0410907269 9.8857326508
00021 1461245213.0782353878 9.8857326508
00022 1461245213.1206271648 9.8857326508
00023 1461245213.1580059528 9.7947273254
00024 1461245213.1981468201 9.7947273254
00025 1461245213.2381985188 9.7947273254
00026 1461245213.2792606354 9.7947273254
00027 1461245213.3181273937 9.7947273254
00028 1461245213.3589322567 9.7947273254
00029 1461245213.3980276585 9.7947273254
00030 1461245213.4379813671 9.7947273254
00031 1461245213.4779763222 9.7947273254
00032 1461245213.5179214478 9.7947273254
00033 1461245213.5579695702 9.7947273254
00034 1461245213.5979213715 9.7947273254
00035 1461245213.6379115582 9.7947273254
00036 1461245213.6778984070 9.7947273254
00037 1461245213.7178840637 9.7947273254
00038 1461245213.7607181072 9.7947273254
00039 1461245213.7978420258 9.7947273254
00040 1461245213.8377959728 9.7947273254
00041 1461245213.8777933121 9.7947273254
00042 1461245213.9178807735 9.7947273254
00043 1461245213.9577653408 9.7947273254
00044 1461245213.9977490902 9.7947273254
00045 1461245214.0377461910 9.7947273254
00046 1461245214.0777244568 9.7947273254
00047 1461245214.1176695824 9.7947273254
00048 1461245214.1576738358 9.7947273254
00049 1461245214.1981775761 9.7947273254
00050 1461245214.2376563549 9.7947273254
00051 1461245214.2780601978 9.7947273254
00052 1461245214.3176066875 9.7947273254
00053 1461245214.3575890064 9.7947273254
00054 1461245214.3972585201 9.7947273254
00055 1461245214.4375450611 9.7947273254
00056 1461245214.4774422646 9.7947273254
00057 1461245214.5174541473 9.7947273254
00058 1461245214.5573825836 9.7947273254
00059 1461245214.5974414349 9.7947273254
00060 1461245214.6373848915 9.7947273254
00061 1461245214.6773707867 9.7947273254
00062 1461245214.7205190659 9.7947273254
00063 1461245214.7573130131 9.7947273254
00064 1461245214.7973742485 9.7947273254
00065 1461245214.8373470306 9.7947273254
00066 1461245214.8773159981 9.7947273254
00067 1461245214.9180412292 9.7947273254
00068 1461245214.9573240280 9.7947273254
00069 1461245214.9972889423 9.7947273254
00070 1461245215.0387418270 9.7947273254
00071 1461245215.0772323608 9.7947273254
00072 1461245215.1196818352 9.7947273254
00073 1461245215.1571469307 9.6766748428
00074 1461245215.1972224712 9.6766748428
00075 1461245215.2371089458 9.6766748428
00076 1461245215.2769086361 9.6766748428
00077 1461245215.3170845509 9.6766748428
00078 1461245215.3571083546 9.6766748428
00079 1461245215.3978047371 9.6766748428
00080 1461245215.4369971752 9.6766748428
00081 1461245215.4770345688 9.6766748428
00082 1461245215.5170257092 9.6766748428
00083 1461245215.5570507050 9.6766748428
00084 1461245215.5969982147 9.6766748428
00085 1461245215.6369390488 9.6766748428
00086 1461245215.6769633293 9.6766748428
00087 1461245215.7192251682 9.6766748428
00088 1461245215.7569644451 9.6766748428
00089 1461245215.7992863655 9.5296010971
00090 1461245215.8368473053 9.5296010971
00091 1461245215.8768379688 9.5296010971
00092 1461245215.9194207191 9.5296010971
00093 1461245215.9567811489 9.3295593262
00094 1461245215.9969441891 9.3295593262
00095 1461245216.0377857685 9.3295593262
00096 1461245216.0768516064 9.3295593262
00097 1461245216.1194541454 9.3295593262
00098 1461245216.1566867828 9.1362800598
00099 1461245216.1977617741 9.1362800598
00100 1461245216.2389879227 9.1362800598
00101 1461245216.2765150070 9.1362800598
00102 1461245216.3197402954 9.1362800598
00103 1461245216.3586018085 8.9362373352
00104 1461245216.3965892792 8.9362373352
00105 1461245216.4366822243 8.9362373352
00106 1461245216.4766552448 8.9362373352
00107 1461245216.5188386440 8.9362373352
00108 1461245216.5565850735 8.7570457458
00109 1461245216.5965516567 8.7570457458
00110 1461245216.6365664005 8.7570457458
00111 1461245216.6764993668 8.7570457458
00112 1461245216.7187292576 8.6260318756
00113 1461245216.7565190792 8.6260318756
00114 1461245216.7980692387 8.6260318756
00115 1461245216.8378086090 8.6260318756
00116 1461245216.8768897057 8.6260318756
00117 1461245216.9169063568 8.6260318756
00118 1461245216.9565689564 8.6260318756
00119 1461245216.9964628220 8.6260318756
00120 1461245217.0370314121 8.6260318756
00121 1461245217.0775001049 8.6260318756
00122 1461245217.1235938072 8.6742115021
00123 1461245217.1562881470 8.6742115021
00124 1461245217.1963105202 8.6742115021
00125 1461245217.2363617420 8.6742115021
00126 1461245217.2779774666 8.6742115021
00127 1461245217.3194143772 8.6742115021
00128 1461245217.3571944237 8.7756404877
00129 1461245217.3962607384 8.7756404877
00130 1461245217.4360327721 8.7756404877
00131 1461245217.4759898186 8.7756404877
00132 1461245217.5193784237 8.7756404877
00133 1461245217.5560681820 8.7756404877
00134 1461245217.5961518288 8.8708715439
00135 1461245217.6360971928 8.8708715439
00136 1461245217.6760804653 8.8708715439
00137 1461245217.7163121700 8.8708715439
00138 1461245217.7561359406 8.8708715439
00139 1461245217.7960188389 8.8708715439
00140 1461245217.8359620571 8.8708715439
00141 1461245217.8760538101 8.8708715439
00142 1461245217.9186818600 8.8708715439
00143 1461245217.9559831619 8.9742736816
00144 1461245217.9958789349 8.9742736816
00145 1461245218.0358095169 8.9742736816
00146 1461245218.0758986473 8.9742736816
00147 1461245218.1177985668 8.9742736816
00148 1461245218.1557722092 9.1055688858
00149 1461245218.1958565712 9.1055688858
00150 1461245218.2357838154 9.1055688858
00151 1461245218.2769167423 9.1055688858
00152 1461245218.3157010078 9.1055688858
00153 1461245218.3556928635 9.1055688858
00154 1461245218.3956441879 9.1055688858
00155 1461245218.4356763363 9.1055688858
00156 1461245218.4756572247 9.1055688858
00157 1461245218.5156264305 9.1055688858
00158 1461245218.5565092564 9.1055688858
00159 1461245218.5955464840 9.1055688858
00160 1461245218.6354985237 9.1055688858
00161 1461245218.6754863262 9.1055688858
00162 1461245218.7154591084 9.1055688858
00163 1461245218.7554717064 9.1055688858
00164 1461245218.7970159054 9.1055688858
00165 1461245218.8354787827 9.1055688858
00166 1461245218.8754391670 9.1055688858
00167 1461245218.9158587456 9.1055688858
00168 1461245218.9560992718 9.1055688858
00169 1461245218.9952092171 9.1055688858
00170 1461245219.0353655815 9.1055688858
00171 1461245219.0753600597 9.1055688858
00172 1461245219.1153945923 9.1055688858
00173 1461245219.1553511620 9.1055688858
00174 1461245219.1952452660 9.1055688858
00175 1461245219.2353386879 9.1055688858
00176 1461245219.2752540112 9.1055688858
00177 1461245219.3151986599 9.1055688858
00178 1461245219.3555161953 9.1055688858
00179 1461245219.3962066174 9.1055688858
00180 1461245219.4365475178 9.1055688858
00181 1461245219.4751319885 9.1055688858
00182 1461245219.5152997971 9.1055688858
00183 1461245219.5553331375 9.1055688858
00184 1461245219.5950860977 9.1055688858
00185 1461245219.6350722313 9.1055688858
00186 1461245219.6750285625 9.1055688858
00187 1461245219.7151687145 9.1055688858
00188 1461245219.7551093102 9.1055688858
00189 1461245219.7951092720 9.1055688858
00190 1461245219.8351354599 9.1055688858
00191 1461245219.8750073910 9.1055688858
00192 1461245219.9150719643 9.1055688858
00193 1461245219.9560575485 9.1055688858
00194 1461245219.9955692291 9.1055688858
00195 1461245220.0349934101 9.1055688858
00196 1461245220.0749888420 9.1055688858
00197 1461245220.1149272919 9.1055688858
00198 1461245220.1549391747 9.1055688858
00199 1461245220.1949863434 9.1055688858
00200 1461245220.2348864079 9.1055688858
00201 1461245220.2746753693 9.1055688858
00202 1461245220.3148651123 9.1055688858
00203 1461245220.3552801609 9.1055688858
00204 1461245220.3947801590 9.1055688858
00205 1461245220.4375624657 9.1055688858
00206 1461245220.4752914906 9.1055688858
00207 1461245220.5147097111 9.1055688858
00208 1461245220.5546801090 9.1055688858
00209 1461245220.5947129726 9.1055688858
00210 1461245220.6346778870 9.1055688858
00211 1461245220.6746199131 9.1055688858
00212 1461245220.7174782753 9.1055688858
00213 1461245220.7545893192 9.1055688858
00214 1461245220.7945947647 9.1055688858
00215 1461245220.8345494270 9.1055688858
00216 1461245220.8745265007 9.1055688858
00217 1461245220.9172937870 9.1055688858
00218 1461245220.9547045231 9.0204811096
00219 1461245220.9956076145 9.0204811096
00220 1461245221.0344886780 9.0204811096
00221 1461245221.0755350590 9.0204811096
00222 1461245221.1167316437 9.0204811096
00223 1461245221.1543490887 9.0204811096
00224 1461245221.1973295212 8.9263763428
00225 1461245221.2354447842 8.9263763428
00226 1461245221.2747049332 8.9263763428
00227 1461245221.3170430660 8.9263763428
00228 1461245221.3543961048 8.8083238602
00229 1461245221.3949096203 8.8083238602
00230 1461245221.4343159199 8.8083238602
00231 1461245221.4743416309 8.8083238602
00232 1461245221.5167071819 8.8083238602
00233 1461245221.5542137623 8.6651954651
00234 1461245221.5970792770 8.6651954651
00235 1461245221.6341187954 8.6651954651
00236 1461245221.6740837097 8.6651954651
00237 1461245221.7168850899 8.6651954651
00238 1461245221.7547376156 8.5231933594
00239 1461245221.7938969135 8.5231933594
00240 1461245221.8340981007 8.5231933594
00241 1461245221.8741161823 8.5231933594
00242 1461245221.9141285419 8.5231933594
00243 1461245221.9540746212 8.5231933594
00244 1461245221.9943468571 8.5231933594
00245 1461245222.0341024399 8.5231933594
00246 1461245222.0740499496 8.5231933594
00247 1461245222.1144125462 8.5231933594
00248 1461245222.1543231010 8.5231933594
00249 1461245222.1939435005 8.5231933594
00250 1461245222.2341928482 8.5231933594
00251 1461245222.2738366127 8.5231933594
00252 1461245222.3139302731 8.5231933594
00253 1461245222.3539175987 8.5231933594
00254 1461245222.3938772678 8.5231933594
00255 1461245222.4338600636 8.5231933594
00256 1461245222.4737596512 8.5231933594
00257 1461245222.5137591362 8.5231933594
00258 1461245222.5537998676 8.5231933594
00259 1461245222.5937514305 8.5231933594
00260 1461245222.6337137222 8.5231933594
00261 1461245222.6737203598 8.5231933594
00262 1461245222.7163183689 8.5231933594
00263 1461245222.7537057400 8.6415281296
00264 1461245222.7935960293 8.6415281296
00265 1461245222.8337757587 8.6415281296
00266 1461245222.8740253448 8.6415281296
00267 1461245222.9200484753 8.6415281296
00268 1461245222.9538900852 8.9317293167
00269 1461245222.9942142963 8.9317293167
00270 1461245223.0346691608 8.9317293167
00271 1461245223.0734467506 8.9317293167
00272 1461245223.1175801754 8.9317293167
00273 1461245223.1537103653 8.9317293167
00274 1461245223.1939785480 9.3171625137
00275 1461245223.2334897518 9.3171625137
00276 1461245223.2762775421 9.3171625137
00277 1461245223.3161120415 9.3171625137
00278 1461245223.3535604477 9.7673978806
00279 1461245223.3963084221 9.7673978806
00280 1461245223.4334244728 9.7673978806
00281 1461245223.4763660431 9.7673978806
00282 1461245223.5159115791 9.7673978806
00283 1461245223.5532269478 10.2615861893
00284 1461245223.5937964916 10.2615861893
00285 1461245223.6337623596 10.2615861893
00286 1461245223.6738557816 10.2615861893
00287 1461245223.7184436321 10.2615861893
00288 1461245223.7531962395 10.2615861893
00289 1461245223.7946550846 10.5038900375
00290 1461245223.8356330395 10.5038900375
00291 1461245223.8730883598 10.5038900375
00292 1461245223.9200563431 10.5038900375
00293 1461245223.9530894756 11.0702056885
00294 1461245223.9929523468 11.0702056885
00295 1461245224.0330712795 11.0702056885
00296 1461245224.0731449127 11.0702056885
00297 1461245224.1153819561 11.0702056885
00298 1461245224.1539254189 11.0702056885
00299 1461245224.1935453415 11.6353950500
00300 1461245224.2354321480 11.6353950500
00301 1461245224.2737538815 11.6353950500
00302 1461245224.3155586720 11.6353950500
00303 1461245224.3532385826 12.8446617126
00304 1461245224.3938524723 12.8446617126
00305 1461245224.4328749180 12.8446617126
00306 1461245224.4729259014 12.8446617126
00307 1461245224.5148835182 12.8446617126
00308 1461245224.5528647900 14.2339668274
00309 1461245224.5929291248 14.2339668274
00310 1461245224.6327681541 14.2339668274
00311 1461245224.6727247238 14.2339668274
00312 1461245224.7159602642 14.2339668274
00313 1461245224.7527925968 15.1231670380
00314 1461245224.7944321632 15.1231670380
00315 1461245224.8326790333 15.1231670380
00316 1461245224.8756740093 15.1231670380
00317 1461245224.9147469997 15.1231670380
00318 1461245224.9525957108 15.8213415146
00319 1461245224.9955275059 15.8213415146
00320 1461245225.0326573849 15.8213415146
00321 1461245225.0726392269 15.8213415146
00322 1461245225.1127059460 15.8213415146
00323 1461245225.1526651382 15.8213415146
00324 1461245225.1925883293 15.8213415146
00325 1461245225.2325465679 15.8213415146
00326 1461245225.2728946209 15.8213415146
00327 1461245225.3150868416 15.8213415146
00328 1461245225.3524603844 15.8213415146
00329 1461245225.3923950195 15.6311607361
00330 1461245225.4323935509 15.6311607361
00331 1461245225.4723818302 15.6311607361
00332 1461245225.5145018101 15.6311607361
00333 1461245225.5527164936 14.8811445236
00334 1461245225.5923364162 14.8811445236
00335 1461245225.6323244572 14.8811445236
00336 1461245225.6723582745 14.8811445236
00337 1461245225.7145776749 14.8811445236
00338 1461245225.7526144981 13.6189088821
00339 1461245225.7922754288 13.6189088821
00340 1461245225.8322107792 13.6189088821
00341 1461245225.8738648891 13.6189088821
00342 1461245225.9140284061 13.6189088821
00343 1461245225.9522407055 13.6189088821
00344 1461245225.9922542572 12.3237075806
00345 1461245226.0321152210 12.3237075806
00346 1461245226.0721158981 12.3237075806
00347 1461245226.1181821823 12.3237075806
00348 1461245226.1527528763 10.9614505768
00349 1461245226.1927547455 10.9614505768
00350 1461245226.2320375443 10.9614505768
00351 1461245226.2721383572 10.9614505768
00352 1461245226.3148136139 10.9614505768
00353 1461245226.3519616127 9.8482599258
00354 1461245226.3923802376 9.8482599258
00355 1461245226.4319431782 9.8482599258
00356 1461245226.4719479084 9.8482599258
00357 1461245226.5146117210 9.8482599258
00358 1461245226.5519008636 9.8482599258
00359 1461245226.5919866562 9.0371036530
00360 1461245226.6322505474 9.0371036530
00361 1461245226.6746907234 9.0371036530
00362 1461245226.7145388126 9.0371036530
00363 1461245226.7517683506 8.4268350601
00364 1461245226.7924289703 8.4268350601
00365 1461245226.8316786289 8.4268350601
00366 1461245226.8717710972 8.4268350601
00367 1461245226.9142656326 8.4268350601
00368 1461245226.9517295361 7.9447627068
00369 1461245226.9920063019 7.9447627068
00370 1461245227.0316050053 7.9447627068
00371 1461245227.0716631413 7.9447627068
00372 1461245227.1116364002 7.9447627068
00373 1461245227.1515684128 7.9447627068
00374 1461245227.1915566921 7.9447627068
00375 1461245227.2316460609 7.9447627068
00376 1461245227.2712919712 7.9447627068
00377 1461245227.3142368793 7.9447627068
00378 1461245227.3515532017 7.9447627068
00379 1461245227.3924825191 7.9447627068
00380 1461245227.4314322472 7.8765792847
00381 1461245227.4714827538 7.8765792847
00382 1461245227.5133919716 7.8765792847
00383 1461245227.5515389442 7.9867429733
00384 1461245227.5921049118 7.9867429733
00385 1461245227.6313972473 7.9867429733
00386 1461245227.6713898182 7.9867429733
00387 1461245227.7153160572 7.9867429733
00388 1461245227.7513682842 8.1439590454
00389 1461245227.7943003178 8.1439590454
00390 1461245227.8313834667 8.1439590454
00391 1461245227.8712575436 8.1439590454
00392 1461245227.9139807224 8.1439590454
00393 1461245227.9513354301 8.3042745590
00394 1461245227.9912447929 8.3042745590
00395 1461245228.0309920311 8.3042745590
00396 1461245228.0712399483 8.3042745590
00397 1461245228.1137404442 8.3042745590
00398 1461245228.1510832310 8.3042745590
00399 1461245228.1912167072 8.5595388412
00400 1461245228.2312121391 8.5595388412
00401 1461245228.2710011005 8.5595388412
00402 1461245228.3133749962 8.5595388412
00403 1461245228.3510539532 8.7649345398
00404 1461245228.3911015987 8.7649345398
00405 1461245228.4309964180 8.7649345398
00406 1461245228.4711844921 8.7649345398
00407 1461245228.5144968033 8.7649345398
00408 1461245228.5514540672 8.9472255707
00409 1461245228.5910255909 8.9472255707
00410 1461245228.6309740543 8.9472255707
00411 1461245228.6709322929 8.9472255707
00412 1461245228.7109045982 8.9472255707
00413 1461245228.7508800030 8.9472255707
00414 1461245228.7908508778 8.9472255707
00415 1461245228.8308131695 8.9472255707
00416 1461245228.8708043098 8.9080629349
00417 1461245228.9139506817 8.9080629349
00418 1461245228.9508206844 8.9080629349
00419 1461245228.9908473492 8.9080629349
00420 1461245229.0307650566 8.9080629349
00421 1461245229.0706467628 8.9080629349
00422 1461245229.1130268574 8.9080629349
00423 1461245229.1506798267 8.8049430847
00424 1461245229.1907522678 8.8049430847
00425 1461245229.2306427956 8.8049430847
00426 1461245229.2704670429 8.8049430847
00427 1461245229.3127768040 8.8049430847
00428 1461245229.3506393433 8.6268768311
00429 1461245229.3906049728 8.6268768311
00430 1461245229.4305841923 8.6268768311
00431 1461245229.4705789089 8.6268768311
00432 1461245229.5131447315 8.6268768311
00433 1461245229.5506038666 8.6268768311
00434 1461245229.5904362202 8.3468189240
00435 1461245229.6321640015 8.3468189240
00436 1461245229.6704096794 8.3468189240
00437 1461245229.7130019665 8.3468189240
00438 1461245229.7503573895 7.9757547379
00439 1461245229.7904715538 7.9757547379
00440 1461245229.8304319382 7.9757547379
00441 1461245229.8703162670 7.9757547379
00442 1461245229.9123280048 7.9757547379
00443 1461245229.9503450394 7.6035642624
00444 1461245229.9902887344 7.6035642624
00445 1461245230.0302548409 7.6035642624
00446 1461245230.0701682568 7.6035642624
00447 1461245230.1124963760 7.6035642624
00448 1461245230.1510400772 7.6035642624
00449 1461245230.1904520988 7.2234845161
00450 1461245230.2302305698 7.2234845161
00451 1461245230.2700438499 7.2234845161
00452 1461245230.3123979568 7.2234845161
00453 1461245230.3502078056 7.2234845161
00454 1461245230.3901731968 6.8442502022
00455 1461245230.4301283360 6.8442502022
00456 1461245230.4701051712 6.8442502022
00457 1461245230.5121607780 6.8442502022
00458 1461245230.5500962734 6.8442502022
00459 1461245230.5900862217 6.5320720673
00460 1461245230.6298727989 6.5320720673
00461 1461245230.6699938774 6.5320720673
00462 1461245230.7122662067 6.5320720673
00463 1461245230.7500517368 6.2649741173
00464 1461245230.7902429104 6.2649741173
00465 1461245230.8299658298 6.2649741173
00466 1461245230.8698580265 6.2649741173
00467 1461245230.9119975567 6.2649741173
00468 1461245230.9498589039 6.2649741173
00469 1461245230.9897930622 6.0488724709
00470 1461245231.0298058987 6.0488724709
00471 1461245231.0697960854 6.0488724709
00472 1461245231.1117994785 6.0488724709
00473 1461245231.1498034000 6.0488724709
00474 1461245231.1897914410 5.8846125603
00475 1461245231.2298219204 5.8846125603
00476 1461245231.2709565163 5.8846125603
00477 1461245231.3116576672 5.8846125603
00478 1461245231.3496088982 5.7014756203
00479 1461245231.3898468018 5.7014756203
00480 1461245231.4296069145 5.7014756203
00481 1461245231.4694352150 5.7014756203
00482 1461245231.5118553638 5.7014756203
00483 1461245231.5524206161 5.5594739914
00484 1461245231.5895111561 5.5594739914
00485 1461245231.6296119690 5.5594739914
00486 1461245231.6696248055 5.5594739914
00487 1461245231.7095367908 5.5594739914
00488 1461245231.7495279312 5.5594739914
00489 1461245231.7894697189 5.5594739914
00490 1461245231.8294274807 5.5594739914
00491 1461245231.8693795204 5.5594739914
00492 1461245231.9116497040 5.5594739914
00493 1461245231.9494571686 5.5594739914
00494 1461245231.9893686771 5.5594739914
00495 1461245232.0293533802 5.6138520241
00496 1461245232.0737185478 5.6138520241
00497 1461245232.1113398075 5.6138520241
00498 1461245232.1493058205 5.6710467339
00499 1461245232.1893293858 5.6710467339
00500 1461245232.2294716835 5.6710467339
00501 1461245232.2720208168 5.6710467339
00502 1461245232.3116631508 5.6710467339
00503 1461245232.3521554470 5.7273964882
00504 1461245232.3906860352 5.7273964882
00505 1461245232.4291932583 5.7273964882
00506 1461245232.4692056179 5.7273964882
00507 1461245232.5113761425 5.7273964882
00508 1461245232.5491402149 5.9406809807
00509 1461245232.5891160965 5.9406809807
00510 1461245232.6290869713 5.9406809807
00511 1461245232.6695349216 5.9406809807
00512 1461245232.7114765644 5.9406809807
00513 1461245232.7490231991 6.2649741173
00514 1461245232.7889866829 6.2649741173
00515 1461245232.8296823502 6.2649741173
00516 1461245232.8689458370 6.2649741173
00517 1461245232.9113328457 6.2649741173
00518 1461245232.9489037991 6.6622405052
00519 1461245232.9888439178 6.6622405052
00520 1461245233.0295491219 6.6622405052
00521 1461245233.0690519810 6.6622405052
00522 1461245233.1114416122 6.6622405052
00523 1461245233.1489090919 7.1595277786
00524 1461245233.1888356209 7.1595277786
00525 1461245233.2288417816 7.1595277786
00526 1461245233.2686796188 7.1595277786
00527 1461245233.3115062714 7.1595277786
00528 1461245233.3487465382 7.7827568054
00529 1461245233.3886768818 7.7827568054
00530 1461245233.4287474155 7.7827568054
00531 1461245233.4686713219 7.7827568054
00532 1461245233.5110192299 7.7827568054
00533 1461245233.5503904819 8.4020414352
00534 1461245233.5886728764 8.4020414352
00535 1461245233.6286978722 8.4020414352
00536 1461245233.6686813831 8.4020414352
00537 1461245233.7120578289 8.4020414352
00538 1461245233.7486677170 8.9514522552
00539 1461245233.7892901897 8.9514522552
00540 1461245233.8284847736 8.9514522552
00541 1461245233.8685154915 8.9514522552
00542 1461245233.9111990929 8.9514522552
00543 1461245233.9485199451 9.4867753983
00544 1461245233.9885296822 9.4867753983
00545 1461245234.0284883976 9.4867753983
00546 1461245234.0699203014 9.4867753983
00547 1461245234.1104509830 9.4867753983
00548 1461245234.1484544277 9.9730749130
00549 1461245234.1884243488 9.9730749130
00550 1461245234.2283060551 9.9730749130
00551 1461245234.2682721615 9.9730749130
00552 1461245234.3106341362 9.9730749130
00553 1461245234.3482894897 10.3483648300
00554 1461245234.3883397579 10.3483648300
00555 1461245234.4282128811 10.3483648300
00556 1461245234.4681451321 10.3483648300
00557 1461245234.5105297565 10.3483648300
00558 1461245234.5482337475 10.6087007523
00559 1461245234.5881626606 10.6087007523
00560 1461245234.6280999184 10.6087007523
00561 1461245234.6689825058 10.6087007523
00562 1461245234.7101836205 10.6087007523
00563 1461245234.7481157780 10.6087007523
00564 1461245234.7880783081 10.9380655289
00565 1461245234.8282849789 10.9380655289
00566 1461245234.8681094646 10.9380655289
00567 1461245234.9108064175 10.9380655289
00568 1461245234.9480810165 11.3164548874
00569 1461245234.9883439541 11.3164548874
00570 1461245235.0280702114 11.3164548874
00571 1461245235.0680413246 11.3164548874
00572 1461245235.1131706238 11.3164548874
00573 1461245235.1478066444 12.0478754044
00574 1461245235.1878643036 12.0478754044
00575 1461245235.2278659344 12.0478754044
00576 1461245235.2687628269 12.0478754044
00577 1461245235.3128542900 12.0478754044
00578 1461245235.3478970528 12.0478754044
00579 1461245235.3877620697 12.4890947342
00580 1461245235.4278552532 12.4890947342
00581 1461245235.4676716328 12.4890947342
00582 1461245235.5103275776 12.4890947342
00583 1461245235.5477476120 12.8063440323
00584 1461245235.5877048969 12.8063440323
00585 1461245235.6277554035 12.8063440323
00586 1461245235.6677606106 12.8063440323
00587 1461245235.7101893425 12.8063440323
00588 1461245235.7477204800 12.8063440323
00589 1461245235.7875986099 13.2255868912
00590 1461245235.8285043240 13.2255868912
00591 1461245235.8674864769 13.2255868912
00592 1461245235.9098744392 13.2255868912
00593 1461245235.9475960732 13.5887613297
00594 1461245235.9875316620 13.5887613297
00595 1461245236.0275633335 13.5887613297
00596 1461245236.0674738884 13.5887613297
00597 1461245236.1120607853 13.5887613297
00598 1461245236.1474506855 13.8169784546
00599 1461245236.1873288155 13.8169784546
00600 1461245236.2275252342 13.8169784546
00601 1461245236.2672715187 13.8169784546
00602 1461245236.3073797226 13.8169784546
00603 1461245236.3473510742 13.8169784546
00604 1461245236.3873116970 13.8169784546
00605 1461245236.4273273945 13.8169784546
00606 1461245236.4673027992 13.8169784546
00607 1461245236.5073492527 13.8169784546
00608 1461245236.5483238697 13.8169784546
00609 1461245236.5872650146 13.8169784546
00610 1461245236.6272668839 13.8169784546
00611 1461245236.6672673225 13.8169784546
00612 1461245236.7098538876 13.8169784546
00613 1461245236.7471623421 13.7507667542
00614 1461245236.7871844769 13.7507667542
00615 1461245236.8289301395 13.7507667542
00616 1461245236.8670718670 13.7507667542
00617 1461245236.9100058079 13.7507667542
00618 1461245236.9471194744 13.6217260361
00619 1461245236.9869756699 13.6217260361
00620 1461245237.0270769596 13.6217260361
00621 1461245237.0669846535 13.6217260361
00622 1461245237.1096484661 13.6217260361
00623 1461245237.1468584538 13.4154853821
00624 1461245237.1870079041 13.4154853821
00625 1461245237.2269866467 13.4154853821
00626 1461245237.2668790817 13.4154853821
00627 1461245237.3095955849 13.4154853821
00628 1461245237.3468091488 13.0852756500
00629 1461245237.3892621994 13.0852756500
00630 1461245237.4267606735 13.0852756500
00631 1461245237.4667627811 13.0852756500
00632 1461245237.5092816353 13.0852756500
00633 1461245237.5467300415 13.0852756500
00634 1461245237.5867693424 12.7652082443
00635 1461245237.6267170906 12.7652082443
00636 1461245237.6667714119 12.7652082443
00637 1461245237.7092394829 12.7652082443
00638 1461245237.7478704453 12.2031192780
00639 1461245237.7866649628 12.2031192780
00640 1461245237.8266098499 12.2031192780
00641 1461245237.8666124344 12.2031192780
00642 1461245237.9092054367 12.2031192780
00643 1461245237.9466817379 12.2031192780
00644 1461245237.9865992069 11.5500249863
00645 1461245238.0267617702 11.5500249863
00646 1461245238.0668950081 11.5500249863
00647 1461245238.1090915203 11.5500249863
00648 1461245238.1467661858 11.5500249863
00649 1461245238.1865403652 10.8549489975
00650 1461245238.2267251015 10.8549489975
00651 1461245238.2664589882 10.8549489975
00652 1461245238.3098318577 10.8549489975
00653 1461245238.3464217186 10.1967830658
00654 1461245238.3862884045 10.1967830658
00655 1461245238.4262671471 10.1967830658
00656 1461245238.4662969112 10.1967830658
00657 1461245238.5100712776 10.1967830658
00658 1461245238.5463197231 9.5507326126
00659 1461245238.5862927437 9.5507326126
00660 1461245238.6266136169 9.5507326126
00661 1461245238.6663455963 9.5507326126
00662 1461245238.7085835934 9.5507326126
00663 1461245238.7462763786 9.0765485764
00664 1461245238.7862331867 9.0765485764
00665 1461245238.8275923729 9.0765485764
00666 1461245238.8662493229 9.0765485764
00667 1461245238.9087095261 9.0765485764
00668 1461245238.9462714195 8.7683153152
00669 1461245238.9861650467 8.7683153152
00670 1461245239.0260889530 8.7683153152
00671 1461245239.0661406517 8.7683153152
00672 1461245239.1060974598 8.7683153152
00673 1461245239.1460921764 8.7683153152
00674 1461245239.1860415936 8.7683153152
00675 1461245239.2260706425 8.7683153152
00676 1461245239.2659556866 8.7683153152
00677 1461245239.3060648441 8.7683153152
00678 1461245239.3459458351 8.7683153152
00679 1461245239.3860130310 8.7683153152
00680 1461245239.4261095524 8.7683153152
00681 1461245239.4659068584 8.7683153152
00682 1461245239.5080873966 8.7683153152
00683 1461245239.5458018780 8.7807121277
00684 1461245239.5859487057 8.7807121277
00685 1461245239.6258652210 8.7807121277
00686 1461245239.6657547951 8.7807121277
00687 1461245239.7092041969 8.7807121277
00688 1461245239.7456686497 8.9731464386
00689 1461245239.7856087685 8.9731464386
00690 1461245239.8257377148 8.9731464386
00691 1461245239.8657338619 8.9731464386
00692 1461245239.9080357552 8.9731464386
00693 1461245239.9463987350 9.2664480209
00694 1461245239.9856710434 9.2664480209
00695 1461245240.0270559788 9.2664480209
00696 1461245240.0656335354 9.2664480209
00697 1461245240.1120703220 9.2664480209
00698 1461245240.1454479694 9.4986085892
00699 1461245240.1870729923 9.4986085892
00700 1461245240.2255575657 9.4986085892
00701 1461245240.2673187256 9.4986085892
00702 1461245240.3055701256 9.4986085892
00703 1461245240.3455564976 9.4986085892
00704 1461245240.3871746063 9.4986085892
00705 1461245240.4254753590 9.4986085892
00706 1461245240.4654865265 9.4986085892
00707 1461245240.5071518421 9.4986085892
00708 1461245240.5454981327 9.4986085892
00709 1461245240.5857572556 9.4986085892
00710 1461245240.6274955273 9.4986085892
00711 1461245240.6653943062 9.4986085892
00712 1461245240.7081477642 9.4763507843
00713 1461245240.7470421791 9.4763507843
00714 1461245240.7852907181 9.4763507843
00715 1461245240.8269507885 9.4763507843
00716 1461245240.8658933640 9.4763507843
00717 1461245240.9073932171 9.4721250534
00718 1461245240.9451932907 9.4763507843
00719 1461245240.9851701260 9.4721250534
00720 1461245241.0256807804 9.4721250534
00721 1461245241.0651907921 9.4721250534
00722 1461245241.1102533340 9.4721250534
00723 1461245241.1450629234 9.4721250534
00724 1461245241.1851093769 9.3360395432
00725 1461245241.2251343727 9.3360395432
00726 1461245241.2650640011 9.3360395432
00727 1461245241.3070917130 9.3360395432
00728 1461245241.3450126648 9.2419357300
00729 1461245241.3850049973 9.2419357300
00730 1461245241.4249391556 9.2419357300
00731 1461245241.4649055004 9.2419357300
00732 1461245241.5074717999 9.2419357300
00733 1461245241.5449535847 9.0587987900
00734 1461245241.5848770142 9.0587987900
00735 1461245241.6250400543 9.0587987900
00736 1461245241.6649498940 9.0587987900
00737 1461245241.7070572376 9.0587987900
00738 1461245241.7448480129 8.8787612915
00739 1461245241.7848324776 8.8787612915
00740 1461245241.8261597157 8.8787612915
00741 1461245241.8647797108 8.8787612915
00742 1461245241.9089198112 8.8787612915
00743 1461245241.9448292255 8.8787612915
00744 1461245241.9852437973 8.6187067032
00745 1461245242.0268199444 8.6187067032
00746 1461245242.0647363663 8.6187067032
00747 1461245242.1073777676 8.6187067032
00748 1461245242.1447367668 8.3814735413
00749 1461245242.1843969822 8.3814735413
00750 1461245242.2246017456 8.3814735413
00751 1461245242.2645318508 8.3814735413
00752 1461245242.3068981171 8.3814735413
00753 1461245242.3445975780 8.3814735413
00754 1461245242.3858337402 8.2124242783
00755 1461245242.4245586395 8.2124242783
00756 1461245242.4645142555 8.2124242783
00757 1461245242.5075597763 8.2124242783
00758 1461245242.5444049835 8.2124242783
00759 1461245242.5844230652 8.0281600952
00760 1461245242.6244368553 8.0281600952
00761 1461245242.6653876305 8.0281600952
00762 1461245242.7068817616 8.0281600952
00763 1461245242.7444183826 7.7999434471
00764 1461245242.7842721939 7.7999434471
00765 1461245242.8244040012 7.7999434471
00766 1461245242.8643286228 7.7999434471
00767 1461245242.9065923691 7.7999434471
00768 1461245242.9443426132 7.4587450027
00769 1461245242.9842743874 7.4587450027
00770 1461245243.0243446827 7.4587450027
00771 1461245243.0641915798 7.4587450027
00772 1461245243.1069836617 7.4587450027
00773 1461245243.1442489624 7.4587450027
00774 1461245243.1842374802 7.0904989243
00775 1461245243.2241082191 7.0904989243
00776 1461245243.2641043663 7.0904989243
00777 1461245243.3067994118 7.0904989243
00778 1461245243.3440124989 7.0904989243
00779 1461245243.3840878010 6.5684180260
00780 1461245243.4241483212 6.5684180260
00781 1461245243.4639880657 6.5684180260
00782 1461245243.5077412128 6.5684180260
00783 1461245243.5439071655 6.5684180260
00784 1461245243.5850656033 6.0423922539
00785 1461245243.6240143776 6.0423922539
00786 1461245243.6667923927 6.0423922539
00787 1461245243.7059893608 6.0423922539
00788 1461245243.7439169884 5.5172119141
00789 1461245243.7838475704 5.5172119141
00790 1461245243.8238825798 5.5172119141
00791 1461245243.8641791344 5.5172119141
00792 1461245243.9062676430 5.5172119141
00793 1461245243.9437253475 5.5172119141
00794 1461245243.9838080406 5.1531920433
00795 1461245244.0256018639 5.1531920433
00796 1461245244.0637805462 5.1531920433
00797 1461245244.1063096523 5.1531920433
00798 1461245244.1438674927 4.9661107063
00799 1461245244.1836695671 4.9661107063
00800 1461245244.2235932350 4.9661107063
00801 1461245244.2644495964 4.9661107063
00802 1461245244.3058876991 4.9661107063
00803 1461245244.3435392380 4.9539952278
00804 1461245244.3837904930 4.9539952278
00805 1461245244.4234943390 4.9539952278
00806 1461245244.4634885788 4.9539952278
00807 1461245244.5058639050 4.9539952278
00808 1461245244.5435190201 4.9539952278
00809 1461245244.5835492611 5.1174097061
00810 1461245244.6235070229 5.1174097061
00811 1461245244.6635217667 5.1174097061
00812 1461245244.7056133747 5.1174097061
00813 1461245244.7433898449 5.4295878410
00814 1461245244.7834715843 5.4295878410
00815 1461245244.8234310150 5.4295878410
00816 1461245244.8633232117 5.4295878410
00817 1461245244.9060258865 5.4295878410
00818 1461245244.9434342384 5.4295878410
00819 1461245244.9833631516 5.8888387680
00820 1461245245.0241572857 5.8888387680
00821 1461245245.0633084774 5.8888387680
00822 1461245245.1067669392 5.8888387680
00823 1461245245.1432406902 6.4500832558
00824 1461245245.1831884384 6.4500832558
00825 1461245245.2243227959 6.4500832558
00826 1461245245.2631390095 6.4500832558
00827 1461245245.3058497906 6.4500832558
00828 1461245245.3432080746 7.1553015709
00829 1461245245.3833250999 7.1553015709
00830 1461245245.4231624603 7.1553015709
00831 1461245245.4631145000 7.1553015709
00832 1461245245.5067424774 7.1553015709
00833 1461245245.5430328846 7.8086776733
00834 1461245245.5830650330 7.8086776733
00835 1461245245.6230394840 7.8086776733
00836 1461245245.6630346775 7.8086776733
00837 1461245245.7065811157 7.8086776733
00838 1461245245.7430002689 8.3809099197
00839 1461245245.7828829288 8.3809099197
00840 1461245245.8229176998 8.3809099197
00841 1461245245.8629114628 8.3809099197
00842 1461245245.9055368900 8.3809099197
00843 1461245245.9428310394 8.8091688156
00844 1461245245.9828853607 8.8091688156
00845 1461245246.0228290558 8.8091688156
00846 1461245246.0628163815 8.8091688156
00847 1461245246.1058504581 8.8091688156
00848 1461245246.1428472996 9.1624822617
00849 1461245246.1828401089 9.1624822617
00850 1461245246.2255353928 9.1624822617
00851 1461245246.2627768517 9.1624822617
00852 1461245246.3056569099 9.1624822617
00853 1461245246.3427572250 9.5248117447
00854 1461245246.3826916218 9.5248117447
00855 1461245246.4227211475 9.5248117447
00856 1461245246.4626626968 9.5248117447
00857 1461245246.5051429272 9.5248117447
00858 1461245246.5425109863 9.8110685349
00859 1461245246.5825197697 9.8110685349
00860 1461245246.6225864887 9.8110685349
00861 1461245246.6625306606 9.8110685349
00862 1461245246.7024936676 9.8110685349
00863 1461245246.7424349785 9.8110685349
00864 1461245246.7824277878 9.8110685349
00865 1461245246.8226962090 9.8110685349
00866 1461245246.8625242710 9.8110685349
00867 1461245246.9047408104 9.8110685349
00868 1461245246.9424295425 10.0463294983
00869 1461245246.9823784828 10.0463294983
00870 1461245247.0223057270 10.0463294983
00871 1461245247.0624279976 10.0463294983
00872 1461245247.1047751904 10.0463294983
00873 1461245247.1423163414 10.3917541504
00874 1461245247.1823585033 10.3917541504
00875 1461245247.2223300934 10.3917541504
00876 1461245247.2623355389 10.3917541504
00877 1461245247.3046240807 10.3917541504
00878 1461245247.3422749043 10.8941125870
00879 1461245247.3821482658 10.8941125870
00880 1461245247.4222056866 10.8941125870
00881 1461245247.4621763229 10.8941125870
00882 1461245247.5041446686 10.8941125870
00883 1461245247.5420606136 11.4494400024
00884 1461245247.5820477009 11.4494400024
00885 1461245247.6220343113 11.4494400024
00886 1461245247.6620247364 11.4494400024
00887 1461245247.7044045925 11.4494400024
00888 1461245247.7418012619 12.0067396164
00889 1461245247.7819564342 12.0067396164
00890 1461245247.8226847649 12.0067396164
00891 1461245247.8620390892 12.0067396164
00892 1461245247.9043898582 12.0067396164
00893 1461245247.9418537617 12.6820926666
00894 1461245247.9819254875 12.6820926666
00895 1461245248.0219190121 12.6820926666
00896 1461245248.0617887974 12.6820926666
00897 1461245248.1090013981 12.6820926666
00898 1461245248.1416168213 13.2053012848
00899 1461245248.1818001270 13.2053012848
00900 1461245248.2247524261 13.2053012848
00901 1461245248.2616229057 13.2053012848
00902 1461245248.3017194271 13.2053012848
00903 1461245248.3416845798 13.2053012848
00904 1461245248.3819601536 13.2053012848
00905 1461245248.4215905666 13.2053012848
00906 1461245248.4617075920 13.2053012848
00907 1461245248.5040042400 13.2053012848
00908 1461245248.5422215462 13.5355110168
00909 1461245248.5815577507 13.5355110168
00910 1461245248.6217434406 13.5355110168
00911 1461245248.6615874767 13.5355110168
00912 1461245248.7015571594 13.5355110168
00913 1461245248.7416489124 13.5355110168
00914 1461245248.7815384865 13.5355110168
00915 1461245248.8215153217 13.5355110168
00916 1461245248.8617718220 13.5355110168
00917 1461245248.9015197754 13.5355110168
00918 1461245248.9443907738 13.5355110168
00919 1461245248.9814903736 13.5355110168
00920 1461245249.0213975906 13.5355110168
00921 1461245249.0614140034 13.5355110168
00922 1461245249.1036667824 13.4732446671
00923 1461245249.1413133144 13.4732446671
00924 1461245249.1812756062 13.4732446671
00925 1461245249.2212970257 13.4732446671
00926 1461245249.2612595558 13.4732446671
00927 1461245249.3039352894 13.4732446671
00928 1461245249.3413000107 13.3799858093
00929 1461245249.3812260628 13.3799858093
00930 1461245249.4212462902 13.3799858093
00931 1461245249.4619803429 13.3799858093
00932 1461245249.5032687187 13.3799858093
00933 1461245249.5411865711 13.1999473572
00934 1461245249.5811316967 13.1999473572
00935 1461245249.6227989197 13.1999473572
00936 1461245249.6611382961 13.1999473572
00937 1461245249.7035760880 13.1999473572
00938 1461245249.7410898209 12.9046745300
00939 1461245249.7810854912 12.9046745300
00940 1461245249.8210911751 12.9046745300
00941 1461245249.8610048294 12.9046745300
00942 1461245249.9037721157 12.9046745300
00943 1461245249.9407649040 12.9046745300
00944 1461245249.9809801579 12.4564113617
00945 1461245250.0217747688 12.4564113617
00946 1461245250.0609395504 12.4564113617
00947 1461245250.1032879353 12.4564113617
00948 1461245250.1409802437 11.6942806244
00949 1461245250.1808912754 11.6942806244
00950 1461245250.2208962440 11.6942806244
00951 1461245250.2611272335 11.6942806244
00952 1461245250.3079979420 11.6942806244
00953 1461245250.3408384323 11.0851383209
00954 1461245250.3807108402 11.0851383209
00955 1461245250.4211742878 11.0851383209
00956 1461245250.4636592865 11.0851383209
00957 1461245250.5044279099 11.0851383209
00958 1461245250.5405087471 10.6478633881
00959 1461245250.5816752911 10.6478633881
00960 1461245250.6210291386 10.6478633881
00961 1461245250.6606750488 10.6478633881
00962 1461245250.7029228210 10.6478633881
00963 1461245250.7422902584 10.3517456055
00964 1461245250.7806766033 10.3517456055
00965 1461245250.8219971657 10.3517456055
00966 1461245250.8606855869 10.3517456055
00967 1461245250.9033520222 10.3517456055
00968 1461245250.9416465759 10.3517456055
00969 1461245250.9805676937 10.3517456055
00970 1461245251.0205595493 10.2807445526
00971 1461245251.0605404377 10.2807445526
00972 1461245251.1005349159 10.2807445526
00973 1461245251.1431672573 10.2807445526
00974 1461245251.1806068420 10.2807445526
00975 1461245251.2216472626 10.2807445526
00976 1461245251.2610151768 10.2807445526
00977 1461245251.3024413586 10.2807445526
00978 1461245251.3403449059 10.2807445526
00979 1461245251.3804488182 9.7975444794
00980 1461245251.4203250408 9.7975444794
00981 1461245251.4603190422 9.7975444794
00982 1461245251.5040726662 9.7975444794
00983 1461245251.5403270721 9.4112672806
00984 1461245251.5802891254 9.4112672806
00985 1461245251.6212904453 9.4112672806
00986 1461245251.6601474285 9.4112672806
00987 1461245251.7022676468 9.4112672806
00988 1461245251.7410514355 9.4112672806
00989 1461245251.7801251411 8.8719987869
00990 1461245251.8200962543 8.8719987869
00991 1461245251.8601498604 8.8719987869
00992 1461245251.9021933079 8.8719987869
00993 1461245251.9399974346 8.8719987869
00994 1461245251.9801316261 8.2059440613
00995 1461245252.0201935768 8.2059440613
00996 1461245252.0601346493 8.2059440613
00997 1461245252.1026182175 8.2059440613
00998 1461245252.1400656700 7.7898006439
00999 1461245252.1799154282 7.7898006439
01000 1461245252.2199988365 7.7898006439
01001 1461245252.2600018978 7.7898006439
01002 1461245252.3024821281 7.7898006439
01003 1461245252.3411679268 7.5686273575
01004 1461245252.3799901009 7.5686273575
01005 1461245252.4198203087 7.5686273575
01006 1461245252.4598774910 7.5686273575
01007 1461245252.5022437572 7.6199059486
01008 1461245252.5397953987 7.6199059486
01009 1461245252.5805532932 7.6199059486
01010 1461245252.6198189259 7.6199059486
01011 1461245252.6597054005 7.6199059486
01012 1461245252.7036740780 7.6199059486
01013 1461245252.7397401333 7.9072899818
01014 1461245252.7796974182 7.9072899818
01015 1461245252.8213901520 7.9072899818
01016 1461245252.8595690727 7.9072899818
01017 1461245252.9023506641 7.9072899818
01018 1461245252.9395892620 8.3916168213
01019 1461245252.9793996811 8.3916168213
01020 1461245253.0195820332 8.3916168213
01021 1461245253.0595784187 8.3916168213
01022 1461245253.1016302109 8.3916168213
01023 1461245253.1395440102 8.3916168213
01024 1461245253.1803817749 9.0630245209
01025 1461245253.2194759846 9.0630245209
01026 1461245253.2597723007 9.0630245209
01027 1461245253.3027608395 9.0630245209
01028 1461245253.3394072056 9.9341936111
01029 1461245253.3794481754 9.9341936111
01030 1461245253.4193544388 9.9341936111
01031 1461245253.4596164227 9.9341936111
01032 1461245253.5027499199 9.9341936111
01033 1461245253.5393998623 9.9341936111
01034 1461245253.5794911385 10.7785949707
01035 1461245253.6193377972 10.7785949707
01036 1461245253.6593070030 10.7785949707
01037 1461245253.7023627758 10.7785949707
01038 1461245253.7392032146 11.5920047760
01039 1461245253.7792294025 11.5920047760
01040 1461245253.8192691803 11.5920047760
01041 1461245253.8592739105 11.5920047760
01042 1461245253.9024469852 11.5920047760
01043 1461245253.9392056465 12.3873834610
01044 1461245253.9791851044 12.3873834610
01045 1461245254.0219671726 12.3873834610
01046 1461245254.0591008663 12.3873834610
01047 1461245254.1046769619 12.3873834610
01048 1461245254.1389060020 12.3873834610
01049 1461245254.1790452003 13.0286445618
01050 1461245254.2190291882 13.0286445618
01051 1461245254.2589027882 13.0286445618
01052 1461245254.3014838696 13.0286445618
01053 1461245254.3389883041 13.0286445618
01054 1461245254.3789985180 13.4918394089
01055 1461245254.4189581871 13.4918394089
01056 1461245254.4589426517 13.4918394089
01057 1461245254.5014221668 13.4918394089
01058 1461245254.5389287472 13.8071174622
01059 1461245254.5788319111 13.8071174622
01060 1461245254.6187701225 13.8071174622
01061 1461245254.6588289738 13.8071174622
01062 1461245254.7053534985 13.8071174622
01063 1461245254.7385606766 13.7690811157
01064 1461245254.7788016796 13.7690811157
01065 1461245254.8188102245 13.7690811157
01066 1461245254.8586680889 13.7690811157
01067 1461245254.9012773037 13.7690811157
01068 1461245254.9384799004 13.5470628738
01069 1461245254.9796996117 13.5470628738
01070 1461245255.0203664303 13.5470628738
01071 1461245255.0590274334 13.5470628738
01072 1461245255.1012506485 13.5470628738
01073 1461245255.1386601925 13.2768650055
01074 1461245255.1786444187 13.2768650055
01075 1461245255.2184925079 13.2768650055
01076 1461245255.2585568428 13.2768650055
01077 1461245255.3022625446 13.2768650055
01078 1461245255.3385107517 12.6798391342
01079 1461245255.3784723282 12.6798391342
01080 1461245255.4184691906 12.6798391342
01081 1461245255.4595677853 12.6798391342
01082 1461245255.5011343956 12.6798391342
01083 1461245255.5383839607 11.9847631454
01084 1461245255.5783786774 11.9847631454
01085 1461245255.6185176373 11.9847631454
01086 1461245255.6584932804 11.9847631454
01087 1461245255.7007997036 11.9847631454
01088 1461245255.7383251190 11.2846164703
01089 1461245255.7810509205 11.2846164703
01090 1461245255.8181052208 11.2846164703
01091 1461245255.8582823277 11.2846164703
01092 1461245255.9026112556 11.2846164703
01093 1461245255.9385468960 11.2846164703
01094 1461245255.9782660007 10.5515060425
01095 1461245256.0180995464 10.5515060425
01096 1461245256.0581541061 10.5515060425
01097 1461245256.1005036831 10.5515060425
01098 1461245256.1382627487 9.9325027466
01099 1461245256.1781089306 9.9325027466
01100 1461245256.2183189392 9.9325027466
01101 1461245256.2581362724 9.9325027466
01102 1461245256.3045115471 9.9325027466
01103 1461245256.3378348351 9.9325027466
01104 1461245256.3779523373 9.4853668213
01105 1461245256.4179668427 9.4853668213
01106 1461245256.4579279423 9.4853668213
01107 1461245256.5012345314 9.4853668213
01108 1461245256.5378847122 9.0511913300
01109 1461245256.5779602528 9.0511913300
01110 1461245256.6180248260 9.0511913300
01111 1461245256.6580033302 9.0511913300
01112 1461245256.7005965710 9.0511913300
01113 1461245256.7379560471 8.5429162979
01114 1461245256.7778627872 8.5429162979
01115 1461245256.8177464008 8.5429162979
01116 1461245256.8578605652 8.5429162979
01117 1461245256.9003417492 8.5429162979
01118 1461245256.9377803802 8.5429162979
01119 1461245256.9778156281 8.0208349228
01120 1461245257.0178048611 8.0208349228
01121 1461245257.0578906536 8.0208349228
01122 1461245257.1005685329 8.0208349228
01123 1461245257.1377153397 7.3356208801
01124 1461245257.1801600456 7.3356208801
01125 1461245257.2177162170 7.3356208801
01126 1461245257.2578036785 7.3356208801
01127 1461245257.2999861240 7.3356208801
01128 1461245257.3375806808 7.3356208801
01129 1461245257.3776335716 6.5974378586
01130 1461245257.4175741673 6.5974378586
01131 1461245257.4575457573 6.5974378586
01132 1461245257.4998950958 6.5974378586
01133 1461245257.5374526978 5.9463157654
01134 1461245257.5775110722 5.9463157654
01135 1461245257.6174526215 5.9463157654
01136 1461245257.6591658592 5.9463157654
01137 1461245257.7001717091 5.9463157654
01138 1461245257.7373394966 5.4493103027
01139 1461245257.7773735523 5.4493103027
01140 1461245257.8173186779 5.4493103027
01141 1461245257.8573884964 5.4493103027
01142 1461245257.8997280598 5.4493103027
01143 1461245257.9372699261 5.0881080627
01144 1461245257.9772768021 5.0881080627
01145 1461245258.0173242092 5.0881080627
01146 1461245258.0572900772 5.0881080627
01147 1461245258.0972833633 5.0881080627
01148 1461245258.1372389793 5.0881080627
01149 1461245258.1771280766 5.0881080627
01150 1461245258.2171385288 5.0881080627
01151 1461245258.2571971416 5.0881080627
01152 1461245258.2996938229 5.0881080627
01153 1461245258.3371710777 5.0881080627
01154 1461245258.3770203590 5.0881080627
01155 1461245258.4171307087 5.0469722748
01156 1461245258.4570868015 5.0469722748
01157 1461245258.4997334480 5.0469722748
01158 1461245258.5369768143 5.2402524948
01159 1461245258.5769951344 5.2402524948
01160 1461245258.6169624329 5.2402524948
01161 1461245258.6569468975 5.2402524948
01162 1461245258.6996247768 5.2402524948
01163 1461245258.7369182110 5.2402524948
01164 1461245258.7769000530 5.5735616684
01165 1461245258.8169023991 5.5735616684
01166 1461245258.8569099903 5.5735616684
01167 1461245258.8995149136 5.5735616684
01168 1461245258.9367892742 6.1697430611
01169 1461245258.9768338203 6.1697430611
01170 1461245259.0182111263 6.1697430611
01171 1461245259.0567865372 6.1697430611
01172 1461245259.1007027626 6.1697430611
01173 1461245259.1366641521 6.1697430611
01174 1461245259.1766445637 6.9101796150
01175 1461245259.2177920341 6.9101796150
01176 1461245259.2583789825 6.9101796150
01177 1461245259.2997100353 6.9101796150
01178 1461245259.3366057873 7.5714449883
01179 1461245259.3766613007 7.5714449883
01180 1461245259.4166741371 7.5714449883
01181 1461245259.4565823078 7.5714449883
01182 1461245259.4987483025 7.5714449883
01183 1461245259.5366089344 7.5714449883
01184 1461245259.5765736103 8.3107547760
01185 1461245259.6165628433 8.3107547760
01186 1461245259.6564965248 8.3107547760
01187 1461245259.6991918087 8.3107547760
01188 1461245259.7362139225 9.0869731903
01189 1461245259.7764334679 9.0869731903
01190 1461245259.8163733482 9.0869731903
01191 1461245259.8572635651 9.0869731903
01192 1461245259.8989107609 9.0869731903
01193 1461245259.9363470078 9.0869731903
01194 1461245259.9776282310 9.8352994919
01195 1461245260.0164101124 9.8352994919
01196 1461245260.0563893318 9.8352994919
01197 1461245260.0994520187 9.8352994919
01198 1461245260.1364381313 10.5396718979
01199 1461245260.1766095161 10.5396718979
01200 1461245260.2164568901 10.5396718979
01201 1461245260.2565293312 10.5396718979
01202 1461245260.2987101078 10.5396718979
01203 1461245260.3361938000 10.5396718979
01204 1461245260.3762590885 11.1589565277
01205 1461245260.4162170887 11.1589565277
01206 1461245260.4562594891 11.1589565277
01207 1461245260.4981925488 11.1589565277
01208 1461245260.5361013412 11.1589565277
01209 1461245260.5759797096 11.6793470383
01210 1461245260.6162784100 11.6793470383
01211 1461245260.6562972069 11.6793470383
01212 1461245260.6983911991 11.6793470383
01213 1461245260.7359066010 11.9957513809
01214 1461245260.7760126591 11.9957513809
01215 1461245260.8159587383 11.9957513809
01216 1461245260.8560261726 11.9957513809
01217 1461245260.8959631920 11.9957513809
01218 1461245260.9359326363 11.9957513809
01219 1461245260.9758167267 11.9957513809
01220 1461245261.0159513950 11.9957513809
01221 1461245261.0562038422 11.9957513809
01222 1461245261.0977895260 11.9957513809
01223 1461245261.1357035637 12.0309705734
01224 1461245261.1757302284 12.0309705734
01225 1461245261.2157530785 12.0309705734
01226 1461245261.2555789948 12.0309705734
01227 1461245261.2977104187 12.0512561798
01228 1461245261.3357305527 12.0512561798
01229 1461245261.3767809868 12.0512561798
01230 1461245261.4156563282 12.0512561798
01231 1461245261.4556748867 12.0512561798
01232 1461245261.4993262291 11.8830518723
01233 1461245261.5356302261 11.8830518723
01234 1461245261.5770070553 11.8830518723
01235 1461245261.6156356335 11.8830518723
01236 1461245261.6555433273 11.8830518723
01237 1461245261.6982831955 11.8830518723
01238 1461245261.7355635166 11.6759662628
01239 1461245261.7783513069 11.6759662628
01240 1461245261.8155388832 11.6759662628
01241 1461245261.8554239273 11.6759662628
01242 1461245261.8958849907 11.6759662628
01243 1461245261.9353744984 11.6759662628
01244 1461245261.9753115177 11.6759662628
01245 1461245262.0173947811 11.6759662628
01246 1461245262.0560088158 11.6759662628
01247 1461245262.1013283730 11.6759662628
01248 1461245262.1353797913 11.9013662338
01249 1461245262.1752305031 11.9013662338
01250 1461245262.2153499126 11.9013662338
01251 1461245262.2551734447 11.9013662338
01252 1461245262.2975130081 11.9013662338
01253 1461245262.3352305889 11.9013662338
01254 1461245262.3751981258 12.4857139587
01255 1461245262.4152994156 12.4857139587
01256 1461245262.4551880360 12.4857139587
01257 1461245262.4979736805 12.4857139587
01258 1461245262.5351893902 13.9448919296
01259 1461245262.5752813816 13.9448919296
01260 1461245262.6151545048 13.9448919296
01261 1461245262.6558125019 13.9448919296
01262 1461245262.6980590820 13.9448919296
01263 1461245262.7352480888 13.9448919296
01264 1461245262.7750096321 16.6451759338
01265 1461245262.8162016869 16.6451759338
01266 1461245262.8550553322 16.6451759338
01267 1461245262.8986339569 16.6451759338
01268 1461245262.9349215031 16.6451759338
01269 1461245262.9748535156 19.1744384766
01270 1461245263.0149950981 19.1744384766
01271 1461245263.0549681187 19.1744384766
01272 1461245263.0971994400 19.1744384766
01273 1461245263.1347265244 21.6518592834
01274 1461245263.1748008728 21.6518592834
01275 1461245263.2154874802 21.6518592834
01276 1461245263.2548320293 21.6518592834
01277 1461245263.2974591255 21.6518592834
01278 1461245263.3347964287 22.9132499695
01279 1461245263.3747980595 22.9132499695
01280 1461245263.4147634506 22.9132499695
01281 1461245263.4547858238 22.9132499695
01282 1461245263.4947297573 22.9132499695
01283 1461245263.5346150398 22.9132499695
01284 1461245263.5746862888 22.9132499695
01285 1461245263.6146090031 22.9132499695
01286 1461245263.6571097374 22.9132499695
01287 1461245263.6974787712 22.9132499695
01288 1461245263.7346460819 23.5026683807
01289 1461245263.7745110989 23.5026683807
01290 1461245263.8147702217 23.5026683807
01291 1461245263.8542859554 23.5026683807
01292 1461245263.8978426456 23.5026683807
01293 1461245263.9343860149 23.5026683807
01294 1461245263.9743604660 23.1834468842
01295 1461245264.0155718327 23.1834468842
01296 1461245264.0547924042 23.1834468842
01297 1461245264.0971958637 23.1834468842
01298 1461245264.1343924999 23.1834468842
01299 1461245264.1744081974 22.2232456207
01300 1461245264.2143690586 22.2232456207
01301 1461245264.2542746067 22.2232456207
01302 1461245264.2965846062 22.2232456207
01303 1461245264.3343117237 21.2202186584
01304 1461245264.3742008209 21.2202186584
01305 1461245264.4141650200 21.2202186584
01306 1461245264.4543247223 21.2202186584
01307 1461245264.4963624477 21.2202186584
01308 1461245264.5342080593 21.2202186584
01309 1461245264.5742368698 20.3321456909
01310 1461245264.6141483784 20.3321456909
01311 1461245264.6542069912 20.3321456909
01312 1461245264.6965312958 20.3321456909
01313 1461245264.7341272831 19.4990139008
01314 1461245264.7741265297 19.4990139008
01315 1461245264.8147048950 19.4990139008
01316 1461245264.8540844917 19.4990139008
01317 1461245264.8971006870 19.4990139008
01318 1461245264.9340362549 19.4990139008
01319 1461245264.9740192890 18.7518138885
01320 1461245265.0139524937 18.7518138885
01321 1461245265.0540678501 18.7518138885
01322 1461245265.0965728760 18.7518138885
01323 1461245265.1338107586 17.9508018494
01324 1461245265.1739580631 17.9508018494
01325 1461245265.2139723301 17.9508018494
01326 1461245265.2539095879 17.9508018494
01327 1461245265.2965176105 17.9508018494
01328 1461245265.3338913918 17.9508018494
01329 1461245265.3738632202 16.6206645966
01330 1461245265.4160745144 16.6206645966
01331 1461245265.4537744522 16.6206645966
01332 1461245265.4970421791 16.6206645966
01333 1461245265.5337831974 15.7134313583
01334 1461245265.5736711025 15.7134313583
01335 1461245265.6136736870 15.7134313583
01336 1461245265.6547152996 15.7134313583
01337 1461245265.6957573891 15.7134313583
01338 1461245265.7337124348 15.7134313583
01339 1461245265.7736620903 14.5393829346
01340 1461245265.8135740757 14.5393829346
01341 1461245265.8534452915 14.5393829346
01342 1461245265.8958628178 14.5393829346
01343 1461245265.9335837364 14.5393829346
01344 1461245265.9745833874 13.3371591568
01345 1461245266.0135760307 13.3371591568
01346 1461245266.0540561676 13.3371591568
01347 1461245266.0969927311 13.3371591568
01348 1461245266.1333248615 12.2611598969
01349 1461245266.1734712124 12.2611598969
01350 1461245266.2135071754 12.2611598969
01351 1461245266.2534809113 12.2611598969
01352 1461245266.2959034443 12.2611598969
01353 1461245266.3333208561 12.1431064606
01354 1461245266.3732340336 12.1431064606
01355 1461245266.4134075642 12.1431064606
01356 1461245266.4533357620 12.1431064606
01357 1461245266.4957144260 12.1431064606
01358 1461245266.5331935883 12.1431064606
01359 1461245266.5732486248 11.6739940643
01360 1461245266.6131360531 11.6739940643
01361 1461245266.6531794071 11.6739940643
01362 1461245266.6964321136 11.6739940643
01363 1461245266.7331578732 11.3728046417
01364 1461245266.7731900215 11.3728046417
01365 1461245266.8131194115 11.3728046417
01366 1461245266.8531939983 11.3728046417
01367 1461245266.8950185776 11.3728046417
01368 1461245266.9331068993 11.1786794662
01369 1461245266.9731333256 11.1786794662
01370 1461245267.0129852295 11.1786794662
01371 1461245267.0530371666 11.1786794662
01372 1461245267.0950458050 11.1786794662
01373 1461245267.1331496239 11.0006141663
01374 1461245267.1728167534 11.0006141663
01375 1461245267.2129151821 11.0006141663
01376 1461245267.2529013157 11.0006141663
01377 1461245267.2984352112 11.0006141663
01378 1461245267.3328490257 10.7723970413
01379 1461245267.3756897449 10.7723970413
01380 1461245267.4128117561 10.7723970413
01381 1461245267.4551506042 10.7723970413
01382 1461245267.4951972961 10.7723970413
01383 1461245267.5327894688 10.7723970413
01384 1461245267.5753674507 10.5123424530
01385 1461245267.6124317646 10.5123424530
01386 1461245267.6543686390 10.5123424530
01387 1461245267.6953036785 10.5123424530
01388 1461245267.7327511311 10.5123424530
01389 1461245267.7727260590 10.3142728806
01390 1461245267.8127353191 10.3142728806
01391 1461245267.8533806801 10.3142728806
01392 1461245267.8950743675 10.3142728806
01393 1461245267.9336307049 10.1601562500
01394 1461245267.9724466801 10.1601562500
01395 1461245268.0125677586 10.1601562500
01396 1461245268.0525236130 10.1601562500
01397 1461245268.0924918652 10.1601562500
01398 1461245268.1339657307 10.1601562500
01399 1461245268.1724984646 10.1601562500
01400 1461245268.2125573158 10.1601562500
01401 1461245268.2524502277 10.1601562500
01402 1461245268.2924602032 10.1601562500
01403 1461245268.3323807716 10.1601562500
01404 1461245268.3724470139 10.1601562500
01405 1461245268.4123454094 10.1601562500
01406 1461245268.4522733688 10.1601562500
01407 1461245268.4955492020 10.1601562500
01408 1461245268.5322751999 10.1601562500
01409 1461245268.5723061562 10.1601562500
01410 1461245268.6122808456 10.2125616074
01411 1461245268.6522157192 10.2125616074
01412 1461245268.6955592632 10.2125616074
01413 1461245268.7333817482 10.2125616074
01414 1461245268.7726137638 10.2897605896
01415 1461245268.8129932880 10.2897605896
01416 1461245268.8521761894 10.2897605896
01417 1461245268.8947784901 10.2897605896
01418 1461245268.9321177006 10.4041509628
01419 1461245268.9720633030 10.4041509628
01420 1461245269.0120589733 10.4041509628
01421 1461245269.0520544052 10.4041509628
01422 1461245269.0955731869 10.4041509628
01423 1461245269.1319906712 10.4041509628
01424 1461245269.1722378731 10.5934858322
01425 1461245269.2119865417 10.5934858322
01426 1461245269.2519817352 10.5934858322
01427 1461245269.2941994667 10.5934858322
01428 1461245269.3319704533 10.8098697662
01429 1461245269.3719673157 10.8098697662
01430 1461245269.4119150639 10.8098697662
01431 1461245269.4517102242 10.8098697662
01432 1461245269.4919257164 10.8098697662
01433 1461245269.5318191051 10.8098697662
01434 1461245269.5721435547 10.8098697662
01435 1461245269.6117994785 10.8098697662
01436 1461245269.6518039703 10.8098697662
01437 1461245269.6919417381 10.8098697662
01438 1461245269.7315785885 10.8098697662
01439 1461245269.7717392445 10.8098697662
01440 1461245269.8117101192 10.8098697662
01441 1461245269.8516845703 10.8098697662
01442 1461245269.8945753574 10.8098697662
01443 1461245269.9316852093 10.8098697662
01444 1461245269.9716558456 10.8098697662
01445 1461245270.0115511417 10.8098697662
01446 1461245270.0515463352 10.8098697662
01447 1461245270.0915753841 10.8098697662
01448 1461245270.1315131187 10.8098697662
01449 1461245270.1716337204 10.8098697662
01450 1461245270.2114977837 10.8098697662
01451 1461245270.2544877529 10.8098697662
01452 1461245270.2915494442 10.8098697662
01453 1461245270.3319802284 10.8098697662
01454 1461245270.3717784882 10.8098697662
01455 1461245270.4114210606 10.8098697662
01456 1461245270.4513971806 10.8098697662
01457 1461245270.4914131165 10.8098697662
01458 1461245270.5313513279 10.8098697662
01459 1461245270.5713992119 10.8098697662
01460 1461245270.6113266945 10.8098697662
01461 1461245270.6512224674 10.8098697662
01462 1461245270.6914000511 10.8098697662
01463 1461245270.7312567234 10.8098697662
01464 1461245270.7712609768 10.8098697662
01465 1461245270.8112282753 10.8098697662
01466 1461245270.8512871265 10.8098697662
01467 1461245270.8931157589 10.8098697662
01468 1461245270.9311957359 10.6365938187
01469 1461245270.9711341858 10.6365938187
01470 1461245271.0123364925 10.6365938187
01471 1461245271.0510613918 10.6365938187
01472 1461245271.0933752060 10.6365938187
01473 1461245271.1323049068 10.3923177719
01474 1461245271.1710231304 10.3923177719
01475 1461245271.2110269070 10.3923177719
01476 1461245271.2510595322 10.3923177719
01477 1461245271.2937510014 10.3923177719
01478 1461245271.3311226368 10.0142097473
01479 1461245271.3712480068 10.0142097473
01480 1461245271.4110984802 10.0142097473
01481 1461245271.4510629177 10.0142097473
01482 1461245271.4937632084 10.0142097473
01483 1461245271.5308892727 10.0142097473
01484 1461245271.5709602833 9.5780620575
01485 1461245271.6114838123 9.5780620575
01486 1461245271.6520760059 9.5780620575
01487 1461245271.6939020157 9.5780620575
01488 1461245271.7309267521 9.1678352356
01489 1461245271.7709162235 9.1678352356
01490 1461245271.8108270168 9.1678352356
01491 1461245271.8532080650 9.1678352356
01492 1461245271.8928661346 9.1678352356
01493 1461245271.9311463833 8.8376255035
01494 1461245271.9707503319 8.8376255035
01495 1461245272.0107686520 8.8376255035
01496 1461245272.0507586002 8.8376255035
01497 1461245272.0927879810 8.8376255035
01498 1461245272.1307270527 8.8376255035
01499 1461245272.1707112789 8.5795431137
01500 1461245272.2106873989 8.5795431137
01501 1461245272.2507557869 8.5795431137
01502 1461245272.2906782627 8.5795431137
01503 1461245272.3306341171 8.5795431137
01504 1461245272.3704769611 8.5795431137
01505 1461245272.4105463028 8.5795431137
01506 1461245272.4505634308 8.5795431137
01507 1461245272.4903898239 8.5795431137
01508 1461245272.5305716991 8.5795431137
01509 1461245272.5704641342 8.5795431137
01510 1461245272.6104736328 8.5795431137
01511 1461245272.6504521370 8.5795431137
01512 1461245272.6905453205 8.5795431137
01513 1461245272.7307801247 8.5795431137
01514 1461245272.7702853680 8.5795431137
01515 1461245272.8104400635 8.5795431137
01516 1461245272.8503406048 8.5795431137
01517 1461245272.8903586864 8.5795431137
01518 1461245272.9302661419 8.5795431137
01519 1461245272.9704818726 8.5795431137
01520 1461245273.0102775097 8.5795431137
01521 1461245273.0502581596 8.5795431137
01522 1461245273.0902009010 8.5795431137
01523 1461245273.1302249432 8.5795431137
01524 1461245273.1702024937 8.5795431137
01525 1461245273.2101924419 8.5795431137
01526 1461245273.2501943111 8.5795431137
01527 1461245273.2906882763 8.5795431137
01528 1461245273.3301951885 8.5795431137
01529 1461245273.3699984550 8.5795431137
01530 1461245273.4101459980 8.5795431137
01531 1461245273.4500658512 8.5795431137
01532 1461245273.4916353226 8.6637859344
01533 1461245273.5300135612 8.6637859344
01534 1461245273.5699603558 8.6637859344
01535 1461245273.6099972725 8.6637859344
01536 1461245273.6499996185 8.6637859344
01537 1461245273.6923646927 8.6637859344
01538 1461245273.7299463749 8.6637859344
01539 1461245273.7699701786 8.9131345749
01540 1461245273.8099987507 8.9131345749
01541 1461245273.8498558998 8.9131345749
01542 1461245273.8923852444 8.9131345749
01543 1461245273.9298963547 9.3244876862
01544 1461245273.9698269367 9.3244876862
01545 1461245274.0098505020 9.3244876862
01546 1461245274.0500288010 9.3244876862
01547 1461245274.0924172401 9.3244876862
01548 1461245274.1301553249 9.3244876862
01549 1461245274.1696543694 9.8896770477
01550 1461245274.2097792625 9.8896770477
01551 1461245274.2497727871 9.8896770477
01552 1461245274.2933409214 9.8896770477
01553 1461245274.3297832012 10.1919937134
01554 1461245274.3698782921 10.1919937134
01555 1461245274.4095954895 10.1919937134
01556 1461245274.4496593475 10.1919937134
01557 1461245274.4896025658 10.1919937134
01558 1461245274.5296118259 10.1919937134
01559 1461245274.5695643425 10.1919937134
01560 1461245274.6095271111 10.1919937134
01561 1461245274.6497170925 10.1919937134
01562 1461245274.6916847229 10.1919937134
01563 1461245274.7294621468 10.5103702545
01564 1461245274.7694199085 10.5103702545
01565 1461245274.8095939159 10.5103702545
01566 1461245274.8494336605 10.5103702545
01567 1461245274.8895692825 10.5103702545
01568 1461245274.9294667244 10.5103702545
01569 1461245274.9694435596 10.5103702545
01570 1461245275.0094106197 10.5103702545
01571 1461245275.0493328571 10.5103702545
01572 1461245275.0917801857 10.5103702545
01573 1461245275.1292777061 10.5103702545
01574 1461245275.1692550182 10.7557735443
01575 1461245275.2092297077 10.7557735443
01576 1461245275.2491686344 10.7557735443
01577 1461245275.2919878960 10.7557735443
01578 1461245275.3289182186 10.7557735443
01579 1461245275.3693881035 10.7557735443
01580 1461245275.4091432095 10.7557735443
01581 1461245275.4490950108 10.7557735443
01582 1461245275.4911673069 10.7557735443
01583 1461245275.5290129185 10.7557735443
01584 1461245275.5690817833 10.7205553055
01585 1461245275.6090312004 10.7205553055
01586 1461245275.6489365101 10.7205553055
01587 1461245275.6913356781 10.7205553055
01588 1461245275.7289788723 10.6613874435
01589 1461245275.7690224648 10.6613874435
01590 1461245275.8089647293 10.6613874435
01591 1461245275.8517162800 10.6613874435
01592 1461245275.8913655281 10.6613874435
01593 1461245275.9289555550 10.6613874435
01594 1461245275.9713029861 10.5241756439
01595 1461245276.0088810921 10.5241756439
01596 1461245276.0488758087 10.5241756439
01597 1461245276.0910189152 10.5241756439
01598 1461245276.1288573742 10.4219007492
01599 1461245276.1688642502 10.4219007492
01600 1461245276.2088730335 10.4219007492
01601 1461245276.2488143444 10.4219007492
01602 1461245276.2932407856 10.4219007492
01603 1461245276.3287184238 10.4962825775
01604 1461245276.3698480129 10.4962825775
01605 1461245276.4093430042 10.4962825775
01606 1461245276.4488942623 10.4962825775
01607 1461245276.4922506809 10.4962825775
01608 1461245276.5285911560 10.4962825775
01609 1461245276.5688176155 10.4962825775
01610 1461245276.6086344719 10.6256055832
01611 1461245276.6503746510 10.6256055832
01612 1461245276.6901469231 10.6256055832
01613 1461245276.7284636497 10.6256055832
01614 1461245276.7684884071 10.6256055832
01615 1461245276.8084251881 10.6256055832
01616 1461245276.8484823704 10.6256055832
01617 1461245276.8884189129 10.6256055832
01618 1461245276.9285576344 10.6256055832
01619 1461245276.9696438313 10.6256055832
01620 1461245277.0083501339 10.6256055832
01621 1461245277.0483455658 10.6256055832
01622 1461245277.0883018970 10.6256055832
01623 1461245277.1283369064 10.6256055832
01624 1461245277.1683845520 10.6256055832
01625 1461245277.2082448006 10.6256055832
01626 1461245277.2482943535 10.6256055832
01627 1461245277.2904956341 10.7388687134
01628 1461245277.3283255100 10.7388687134
01629 1461245277.3685514927 10.7388687134
01630 1461245277.4083328247 10.7388687134
01631 1461245277.4484934807 10.7388687134
01632 1461245277.4931092262 11.0972537994
01633 1461245277.5280158520 11.0972537994
01634 1461245277.5682005882 11.0972537994
01635 1461245277.6109440327 11.0972537994
01636 1461245277.6481463909 11.0972537994
01637 1461245277.6912004948 11.0972537994
01638 1461245277.7280945778 11.5596036911
01639 1461245277.7681002617 11.5596036911
01640 1461245277.8081316948 11.5596036911
01641 1461245277.8482415676 11.5596036911
01642 1461245277.8904519081 11.5596036911
01643 1461245277.9279239178 12.0568914413
01644 1461245277.9682083130 12.0568914413
01645 1461245278.0082211494 12.0568914413
01646 1461245278.0482361317 12.0568914413
01647 1461245278.0903713703 12.0568914413
01648 1461245278.1278882027 12.4631738663
01649 1461245278.1688613892 12.4631738663
01650 1461245278.2077496052 12.4631738663
01651 1461245278.2478995323 12.4631738663
01652 1461245278.2907745838 12.4631738663
01653 1461245278.3275694847 12.8395900726
01654 1461245278.3689603806 12.8395900726
01655 1461245278.4078123569 12.8395900726
01656 1461245278.4491662979 12.8395900726
01657 1461245278.4901514053 12.8395900726
01658 1461245278.5277318954 13.2329120636
01659 1461245278.5676410198 13.2329120636
01660 1461245278.6075656414 13.2329120636
01661 1461245278.6476414204 13.2329120636
01662 1461245278.6896271706 13.2329120636
01663 1461245278.7276921272 13.6611709595
01664 1461245278.7675728798 13.6611709595
01665 1461245278.8075342178 13.6611709595
01666 1461245278.8475592136 13.6611709595
01667 1461245278.8897309303 13.6611709595
01668 1461245278.9274442196 14.0694255829
01669 1461245278.9674527645 14.0694255829
01670 1461245279.0092086792 14.0694255829
01671 1461245279.0473802090 14.0694255829
01672 1461245279.0896978378 14.0694255829
01673 1461245279.1273927689 14.5917882919
01674 1461245279.1672942638 14.5917882919
01675 1461245279.2072856426 14.5917882919
01676 1461245279.2472844124 14.5917882919
01677 1461245279.2896163464 14.5917882919
01678 1461245279.3273227215 14.5917882919
01679 1461245279.3672552109 15.4181585312
01680 1461245279.4073569775 15.4181585312
01681 1461245279.4472951889 15.4181585312
01682 1461245279.4912927151 15.4181585312
01683 1461245279.5274133682 16.4713363647
01684 1461245279.5671427250 16.4713363647
01685 1461245279.6079547405 16.4713363647
01686 1461245279.6471421719 16.4713363647
01687 1461245279.6891558170 16.4713363647
01688 1461245279.7273483276 16.4713363647
01689 1461245279.7671778202 18.3286266327
01690 1461245279.8070812225 18.3286266327
01691 1461245279.8470807076 18.3286266327
01692 1461245279.8871440887 18.3286266327
01693 1461245279.9271025658 18.3286266327
01694 1461245279.9675998688 18.3286266327
01695 1461245280.0070314407 18.3286266327
01696 1461245280.0470035076 18.3286266327
01697 1461245280.0896229744 18.3286266327
01698 1461245280.1270134449 18.7050437927
01699 1461245280.1669526100 18.7050437927
01700 1461245280.2068920135 18.7050437927
01701 1461245280.2469129562 18.7050437927
01702 1461245280.2889597416 18.7050437927
01703 1461245280.3268873692 18.7050437927
01704 1461245280.3667230606 18.7050437927
01705 1461245280.4096884727 18.7050437927
01706 1461245280.4468133450 18.7050437927
01707 1461245280.4890916348 18.7050437927
01708 1461245280.5267267227 18.8532447815
01709 1461245280.5666573048 18.8532447815
01710 1461245280.6067593098 18.8532447815
01711 1461245280.6466476917 18.8532447815
01712 1461245280.6890394688 18.8532447815
01713 1461245280.7266778946 18.8532447815
01714 1461245280.7666535378 18.6661624908
01715 1461245280.8066337109 18.6661624908
01716 1461245280.8493793011 18.6661624908
01717 1461245280.8887681961 18.6661624908
01718 1461245280.9295089245 18.0719547272
01719 1461245280.9665939808 18.0719547272
01720 1461245281.0095975399 18.0719547272
01721 1461245281.0465552807 18.0719547272
01722 1461245281.0889792442 18.0719547272
01723 1461245281.1264715195 17.0787887573
01724 1461245281.1664123535 17.0787887573
01725 1461245281.2093641758 17.0787887573
01726 1461245281.2465281487 17.0787887573
01727 1461245281.2882654667 17.0787887573
01728 1461245281.3263239861 17.0787887573
01729 1461245281.3663375378 16.3315887451
01730 1461245281.4063715935 16.3315887451
01731 1461245281.4492707253 16.3315887451
01732 1461245281.4889783859 16.3315887451
01733 1461245281.5261602402 16.3315887451
01734 1461245281.5660834312 15.7565393448
01735 1461245281.6062664986 15.7565393448
01736 1461245281.6463046074 15.7565393448
01737 1461245281.6892883778 15.7565393448
01738 1461245281.7261669636 14.9203081131
01739 1461245281.7662591934 14.9203081131
01740 1461245281.8062241077 14.9203081131
01741 1461245281.8461759090 14.9203081131
01742 1461245281.8889288902 14.9203081131
01743 1461245281.9261653423 14.0801315308
01744 1461245281.9659943581 14.0801315308
01745 1461245282.0060129166 14.0801315308
01746 1461245282.0459942818 14.0801315308
01747 1461245282.0886762142 14.0801315308
01748 1461245282.1259353161 14.0801315308
01749 1461245282.1663286686 13.1269750595
01750 1461245282.2059314251 13.1269750595
01751 1461245282.2459743023 13.1269750595
01752 1461245282.2885544300 13.1269750595
01753 1461245282.3259546757 13.1269750595
01754 1461245282.3663110733 12.1887502670
01755 1461245282.4058856964 12.1887502670
01756 1461245282.4459192753 12.1887502670
01757 1461245282.4885652065 12.1887502670
01758 1461245282.5258662701 11.2846164703
01759 1461245282.5658144951 11.2846164703
01760 1461245282.6058387756 11.2846164703
01761 1461245282.6458835602 11.2846164703
01762 1461245282.6882643700 11.2846164703
01763 1461245282.7257490158 10.4765605927
01764 1461245282.7657480240 10.4765605927
01765 1461245282.8086376190 10.4765605927
01766 1461245282.8458826542 10.4765605927
01767 1461245282.8887641430 10.4765605927
01768 1461245282.9257600307 9.7665529251
01769 1461245282.9658298492 9.7665529251
01770 1461245283.0056033134 9.7665529251
01771 1461245283.0455915928 9.7665529251
01772 1461245283.0896828175 9.7665529251
01773 1461245283.1255955696 9.7665529251
01774 1461245283.1666367054 9.1013431549
01775 1461245283.2055251598 9.1013431549
01776 1461245283.2455251217 9.1013431549
01777 1461245283.2896823883 9.1013431549
01778 1461245283.3255386353 8.6043376923
01779 1461245283.3660752773 8.6043376923
01780 1461245283.4054331779 8.6043376923
01781 1461245283.4453477859 8.6043376923
01782 1461245283.4879422188 8.6043376923
01783 1461245283.5253989697 8.3471002579
01784 1461245283.5652732849 8.3471002579
01785 1461245283.6082780361 8.3471002579
01786 1461245283.6453092098 8.3471002579
01787 1461245283.6852986813 8.3471002579
01788 1461245283.7252867222 8.3471002579
01789 1461245283.7659733295 8.3471002579
01790 1461245283.8063001633 8.3471002579
01791 1461245283.8452665806 8.3471002579
01792 1461245283.8850855827 8.3471002579
01793 1461245283.9252557755 8.3471002579
01794 1461245283.9651424885 8.3471002579
01795 1461245284.0065693855 8.3471002579
01796 1461245284.0450415611 8.3471002579
01797 1461245284.0874605179 8.3471002579
01798 1461245284.1267547607 8.3471002579
01799 1461245284.1651430130 8.3471002579
01800 1461245284.2050170898 8.3228702545
01801 1461245284.2449672222 8.3228702545
01802 1461245284.2874851227 8.3228702545
01803 1461245284.3250060081 8.3228702545
01804 1461245284.3649630547 8.3862638474
01805 1461245284.4068865776 8.3862638474
01806 1461245284.4448990822 8.3862638474
01807 1461245284.4878737926 8.3862638474
01808 1461245284.5249350071 8.3862638474
01809 1461245284.5647885799 8.6384286880
01810 1461245284.6047942638 8.6384286880
01811 1461245284.6447746754 8.6384286880
01812 1461245284.6877279282 8.6384286880
01813 1461245284.7247271538 9.0835924149
01814 1461245284.7652587891 9.0835924149
01815 1461245284.8053576946 9.0835924149
01816 1461245284.8447687626 9.0835924149
01817 1461245284.8866648674 9.0835924149
01818 1461245284.9247348309 9.5448160172
01819 1461245284.9669334888 9.5448160172
01820 1461245285.0052554607 9.5448160172
01821 1461245285.0446786880 9.5448160172
01822 1461245285.0868475437 9.5448160172
01823 1461245285.1263117790 10.1091594696
01824 1461245285.1645328999 10.1091594696
01825 1461245285.2050936222 10.1091594696
01826 1461245285.2446846962 10.1091594696
01827 1461245285.2863175869 10.1091594696
01828 1461245285.3244793415 10.9484901428
01829 1461245285.3644790649 10.9484901428
01830 1461245285.4045267105 10.9484901428
01831 1461245285.4444777966 10.9484901428
01832 1461245285.4869530201 10.9484901428
01833 1461245285.5244796276 11.5587587357
01834 1461245285.5643532276 11.5587587357
01835 1461245285.6050577164 11.5587587357
01836 1461245285.6444654465 11.5587587357
01837 1461245285.6866250038 11.5587587357
01838 1461245285.7243614197 11.5587587357
01839 1461245285.7642619610 12.3070850372
01840 1461245285.8042926788 12.3070850372
01841 1461245285.8447897434 12.3070850372
01842 1461245285.8891248703 12.3070850372
01843 1461245285.9240241051 13.2005109787
01844 1461245285.9642744064 13.2005109787
01845 1461245286.0042293072 13.2005109787
01846 1461245286.0442364216 13.2005109787
01847 1461245286.0868170261 13.2005109787
01848 1461245286.1243062019 14.2018480301
01849 1461245286.1645545959 14.2018480301
