00000 1461244580.7429225445 18.2457923889
00001 1461244580.7828867435 18.2457923889
00002 1461244580.8228881359 18.2457923889
00003 1461244580.8628382683 18.2457923889
00004 1461244580.9028885365 18.2457923889
00005 1461244580.9428746700 18.2457923889
00006 1461244580.9827549458 18.2457923889
00007 1461244581.0294675827 18.2457923889
00008 1461244581.0659363270 18.5050029755
00009 1461244581.1027646065 18.5050029755
00010 1461244581.1431207657 18.5050029755
00011 1461244581.1827981472 18.5050029755
00012 1461244581.2226817608 18.5050029755
00013 1461244581.2626492977 18.5050029755
00014 1461244581.3031191826 18.5050029755
00015 1461244581.3426308632 18.5050029755
00016 1461244581.3826696873 18.5050029755
00017 1461244581.4226729870 18.5050029755
00018 1461244581.4625759125 18.5050029755
00019 1461244581.5025994778 18.5050029755
00020 1461244581.5426211357 18.5050029755
00021 1461244581.5825741291 18.5050029755
00022 1461244581.6227436066 18.5050029755
00023 1461244581.6625070572 18.5050029755
00024 1461244581.7025847435 18.5050029755
00025 1461244581.7425112724 18.5050029755
00026 1461244581.7824738026 18.5050029755
00027 1461244581.8223817348 18.5050029755
00028 1461244581.8624496460 18.5050029755
00029 1461244581.9023668766 18.5050029755
00030 1461244581.9423508644 18.5050029755
00031 1461244581.9824552536 18.5050029755
00032 1461244582.0252118111 18.5050029755
00033 1461244582.0623984337 18.5050029755
00034 1461244582.1022520065 18.5050029755
00035 1461244582.1430685520 18.5050029755
00036 1461244582.1851894855 18.5050029755
00037 1461244582.2243447304 18.5050029755
00038 1461244582.2625174522 18.7673110962
00039 1461244582.3021934032 18.7673110962
00040 1461244582.3422133923 18.7673110962
00041 1461244582.3821883202 18.7673110962
00042 1461244582.4242825508 18.7673110962
00043 1461244582.4621732235 19.0175037384
00044 1461244582.5020780563 19.0175037384
00045 1461244582.5450811386 19.0175037384
00046 1461244582.5820338726 19.0175037384
00047 1461244582.6242794991 19.0175037384
00048 1461244582.6619617939 19.2637519836
00049 1461244582.7019996643 19.2637519836
00050 1461244582.7420794964 19.2637519836
00051 1461244582.7818806171 19.2637519836
00052 1461244582.8220388889 19.2637519836
00053 1461244582.8620071411 19.2637519836
00054 1461244582.9018967152 19.2637519836
00055 1461244582.9420015812 19.2637519836
00056 1461244582.9818475246 19.2637519836
00057 1461244583.0244042873 19.2637519836
00058 1461244583.0619339943 19.2637519836
00059 1461244583.1017904282 19.5131015778
00060 1461244583.1417350769 19.5131015778
00061 1461244583.1835918427 19.5131015778
00062 1461244583.2248330116 19.5131015778
00063 1461244583.2626905441 19.7652664185
00064 1461244583.3024439812 19.7652664185
00065 1461244583.3420822620 19.7652664185
00066 1461244583.3870842457 19.7652664185
00067 1461244583.4222660065 19.7652664185
00068 1461244583.4616737366 19.7652664185
00069 1461244583.5016710758 19.7652664185
00070 1461244583.5416524410 19.7652664185
00071 1461244583.5816907883 19.7652664185
00072 1461244583.6239786148 19.7652664185
00073 1461244583.6626648903 20.0205307007
00074 1461244583.7018969059 20.0205307007
00075 1461244583.7415866852 20.0205307007
00076 1461244583.7814273834 20.0205307007
00077 1461244583.8219127655 20.0205307007
00078 1461244583.8615326881 20.0205307007
00079 1461244583.9015171528 20.0205307007
00080 1461244583.9414865971 20.0205307007
00081 1461244583.9815239906 20.0205307007
00082 1461244584.0213553905 20.0205307007
00083 1461244584.0616800785 20.0205307007
00084 1461244584.1011955738 20.0205307007
00085 1461244584.1423230171 20.0205307007
00086 1461244584.1813137531 20.0205307007
00087 1461244584.2211539745 20.0205307007
00088 1461244584.2622873783 20.0205307007
00089 1461244584.3012959957 20.0205307007
00090 1461244584.3412365913 20.0205307007
00091 1461244584.3812198639 20.0205307007
00092 1461244584.4212689400 20.0205307007
00093 1461244584.4611861706 20.0205307007
00094 1461244584.5012943745 20.0205307007
00095 1461244584.5411303043 20.0205307007
00096 1461244584.5811481476 20.0205307007
00097 1461244584.6232938766 20.0205307007
00098 1461244584.6610767841 19.8714866638
00099 1461244584.7011735439 19.8714866638
00100 1461244584.7411031723 19.8714866638
00101 1461244584.7810013294 19.8714866638
00102 1461244584.8236310482 19.8714866638
00103 1461244584.8609821796 19.8714866638
00104 1461244584.9034643173 19.8714866638
00105 1461244584.9410305023 19.6472129822
00106 1461244584.9836640358 19.6472129822
00107 1461244585.0235295296 19.6472129822
00108 1461244585.0609714985 19.3350353241
00109 1461244585.1009356976 19.3350353241
00110 1461244585.1409738064 19.3350353241
00111 1461244585.1811501980 19.3350353241
00112 1461244585.2230918407 19.3350353241
00113 1461244585.2609009743 19.3350353241
00114 1461244585.3008162975 18.9169197083
00115 1461244585.3408093452 18.9169197083
00116 1461244585.3811681271 18.9169197083
00117 1461244585.4267435074 18.9169197083
00118 1461244585.4618217945 18.4458351135
00119 1461244585.5007402897 18.4458351135
00120 1461244585.5407638550 18.4458351135
00121 1461244585.5835669041 18.4458351135
00122 1461244585.6232979298 18.0697002411
00123 1461244585.6606612206 18.0697002411
00124 1461244585.7006537914 18.0697002411
00125 1461244585.7406346798 18.0697002411
00126 1461244585.7815828323 18.0697002411
00127 1461244585.8267598152 18.0697002411
00128 1461244585.8604536057 18.0697002411
00129 1461244585.9004585743 17.7856960297
00130 1461244585.9405467510 17.7856960297
00131 1461244585.9805226326 17.7856960297
00132 1461244586.0204904079 17.7856960297
00133 1461244586.0604956150 17.7856960297
00134 1461244586.1004774570 17.7856960297
00135 1461244586.1405296326 17.7856960297
00136 1461244586.1827108860 17.7856960297
00137 1461244586.2233483791 17.4436531067
00138 1461244586.2604296207 17.4436531067
00139 1461244586.3004360199 17.4436531067
00140 1461244586.3403079510 17.4436531067
00141 1461244586.3803482056 17.4436531067
00142 1461244586.4227404594 17.4436531067
00143 1461244586.4613366127 17.4436531067
00144 1461244586.5013413429 17.1416187286
00145 1461244586.5420005322 17.1416187286
00146 1461244586.5813527107 17.1416187286
00147 1461244586.6221597195 16.9195995331
00148 1461244586.6630871296 16.9195995331
00149 1461244586.7005989552 16.9195995331
00150 1461244586.7404146194 16.9195995331
00151 1461244586.7802338600 16.9195995331
00152 1461244586.8206048012 16.9195995331
00153 1461244586.8601675034 16.9195995331
00154 1461244586.9001536369 16.9195995331
00155 1461244586.9400639534 16.9195995331
00156 1461244586.9800143242 16.9195995331
00157 1461244587.0201468468 16.9195995331
00158 1461244587.0599789619 16.9195995331
00159 1461244587.0999929905 16.9195995331
00160 1461244587.1399598122 16.9195995331
00161 1461244587.1799497604 16.9195995331
00162 1461244587.2199175358 16.9195995331
00163 1461244587.2598428726 16.9195995331
00164 1461244587.3000657558 16.9195995331
00165 1461244587.3399732113 16.9195995331
00166 1461244587.3802132607 17.1658477783
00167 1461244587.4227764606 17.1658477783
00168 1461244587.4597971439 17.1658477783
00169 1461244587.5006093979 17.1658477783
00170 1461244587.5397078991 17.1658477783
00171 1461244587.5796806812 17.1658477783
00172 1461244587.6220448017 17.1658477783
00173 1461244587.6595766544 17.1658477783
00174 1461244587.6997199059 17.4890155792
00175 1461244587.7397983074 17.4890155792
00176 1461244587.7794561386 17.4890155792
00177 1461244587.8218178749 17.4890155792
00178 1461244587.8596951962 18.1353473663
00179 1461244587.8996856213 18.1353473663
00180 1461244587.9395995140 18.1353473663
00181 1461244587.9796149731 18.1353473663
00182 1461244588.0224604607 18.1353473663
00183 1461244588.0595374107 18.9977817535
00184 1461244588.0994999409 18.9977817535
00185 1461244588.1398811340 18.9977817535
00186 1461244588.1795809269 18.9977817535
00187 1461244588.2235338688 18.9977817535
00188 1461244588.2594294548 18.9977817535
00189 1461244588.2994418144 20.2239532471
00190 1461244588.3394134045 20.2239532471
00191 1461244588.3799936771 20.2239532471
00192 1461244588.4216306210 20.2239532471
00193 1461244588.4612388611 21.1393566132
00194 1461244588.4993441105 21.1393566132
00195 1461244588.5395591259 21.1393566132
00196 1461244588.5794577599 21.1393566132
00197 1461244588.6213848591 21.1393566132
00198 1461244588.6593410969 22.3897590637
00199 1461244588.6993324757 22.3897590637
00200 1461244588.7393026352 22.3897590637
00201 1461244588.7791862488 22.3897590637
00202 1461244588.8232228756 22.3897590637
00203 1461244588.8591797352 23.3319282532
00204 1461244588.8991918564 23.3319282532
00205 1461244588.9391222000 23.3319282532
00206 1461244588.9790804386 23.3319282532
00207 1461244589.0212366581 23.3319282532
00208 1461244589.0590655804 24.0092544556
00209 1461244589.0991218090 24.0092544556
00210 1461244589.1393079758 24.0092544556
00211 1461244589.1791136265 24.0092544556
00212 1461244589.2192783356 24.0092544556
00213 1461244589.2589876652 24.0092544556
00214 1461244589.2989509106 24.0092544556
00215 1461244589.3389508724 24.0092544556
00216 1461244589.3796763420 24.0092544556
00217 1461244589.4212739468 24.0092544556
00218 1461244589.4590761662 24.0092544556
00219 1461244589.4990131855 24.0365829468
00220 1461244589.5388748646 24.0365829468
00221 1461244589.5789895058 24.0365829468
00222 1461244589.6212253571 24.0365829468
00223 1461244589.6587545872 23.7863903046
00224 1461244589.7017064095 23.7863903046
00225 1461244589.7387599945 23.7863903046
00226 1461244589.7786943913 23.7863903046
00227 1461244589.8220527172 23.7863903046
00228 1461244589.8588373661 23.2212009430
00229 1461244589.9014475346 23.2212009430
00230 1461244589.9386625290 23.2212009430
00231 1461244589.9790406227 23.2212009430
00232 1461244590.0230524540 23.2212009430
00233 1461244590.0587968826 22.4201889038
00234 1461244590.0986161232 22.4201889038
00235 1461244590.1414484978 22.4201889038
00236 1461244590.1787040234 22.4201889038
00237 1461244590.2217321396 22.4201889038
00238 1461244590.2586512566 21.5270442963
00239 1461244590.2988352776 21.5270442963
00240 1461244590.3385307789 21.5270442963
00241 1461244590.3783936501 21.5270442963
00242 1461244590.4207391739 21.5270442963
00243 1461244590.4584841728 20.5907917023
00244 1461244590.4987766743 20.5907917023
00245 1461244590.5384290218 20.5907917023
00246 1461244590.5787687302 20.5907917023
00247 1461244590.6207118034 20.5907917023
00248 1461244590.6583971977 19.7086353302
00249 1461244590.6983919144 19.7086353302
00250 1461244590.7382810116 19.7086353302
00251 1461244590.7782645226 19.7086353302
00252 1461244590.8210146427 19.7086353302
00253 1461244590.8582525253 18.8955059052
00254 1461244590.8982889652 18.8955059052
00255 1461244590.9382290840 18.8955059052
00256 1461244590.9781167507 18.8955059052
00257 1461244591.0203354359 18.8955059052
00258 1461244591.0582058430 18.1702842712
00259 1461244591.0982437134 18.1702842712
00260 1461244591.1381695271 18.1702842712
00261 1461244591.1781516075 18.1702842712
00262 1461244591.2203881741 18.3756790161
00263 1461244591.2581114769 18.3756790161
00264 1461244591.2981040478 18.3756790161
00265 1461244591.3380372524 18.3756790161
00266 1461244591.3779721260 18.3756790161
00267 1461244591.4180431366 18.3756790161
00268 1461244591.4589979649 18.3756790161
00269 1461244591.4980530739 18.3756790161
00270 1461244591.5381867886 18.3756790161
00271 1461244591.5782155991 18.3756790161
00272 1461244591.6188757420 18.3756790161
00273 1461244591.6586761475 18.3756790161
00274 1461244591.6983230114 18.3756790161
00275 1461244591.7378497124 18.3756790161
00276 1461244591.7777819633 18.3756790161
00277 1461244591.8177940845 18.3756790161
00278 1461244591.8577582836 18.3756790161
00279 1461244591.8977220058 18.3756790161
00280 1461244591.9377160072 18.3756790161
00281 1461244591.9778478146 18.3756790161
00282 1461244592.0196859837 18.3756790161
00283 1461244592.0576832294 18.3035526276
00284 1461244592.0976393223 18.3035526276
00285 1461244592.1376581192 18.3035526276
00286 1461244592.1775417328 18.3035526276
00287 1461244592.2198398113 18.3035526276
00288 1461244592.2573893070 18.7199764252
00289 1461244592.2975485325 18.7199764252
00290 1461244592.3375642300 18.7199764252
00291 1461244592.3775062561 18.7199764252
00292 1461244592.4195618629 18.7199764252
00293 1461244592.4574818611 19.2741775513
00294 1461244592.4974856377 19.2741775513
00295 1461244592.5374414921 19.2741775513
00296 1461244592.5773878098 19.2741775513
00297 1461244592.6198012829 19.2741775513
00298 1461244592.6591150761 19.2741775513
00299 1461244592.6977157593 20.4273777008
00300 1461244592.7378747463 20.4273777008
00301 1461244592.7773263454 20.4273777008
00302 1461244592.8200676441 20.4273777008
00303 1461244592.8572335243 20.4273777008
00304 1461244592.8987843990 21.7916069031
00305 1461244592.9397335052 21.7916069031
00306 1461244592.9771013260 21.7916069031
00307 1461244593.0217795372 21.7916069031
00308 1461244593.0574960709 23.3217849731
00309 1461244593.0999755859 23.3217849731
00310 1461244593.1400341988 23.3217849731
00311 1461244593.1771497726 23.3217849731
00312 1461244593.2206861973 23.3217849731
00313 1461244593.2578353882 23.3217849731
00314 1461244593.2971801758 25.0370750427
00315 1461244593.3370809555 25.0370750427
00316 1461244593.3797392845 25.0370750427
00317 1461244593.4198167324 25.0370750427
00318 1461244593.4573276043 27.4074306488
00319 1461244593.4970834255 27.4074306488
00320 1461244593.5374522209 27.4074306488
00321 1461244593.5771772861 27.4074306488
00322 1461244593.6236879826 27.4074306488
00323 1461244593.6571497917 27.4074306488
00324 1461244593.6970205307 30.6416282654
00325 1461244593.7368919849 30.6416282654
00326 1461244593.7769722939 30.6416282654
00327 1461244593.8189671040 30.6416282654
00328 1461244593.8567826748 34.0530471802
00329 1461244593.8968484402 34.0530471802
00330 1461244593.9375076294 34.0530471802
00331 1461244593.9768354893 34.0530471802
00332 1461244594.0211863518 34.0530471802
00333 1461244594.0565998554 34.0530471802
00334 1461244594.0977020264 37.1432723999
00335 1461244594.1381816864 37.1432723999
00336 1461244594.1766195297 37.1432723999
00337 1461244594.2192237377 37.1432723999
00338 1461244594.2575387955 38.8554611206
00339 1461244594.2966957092 38.8554611206
00340 1461244594.3366801739 38.8554611206
00341 1461244594.3766322136 38.8554611206
00342 1461244594.4190559387 38.7974205017
00343 1461244594.4566636086 38.7974205017
00344 1461244594.4966750145 38.7974205017
00345 1461244594.5365335941 38.7974205017
00346 1461244594.5786857605 38.0972747803
00347 1461244594.6189627647 38.0972747803
00348 1461244594.6565413475 38.0972747803
00349 1461244594.6965260506 38.0972747803
00350 1461244594.7375466824 38.0972747803
00351 1461244594.7767930031 38.0972747803
00352 1461244594.8186619282 38.0972747803
00353 1461244594.8575894833 38.0051422119
00354 1461244594.8963756561 38.0051422119
00355 1461244594.9363851547 38.0051422119
00356 1461244594.9763405323 38.0051422119
00357 1461244595.0206048489 38.0051422119
00358 1461244595.0568122864 38.0051422119
00359 1461244595.0965466499 38.2914009094
00360 1461244595.1362740993 38.2914009094
00361 1461244595.1761667728 38.2914009094
00362 1461244595.2210397720 38.2914009094
00363 1461244595.2562215328 39.1087532043
00364 1461244595.2971677780 39.1087532043
00365 1461244595.3371417522 39.1087532043
00366 1461244595.3763518333 39.9441413879
00367 1461244595.4183311462 39.9441413879
00368 1461244595.4563233852 39.9441413879
00369 1461244595.4961557388 39.9441413879
00370 1461244595.5368897915 39.9441413879
00371 1461244595.5761294365 39.9441413879
00372 1461244595.6188950539 39.9441413879
00373 1461244595.6559834480 39.9441413879
00374 1461244595.6960711479 39.9441413879
00375 1461244595.7360222340 39.9441413879
00376 1461244595.7760534286 39.9441413879
00377 1461244595.8186514378 39.9441413879
00378 1461244595.8559792042 39.9441413879
00379 1461244595.8958957195 39.9441413879
00380 1461244595.9358668327 39.9441413879
00381 1461244595.9757921696 39.9441413879
00382 1461244596.0213022232 39.9441413879
00383 1461244596.0568230152 39.9441413879
00384 1461244596.0976593494 39.9441413879
00385 1461244596.1357693672 39.9441413879
00386 1461244596.1756858826 39.9441413879
00387 1461244596.2180964947 39.9441413879
00388 1461244596.2557330132 39.9441413879
00389 1461244596.2955737114 39.9441413879
00390 1461244596.3357305527 39.9441413879
00391 1461244596.3756093979 39.9441413879
00392 1461244596.4175648689 39.9441413879
00393 1461244596.4556899071 39.9441413879
00394 1461244596.4955596924 39.9441413879
00395 1461244596.5355572701 39.9441413879
00396 1461244596.5755376816 39.9441413879
00397 1461244596.6174089909 39.9441413879
00398 1461244596.6555383205 39.9441413879
00399 1461244596.6955626011 39.9441413879
00400 1461244596.7355399132 39.9441413879
00401 1461244596.7753753662 39.9441413879
00402 1461244596.8176910877 39.9441413879
00403 1461244596.8554780483 39.9441413879
00404 1461244596.8954112530 39.9441413879
00405 1461244596.9353718758 39.9441413879
00406 1461244596.9753746986 39.9441413879
00407 1461244597.0174074173 39.9441413879
00408 1461244597.0553021431 39.9441413879
00409 1461244597.0953269005 39.9441413879
00410 1461244597.1352825165 39.9441413879
00411 1461244597.1752748489 39.9441413879
00412 1461244597.2171473503 39.9441413879
00413 1461244597.2551944256 39.9441413879
00414 1461244597.2952694893 39.9441413879
00415 1461244597.3352894783 39.9441413879
00416 1461244597.3751461506 39.9441413879
00417 1461244597.4184603691 39.9441413879
00418 1461244597.4555401802 39.9441413879
00419 1461244597.4951472282 39.9441413879
00420 1461244597.5351538658 39.9441413879
00421 1461244597.5750820637 39.9441413879
00422 1461244597.6183590889 39.9441413879
00423 1461244597.6555025578 39.9441413879
00424 1461244597.6968023777 39.9441413879
00425 1461244597.7349989414 39.9441413879
00426 1461244597.7750346661 39.9441413879
00427 1461244597.8173124790 39.9441413879
00428 1461244597.8549809456 39.9441413879
00429 1461244597.8949513435 39.9441413879
00430 1461244597.9347879887 39.9441413879
00431 1461244597.9749288559 39.9441413879
00432 1461244598.0169224739 39.9441413879
00433 1461244598.0548703671 39.9441413879
00434 1461244598.0948183537 39.9441413879
00435 1461244598.1348299980 39.9441413879
00436 1461244598.1749134064 39.9441413879
00437 1461244598.2172949314 39.9441413879
00438 1461244598.2548546791 39.9441413879
00439 1461244598.2948398590 39.9441413879
00440 1461244598.3348264694 39.9441413879
00441 1461244598.3748638630 39.9441413879
00442 1461244598.4171786308 39.9441413879
00443 1461244598.4546611309 39.9441413879
00444 1461244598.4964792728 39.9441413879
00445 1461244598.5346844196 39.9441413879
00446 1461244598.5747313499 39.9441413879
00447 1461244598.6197550297 39.9441413879
00448 1461244598.6545460224 39.9441413879
00449 1461244598.6946692467 39.9441413879
00450 1461244598.7345743179 39.9441413879
00451 1461244598.7748167515 39.9441413879
00452 1461244598.8169777393 39.9441413879
00453 1461244598.8545346260 39.9441413879
00454 1461244598.8945055008 39.9441413879
00455 1461244598.9347758293 39.9441413879
00456 1461244598.9744029045 39.9441413879
00457 1461244599.0165193081 39.9441413879
00458 1461244599.0544056892 39.9441413879
00459 1461244599.0943517685 39.9441413879
00460 1461244599.1343734264 39.9441413879
00461 1461244599.1742520332 39.9441413879
00462 1461244599.2163367271 39.9441413879
00463 1461244599.2543005943 39.9441413879
00464 1461244599.2943091393 39.9441413879
00465 1461244599.3342537880 39.9441413879
00466 1461244599.3743262291 39.9441413879
00467 1461244599.4169797897 39.9441413879
00468 1461244599.4543039799 39.9441413879
00469 1461244599.4956910610 39.9441413879
00470 1461244599.5343437195 39.9441413879
00471 1461244599.5741319656 39.9441413879
00472 1461244599.6160695553 39.9441413879
00473 1461244599.6540775299 39.9441413879
00474 1461244599.6941468716 39.9441413879
00475 1461244599.7340712547 39.9441413879
00476 1461244599.7740113735 39.9441413879
00477 1461244599.8184790611 39.9441413879
00478 1461244599.8541390896 39.9441413879
00479 1461244599.8941409588 39.9441413879
00480 1461244599.9341225624 39.9441413879
00481 1461244599.9740190506 39.9441413879
00482 1461244600.0167553425 39.9441413879
00483 1461244600.0539958477 38.9949264526
00484 1461244600.0941069126 38.9949264526
00485 1461244600.1338689327 38.9949264526
00486 1461244600.1738393307 38.9949264526
00487 1461244600.2164635658 37.2447013855
00488 1461244600.2539503574 37.2447013855
00489 1461244600.2940862179 37.2447013855
00490 1461244600.3336286545 37.2447013855
00491 1461244600.3738808632 37.2447013855
00492 1461244600.4157760143 37.2447013855
00493 1461244600.4537146091 34.8205337524
00494 1461244600.4938054085 34.8205337524
00495 1461244600.5337517262 34.8205337524
00496 1461244600.5735166073 34.8205337524
00497 1461244600.6183969975 34.8205337524
00498 1461244600.6537952423 32.2704200745
00499 1461244600.6937363148 32.2704200745
00500 1461244600.7336676121 32.2704200745
00501 1461244600.7735733986 32.2704200745
00502 1461244600.8155374527 32.2704200745
00503 1461244600.8552021980 29.9042911530
00504 1461244600.8935706615 29.9042911530
00505 1461244600.9336814880 29.9042911530
00506 1461244600.9735932350 29.9042911530
00507 1461244601.0156085491 29.9042911530
00508 1461244601.0534336567 27.6801643372
00509 1461244601.0953228474 27.6801643372
00510 1461244601.1333827972 27.6801643372
00511 1461244601.1745572090 27.6801643372
00512 1461244601.2153501511 27.6801643372
00513 1461244601.2543323040 27.6801643372
00514 1461244601.2934522629 25.8530197144
00515 1461244601.3333847523 25.8530197144
00516 1461244601.3732421398 25.8530197144
00517 1461244601.4160041809 25.8530197144
00518 1461244601.4533212185 24.6939048767
00519 1461244601.4932661057 24.6939048767
00520 1461244601.5332937241 24.6939048767
00521 1461244601.5731403828 24.6939048767
00522 1461244601.6132023335 24.6939048767
00523 1461244601.6559703350 24.6939048767
00524 1461244601.6931345463 24.6939048767
00525 1461244601.7339668274 24.6939048767
00526 1461244601.7730960846 24.6939048767
00527 1461244601.8131091595 24.6939048767
00528 1461244601.8529539108 24.6939048767
00529 1461244601.8931469917 24.6939048767
00530 1461244601.9331526756 24.6939048767
00531 1461244601.9730763435 24.6939048767
00532 1461244602.0130937099 24.6939048767
00533 1461244602.0542945862 24.6939048767
00534 1461244602.0931527615 24.6939048767
00535 1461244602.1347863674 24.6939048767
00536 1461244602.1729371548 24.6939048767
00537 1461244602.2156095505 23.8376693726
00538 1461244602.2532229424 23.8376693726
00539 1461244602.2930195332 23.8376693726
00540 1461244602.3331074715 23.8376693726
00541 1461244602.3730745316 23.8376693726
00542 1461244602.4152605534 23.8376693726
00543 1461244602.4529218674 22.9535388947
00544 1461244602.4941868782 22.9535388947
00545 1461244602.5328371525 22.9535388947
00546 1461244602.5749504566 22.9535388947
00547 1461244602.6152012348 22.9535388947
00548 1461244602.6546952724 22.9535388947
00549 1461244602.6937017441 22.1745033264
00550 1461244602.7337429523 22.1745033264
00551 1461244602.7727730274 22.1745033264
00552 1461244602.8166651726 22.1745033264
00553 1461244602.8527023792 21.3754634857
00554 1461244602.8934059143 21.3754634857
00555 1461244602.9324295521 21.3754634857
00556 1461244602.9724149704 21.3754634857
00557 1461244603.0144736767 21.3754634857
00558 1461244603.0526273251 20.4423103333
00559 1461244603.0925846100 20.4423103333
00560 1461244603.1344139576 20.4423103333
00561 1461244603.1736168861 20.4423103333
00562 1461244603.2146308422 20.4423103333
00563 1461244603.2525331974 19.5872001648
00564 1461244603.2925827503 19.5872001648
00565 1461244603.3334271908 19.5872001648
00566 1461244603.3726572990 19.5872001648
00567 1461244603.4164807796 19.5872001648
00568 1461244603.4523973465 18.6610908508
00569 1461244603.4935798645 18.6610908508
00570 1461244603.5324730873 18.6610908508
00571 1461244603.5721354485 18.6610908508
00572 1461244603.6149582863 18.6610908508
00573 1461244603.6524260044 18.6610908508
00574 1461244603.6923334599 17.6538391113
00575 1461244603.7323434353 17.6538391113
00576 1461244603.7722389698 17.6538391113
00577 1461244603.8142392635 17.6538391113
00578 1461244603.8521933556 16.7356185913
00579 1461244603.8927328587 16.7356185913
00580 1461244603.9321420193 16.7356185913
00581 1461244603.9719078541 16.7356185913
00582 1461244604.0143439770 16.7356185913
00583 1461244604.0521178246 16.7356185913
00584 1461244604.0922887325 15.8464174271
00585 1461244604.1320593357 15.8464174271
00586 1461244604.1722826958 15.8464174271
00587 1461244604.2141246796 15.8464174271
00588 1461244604.2519750595 14.9053754807
00589 1461244604.2934966087 14.9053754807
00590 1461244604.3320541382 14.9053754807
00591 1461244604.3761532307 14.9053754807
00592 1461244604.4156413078 14.9053754807
00593 1461244604.4518201351 13.9843368530
00594 1461244604.4931647778 13.9843368530
00595 1461244604.5318365097 13.9843368530
00596 1461244604.5728952885 13.9843368530
00597 1461244604.6150038242 13.9843368530
00598 1461244604.6548078060 13.1171131134
00599 1461244604.6924653053 13.1171131134
00600 1461244604.7319381237 13.1171131134
00601 1461244604.7716155052 13.1171131134
00602 1461244604.8138003349 13.1171131134
00603 1461244604.8519415855 13.1171131134
00604 1461244604.8917353153 12.1879043579
00605 1461244604.9317083359 12.1879043579
00606 1461244604.9716067314 12.1879043579
00607 1461244605.0144133568 12.1879043579
00608 1461244605.0516974926 11.2308025360
00609 1461244605.0916609764 11.2308025360
00610 1461244605.1316802502 11.2308025360
00611 1461244605.1743977070 11.2308025360
00612 1461244605.2168679237 11.2308025360
00613 1461244605.2515368462 10.3655509949
00614 1461244605.2915360928 10.3655509949
00615 1461244605.3315515518 10.3655509949
00616 1461244605.3715453148 10.3655509949
00617 1461244605.4140973091 10.3655509949
00618 1461244605.4514920712 9.5893325806
00619 1461244605.4914216995 9.5893325806
00620 1461244605.5318219662 9.5893325806
00621 1461244605.5715031624 9.5893325806
00622 1461244605.6145603657 9.5893325806
00623 1461244605.6513850689 8.8691816330
00624 1461244605.6912994385 8.8691816330
00625 1461244605.7313182354 8.8691816330
00626 1461244605.7717087269 8.8691816330
00627 1461244605.8134381771 8.8691816330
00628 1461244605.8512213230 8.2679290771
00629 1461244605.8913192749 8.2679290771
00630 1461244605.9343242645 8.2679290771
00631 1461244605.9717028141 8.2679290771
00632 1461244606.0137410164 8.2679290771
00633 1461244606.0512652397 7.8019156456
00634 1461244606.0911667347 7.8019156456
00635 1461244606.1323685646 7.8019156456
00636 1461244606.1710319519 7.8019156456
00637 1461244606.2131690979 7.8019156456
00638 1461244606.2511208057 7.8019156456
00639 1461244606.2910923958 7.4618444443
00640 1461244606.3311119080 7.4618444443
00641 1461244606.3709802628 7.4618444443
00642 1461244606.4139876366 7.4618444443
00643 1461244606.4510180950 7.1967186928
00644 1461244606.4910852909 7.1967186928
00645 1461244606.5310511589 7.1967186928
00646 1461244606.5712502003 7.1967186928
00647 1461244606.6109366417 7.1967186928
00648 1461244606.6537292004 7.1967186928
00649 1461244606.6908903122 7.1967186928
00650 1461244606.7310838699 7.1967186928
00651 1461244606.7709233761 7.1967186928
00652 1461244606.8131279945 7.1967186928
00653 1461244606.8508181572 7.1967186928
00654 1461244606.8908150196 7.0135817528
00655 1461244606.9309051037 7.0135817528
00656 1461244606.9705688953 7.0135817528
00657 1461244607.0134785175 7.0135817528
00658 1461244607.0507006645 6.8594646454
00659 1461244607.0907478333 6.8594646454
00660 1461244607.1307733059 6.8594646454
00661 1461244607.1705060005 6.8594646454
00662 1461244607.2125308514 6.8594646454
00663 1461244607.2507956028 6.7312688828
00664 1461244607.2906739712 6.7312688828
00665 1461244607.3306338787 6.7312688828
00666 1461244607.3703560829 6.7312688828
00667 1461244607.4124093056 6.7312688828
00668 1461244607.4505622387 6.7312688828
00669 1461244607.4905664921 6.5760250092
00670 1461244607.5305037498 6.5760250092
00671 1461244607.5702874660 6.5760250092
00672 1461244607.6136479378 6.5760250092
00673 1461244607.6504733562 6.3568243980
00674 1461244607.6907908916 6.3568243980
00675 1461244607.7304632664 6.3568243980
00676 1461244607.7702713013 6.3568243980
00677 1461244607.8129169941 6.3568243980
00678 1461244607.8506546021 6.0956430435
00679 1461244607.8903756142 6.0956430435
00680 1461244607.9306826591 6.0956430435
00681 1461244607.9729478359 6.0956430435
00682 1461244608.0148241520 6.0956430435
00683 1461244608.0502841473 5.8045959473
00684 1461244608.0902762413 5.8045959473
00685 1461244608.1302917004 5.8045959473
00686 1461244608.1705441475 5.8045959473
00687 1461244608.2128646374 5.8045959473
00688 1461244608.2502493858 5.5414423943
00689 1461244608.2901821136 5.5414423943
00690 1461244608.3301415443 5.5414423943
00691 1461244608.3728315830 5.5414423943
00692 1461244608.4157412052 5.5414423943
00693 1461244608.4501130581 5.3123803139
00694 1461244608.4900112152 5.3123803139
00695 1461244608.5299701691 5.3123803139
00696 1461244608.5699520111 5.3123803139
00697 1461244608.6120002270 5.3123803139
00698 1461244608.6500592232 5.3123803139
00699 1461244608.6899695396 5.1281161308
00700 1461244608.7300376892 5.1281161308
00701 1461244608.7701120377 5.1281161308
00702 1461244608.8120734692 5.1281161308
00703 1461244608.8498251438 4.9810433388
00704 1461244608.8898055553 4.9810433388
00705 1461244608.9297878742 4.9810433388
00706 1461244608.9696931839 4.9810433388
00707 1461244609.0119633675 4.9810433388
00708 1461244609.0497648716 4.9810433388
00709 1461244609.0896625519 4.8658080101
00710 1461244609.1313855648 4.8658080101
00711 1461244609.1696057320 4.8658080101
00712 1461244609.2118508816 4.8658080101
00713 1461244609.2501006126 4.7525448799
00714 1461244609.2897434235 4.7525448799
00715 1461244609.3295936584 4.7525448799
00716 1461244609.3705246449 4.7525448799
00717 1461244609.4115424156 4.7525448799
00718 1461244609.4496643543 4.7525448799
00719 1461244609.4895756245 4.6125154495
00720 1461244609.5295016766 4.6125154495
00721 1461244609.5699243546 4.6125154495
00722 1461244609.6130445004 4.6125154495
00723 1461244609.6494987011 4.4203624725
00724 1461244609.6895027161 4.4203624725
00725 1461244609.7295348644 4.4203624725
00726 1461244609.7693743706 4.4203624725
00727 1461244609.8116424084 4.4203624725
00728 1461244609.8494739532 4.2262372971
00729 1461244609.8893935680 4.2262372971
00730 1461244609.9294469357 4.2262372971
00731 1461244609.9692497253 4.2262372971
00732 1461244610.0113680363 4.2262372971
00733 1461244610.0494143963 4.0619773865
00734 1461244610.0892875195 4.0619773865
00735 1461244610.1293530464 4.0619773865
00736 1461244610.1695036888 4.0619773865
00737 1461244610.2114691734 4.0619773865
00738 1461244610.2492463589 3.9447698593
00739 1461244610.2916538715 3.9447698593
00740 1461244610.3298008442 3.9447698593
00741 1461244610.3701691628 3.9447698593
00742 1461244610.4114918709 3.9447698593
00743 1461244610.4497992992 3.8565824032
00744 1461244610.4891037941 3.8565824032
00745 1461244610.5291199684 3.8565824032
00746 1461244610.5691344738 3.8565824032
00747 1461244610.6090624332 3.8565824032
00748 1461244610.6517419815 3.8565824032
00749 1461244610.6890525818 3.8565824032
00750 1461244610.7304868698 3.8565824032
00751 1461244610.7694141865 3.8565824032
00752 1461244610.8090758324 3.8565824032
00753 1461244610.8491702080 3.8565824032
00754 1461244610.8889873028 3.8565824032
00755 1461244610.9299633503 3.8565824032
00756 1461244610.9694697857 3.8565824032
00757 1461244611.0105385780 3.8565824032
00758 1461244611.0490660667 3.9027891159
00759 1461244611.0889697075 3.9027891159
00760 1461244611.1289072037 3.9027891159
00761 1461244611.1689064503 3.9027891159
00762 1461244611.2125174999 3.9027891159
00763 1461244611.2512948513 3.9819607735
00764 1461244611.2888140678 3.9819607735
00765 1461244611.3287379742 3.9819607735
00766 1461244611.3685150146 3.9819607735
00767 1461244611.4153120518 3.9819607735
00768 1461244611.4487404823 3.9819607735
00769 1461244611.4885814190 4.1172003746
00770 1461244611.5286309719 4.1172003746
00771 1461244611.5685865879 4.1172003746
00772 1461244611.6131820679 4.1172003746
00773 1461244611.6485996246 4.2916030884
00774 1461244611.6885898113 4.2916030884
00775 1461244611.7285537720 4.2916030884
00776 1461244611.7685964108 4.2916030884
00777 1461244611.8113076687 4.2916030884
00778 1461244611.8491978645 4.4750218391
00779 1461244611.8885238171 4.4750218391
00780 1461244611.9301142693 4.4750218391
00781 1461244611.9684524536 4.4750218391
00782 1461244612.0133631229 4.4750218391
00783 1461244612.0484650135 4.6933774948
00784 1461244612.0883777142 4.6933774948
00785 1461244612.1284575462 4.6933774948
00786 1461244612.1684229374 4.6933774948
00787 1461244612.2108504772 4.6933774948
00788 1461244612.2484185696 4.9046893120
00789 1461244612.2883734703 4.9046893120
00790 1461244612.3282709122 4.9046893120
00791 1461244612.3681704998 4.9046893120
00792 1461244612.4133100510 4.9046893120
00793 1461244612.4485588074 5.1289615631
00794 1461244612.4881937504 5.1289615631
00795 1461244612.5282611847 5.1289615631
00796 1461244612.5681564808 5.1289615631
00797 1461244612.6125323772 5.1289615631
00798 1461244612.6480970383 5.4022583961
00799 1461244612.6881058216 5.4022583961
00800 1461244612.7287359238 5.4022583961
00801 1461244612.7680888176 5.4022583961
00802 1461244612.8103818893 5.4022583961
00803 1461244612.8491020203 5.7276782990
00804 1461244612.8883152008 5.7276782990
00805 1461244612.9280307293 5.7276782990
00806 1461244612.9679338932 5.7276782990
00807 1461244613.0108923912 5.7276782990
00808 1461244613.0480053425 5.7276782990
00809 1461244613.0878884792 6.0939521790
00810 1461244613.1280267239 6.0939521790
00811 1461244613.1681499481 6.0939521790
00812 1461244613.2101185322 6.0939521790
00813 1461244613.2477836609 6.0939521790
00814 1461244613.2878146172 6.5151672363
00815 1461244613.3278138638 6.5151672363
00816 1461244613.3705520630 6.5151672363
00817 1461244613.4100289345 6.5151672363
00818 1461244613.4477493763 6.5151672363
00819 1461244613.4877812862 7.0025935173
00820 1461244613.5277800560 7.0025935173
00821 1461244613.5677564144 7.0025935173
00822 1461244613.6105961800 7.0025935173
00823 1461244613.6477909088 7.5320000648
00824 1461244613.6876685619 7.5320000648
00825 1461244613.7284941673 7.5320000648
00826 1461244613.7680678368 7.5320000648
00827 1461244613.8098247051 7.5320000648
00828 1461244613.8473746777 8.0433750153
00829 1461244613.8891708851 8.0433750153
00830 1461244613.9285085201 8.0433750153
00831 1461244613.9675574303 8.0433750153
00832 1461244614.0116078854 8.0433750153
00833 1461244614.0487120152 8.0433750153
00834 1461244614.0886368752 8.6728019714
00835 1461244614.1274704933 8.6728019714
00836 1461244614.1692490578 8.6728019714
00837 1461244614.2096004486 8.6728019714
00838 1461244614.2473068237 8.6728019714
00839 1461244614.2874681950 9.3380117416
00840 1461244614.3273530006 9.3380117416
00841 1461244614.3672184944 9.3380117416
00842 1461244614.4095194340 9.3380117416
00843 1461244614.4473803043 9.3380117416
00844 1461244614.4871790409 10.0122375488
00845 1461244614.5272972584 10.0122375488
00846 1461244614.5671980381 10.0122375488
00847 1461244614.6090528965 10.0122375488
00848 1461244614.6480252743 10.6554708481
00849 1461244614.6872353554 10.6554708481
00850 1461244614.7271957397 10.6554708481
00851 1461244614.7672080994 10.6554708481
00852 1461244614.8104434013 10.6554708481
00853 1461244614.8471510410 10.6554708481
00854 1461244614.8871364594 11.3088474274
00855 1461244614.9270668030 11.3088474274
00856 1461244614.9670536518 11.3088474274
00857 1461244615.0095448494 11.3088474274
00858 1461244615.0470776558 11.9492635727
00859 1461244615.0869898796 11.9492635727
00860 1461244615.1269683838 11.9492635727
00861 1461244615.1669888496 11.9492635727
00862 1461244615.2094457150 11.9492635727
00863 1461244615.2469589710 12.5654487610
00864 1461244615.2868380547 12.5654487610
00865 1461244615.3268561363 12.5654487610
00866 1461244615.3668782711 12.5654487610
00867 1461244615.4139957428 13.1506414413
00868 1461244615.4466502666 13.1506414413
00869 1461244615.4867815971 13.1506414413
00870 1461244615.5284399986 13.1506414413
00871 1461244615.5668458939 13.1506414413
00872 1461244615.6103684902 13.1506414413
00873 1461244615.6466934681 13.6048212051
00874 1461244615.6867351532 13.6048212051
00875 1461244615.7267756462 13.6048212051
00876 1461244615.7667117119 13.6048212051
00877 1461244615.8086469173 13.6048212051
00878 1461244615.8466887474 13.6048212051
00879 1461244615.8866727352 14.0280084610
00880 1461244615.9266571999 14.0280084610
00881 1461244615.9666152000 14.0280084610
00882 1461244616.0087532997 14.0280084610
00883 1461244616.0466115475 14.0280084610
00884 1461244616.0872354507 14.5483989716
00885 1461244616.1265406609 14.5483989716
00886 1461244616.1665408611 14.5483989716
00887 1461244616.2084000111 14.9927177429
00888 1461244616.2464892864 14.9927177429
00889 1461244616.2864730358 14.9927177429
00890 1461244616.3274390697 14.9927177429
00891 1461244616.3669354916 14.9927177429
00892 1461244616.4083645344 14.9927177429
00893 1461244616.4463627338 14.9927177429
00894 1461244616.4863183498 15.4460515976
00895 1461244616.5263018608 15.4460515976
00896 1461244616.5663990974 15.4460515976
00897 1461244616.6087381840 15.4460515976
00898 1461244616.6463382244 16.0904121399
00899 1461244616.6892514229 16.0904121399
00900 1461244616.7260313034 16.0904121399
00901 1461244616.7661769390 16.0904121399
00902 1461244616.8089358807 16.0904121399
00903 1461244616.8461859226 16.0904121399
00904 1461244616.8861429691 17.0737171173
00905 1461244616.9264283180 17.0737171173
00906 1461244616.9661378860 17.0737171173
00907 1461244617.0090112686 17.0737171173
00908 1461244617.0466065407 18.3139762878
00909 1461244617.0861492157 18.3139762878
00910 1461244617.1261479855 18.3139762878
00911 1461244617.1664223671 18.3139762878
00912 1461244617.2087125778 18.3139762878
00913 1461244617.2460420132 18.3139762878
00914 1461244617.2860636711 19.3541946411
00915 1461244617.3260040283 19.3541946411
00916 1461244617.3663592339 19.3541946411
00917 1461244617.4081401825 19.3541946411
00918 1461244617.4459409714 20.4924602509
00919 1461244617.4858973026 20.4924602509
00920 1461244617.5257830620 20.4924602509
00921 1461244617.5658226013 20.4924602509
00922 1461244617.6079890728 20.4924602509
00923 1461244617.6486093998 20.4924602509
00924 1461244617.6857557297 21.4887256622
00925 1461244617.7257006168 21.4887256622
00926 1461244617.7685122490 21.4887256622
00927 1461244617.8083384037 21.4887256622
00928 1461244617.8457181454 22.3810253143
00929 1461244617.8856704235 22.3810253143
00930 1461244617.9256968498 22.3810253143
00931 1461244617.9656968117 22.3810253143
00932 1461244618.0079178810 22.3810253143
00933 1461244618.0457386971 22.3810253143
00934 1461244618.0856678486 23.2612094879
00935 1461244618.1256799698 23.2612094879
00936 1461244618.1656594276 23.2612094879
00937 1461244618.2077491283 23.2612094879
00938 1461244618.2455337048 24.4854106903
00939 1461244618.2855262756 24.4854106903
00940 1461244618.3256247044 24.4854106903
00941 1461244618.3654263020 24.4854106903
00942 1461244618.4079749584 24.4854106903
00943 1461244618.4461677074 25.9888229370
00944 1461244618.4854645729 25.9888229370
00945 1461244618.5254104137 25.9888229370
00946 1461244618.5654184818 25.9888229370
00947 1461244618.6079645157 25.9888229370
00948 1461244618.6452980042 25.9888229370
00949 1461244618.6853387356 27.4581451416
00950 1461244618.7253539562 27.4581451416
00951 1461244618.7662048340 27.4581451416
00952 1461244618.8073532581 27.4581451416
00953 1461244618.8459377289 27.4581451416
00954 1461244618.8855755329 29.0973625183
00955 1461244618.9252541065 29.0973625183
00956 1461244618.9652726650 29.0973625183
00957 1461244619.0067992210 29.0973625183
00958 1461244619.0452466011 30.4277801514
00959 1461244619.0852448940 30.4277801514
00960 1461244619.1250588894 30.4277801514
00961 1461244619.1651923656 30.4277801514
00962 1461244619.2050845623 30.4277801514
00963 1461244619.2450606823 30.4277801514
00964 1461244619.2853128910 30.4277801514
00965 1461244619.3252570629 30.4277801514
00966 1461244619.3652372360 30.5080795288
00967 1461244619.4074349403 30.5080795288
00968 1461244619.4450943470 30.5080795288
00969 1461244619.4849476814 30.5080795288
00970 1461244619.5246939659 30.5080795288
00971 1461244619.5653867722 30.5080795288
00972 1461244619.6069219112 30.5080795288
00973 1461244619.6452567577 30.5080795288
00974 1461244619.6849136353 30.6103553772
00975 1461244619.7248666286 30.6103553772
00976 1461244619.7648279667 30.6103553772
00977 1461244619.8047122955 30.6103553772
00978 1461244619.8448948860 30.6103553772
00979 1461244619.8849139214 30.6103553772
00980 1461244619.9248037338 30.6103553772
00981 1461244619.9648087025 30.6103553772
00982 1461244620.0048072338 30.6103553772
00983 1461244620.0451176167 30.6103553772
00984 1461244620.0863804817 30.6103553772
00985 1461244620.1247601509 30.6103553772
00986 1461244620.1646602154 30.6103553772
00987 1461244620.2045531273 30.6103553772
00988 1461244620.2445836067 30.6103553772
00989 1461244620.2844481468 30.6103553772
00990 1461244620.3245992661 30.6103553772
00991 1461244620.3645191193 30.6103553772
00992 1461244620.4065690041 30.6103553772
00993 1461244620.4447412491 30.6103553772
00994 1461244620.4843924046 31.5615406036
00995 1461244620.5245366096 31.5615406036
00996 1461244620.5644547939 31.5615406036
00997 1461244620.6068441868 31.5615406036
00998 1461244620.6445157528 31.5615406036
00999 1461244620.6845164299 32.5518875122
01000 1461244620.7244884968 32.5518875122
01001 1461244620.7647390366 32.5518875122
01002 1461244620.8087313175 32.5518875122
01003 1461244620.8442800045 33.8662490845
01004 1461244620.8848900795 33.8662490845
01005 1461244620.9250423908 33.8662490845
01006 1461244620.9646275043 33.8662490845
01007 1461244621.0082430840 33.8662490845
01008 1461244621.0442581177 35.7655181885
01009 1461244621.0855624676 35.7655181885
01010 1461244621.1247966290 35.7655181885
01011 1461244621.1645827293 35.7655181885
01012 1461244621.2101142406 35.7655181885
01013 1461244621.2441573143 38.3998718262
01014 1461244621.2841389179 38.3998718262
01015 1461244621.3241443634 38.3998718262
01016 1461244621.3672490120 38.3998718262
01017 1461244621.4061267376 38.3998718262
01018 1461244621.4441745281 38.3998718262
01019 1461244621.4840674400 39.9441413879
01020 1461244621.5240557194 39.9441413879
01021 1461244621.5640363693 39.9441413879
01022 1461244621.6064898968 39.9441413879
01023 1461244621.6440095901 39.9441413879
01024 1461244621.6839036942 39.9441413879
01025 1461244621.7239773273 39.9441413879
01026 1461244621.7657566071 39.9441413879
01027 1461244621.8060562611 39.9441413879
01028 1461244621.8437955379 39.9441413879
01029 1461244621.8868017197 39.9441413879
01030 1461244621.9238998890 39.9441413879
01031 1461244621.9637796879 39.9441413879
01032 1461244622.0057744980 39.9441413879
01033 1461244622.0437374115 39.9441413879
01034 1461244622.0838458538 39.9441413879
01035 1461244622.1241869926 39.9441413879
01036 1461244622.1637477875 39.9441413879
01037 1461244622.2066316605 39.9441413879
01038 1461244622.2438037395 39.9441413879
01039 1461244622.2836272717 39.9441413879
01040 1461244622.3236129284 39.9441413879
01041 1461244622.3636093140 39.9441413879
01042 1461244622.4054956436 39.9441413879
01043 1461244622.4435565472 39.9441413879
01044 1461244622.4836032391 39.9441413879
01045 1461244622.5235857964 39.9441413879
01046 1461244622.5662591457 39.9441413879
01047 1461244622.6058053970 39.9441413879
01048 1461244622.6439378262 39.9441413879
01049 1461244622.6835124493 39.9441413879
01050 1461244622.7234544754 39.9441413879
01051 1461244622.7633967400 39.9441413879
01052 1461244622.8062329292 39.9441413879
01053 1461244622.8434042931 39.9441413879
01054 1461244622.8834035397 39.9441413879
01055 1461244622.9249420166 39.9441413879
01056 1461244622.9633541107 39.9441413879
01057 1461244623.0070014000 39.9441413879
01058 1461244623.0431034565 39.9441413879
01059 1461244623.0833246708 39.9441413879
01060 1461244623.1232488155 39.9441413879
01061 1461244623.1631705761 39.9441413879
01062 1461244623.2058606148 39.9441413879
01063 1461244623.2432131767 39.9441413879
01064 1461244623.2831475735 39.9441413879
01065 1461244623.3231899738 39.9441413879
01066 1461244623.3655023575 39.9441413879
01067 1461244623.4054896832 39.9441413879
01068 1461244623.4430661201 39.9441413879
01069 1461244623.4830532074 39.9441413879
01070 1461244623.5230259895 39.9441413879
01071 1461244623.5628795624 39.9441413879
01072 1461244623.6057167053 39.9441413879
01073 1461244623.6430368423 39.9441413879
01074 1461244623.6829617023 39.9441413879
01075 1461244623.7229604721 39.9441413879
01076 1461244623.7629437447 39.9441413879
01077 1461244623.8055434227 39.9441413879
01078 1461244623.8431866169 39.9441413879
01079 1461244623.8828597069 39.9441413879
01080 1461244623.9228618145 39.9441413879
01081 1461244623.9628908634 39.9441413879
01082 1461244624.0062391758 39.9441413879
01083 1461244624.0431869030 39.9441413879
01084 1461244624.0829284191 39.9441413879
01085 1461244624.1228220463 39.9441413879
01086 1461244624.1627538204 39.9441413879
01087 1461244624.2053813934 39.9441413879
01088 1461244624.2427480221 39.9441413879
01089 1461244624.2828695774 39.9441413879
01090 1461244624.3226983547 39.9441413879
01091 1461244624.3626651764 39.9441413879
01092 1461244624.4042670727 39.9441413879
01093 1461244624.4426209927 39.9441413879
01094 1461244624.4825732708 39.9441413879
01095 1461244624.5225379467 39.9441413879
01096 1461244624.5626101494 39.9441413879
01097 1461244624.6048579216 39.9441413879
01098 1461244624.6428968906 39.9441413879
01099 1461244624.6827058792 39.9441413879
01100 1461244624.7226645947 39.9441413879
01101 1461244624.7627396584 39.9441413879
01102 1461244624.8049371243 39.9441413879
01103 1461244624.8425962925 39.9441413879
01104 1461244624.8824617863 39.9441413879
01105 1461244624.9223804474 39.9441413879
01106 1461244624.9625463486 39.9441413879
01107 1461244625.0024542809 39.9441413879
01108 1461244625.0424244404 39.9441413879
01109 1461244625.0823626518 39.9441413879
01110 1461244625.1249101162 39.9441413879
01111 1461244625.1623826027 39.9441413879
01112 1461244625.2048852444 39.9441413879
01113 1461244625.2423691750 39.9441413879
01114 1461244625.2831006050 39.9441413879
01115 1461244625.3232479095 39.9441413879
01116 1461244625.3622691631 39.9441413879
01117 1461244625.4049475193 39.9441413879
01118 1461244625.4422414303 39.9441413879
01119 1461244625.4821803570 39.9441413879
01120 1461244625.5221705437 39.9441413879
01121 1461244625.5621411800 39.9441413879
01122 1461244625.6047458649 39.9441413879
01123 1461244625.6422853470 39.8280601501
01124 1461244625.6822602749 39.8280601501
01125 1461244625.7238075733 39.8280601501
01126 1461244625.7620666027 39.8280601501
01127 1461244625.8045344353 39.8280601501
01128 1461244625.8451812267 39.8280601501
01129 1461244625.8822257519 38.3519744873
01130 1461244625.9218974113 38.3519744873
01131 1461244625.9620382786 38.3519744873
01132 1461244626.0042040348 38.3519744873
01133 1461244626.0419061184 36.4439697266
01134 1461244626.0821318626 36.4439697266
01135 1461244626.1219084263 36.4439697266
01136 1461244626.1618077755 36.4439697266
01137 1461244626.2042694092 36.4439697266
01138 1461244626.2422535419 35.2279396057
01139 1461244626.2817556858 35.2279396057
01140 1461244626.3218283653 35.2279396057
01141 1461244626.3629462719 35.2279396057
01142 1461244626.4040889740 35.2279396057
01143 1461244626.4417703152 34.4227027893
01144 1461244626.4817752838 34.4227027893
01145 1461244626.5217401981 34.4227027893
01146 1461244626.5616617203 34.4227027893
01147 1461244626.6017503738 34.4227027893
01148 1461244626.6416153908 34.4227027893
01149 1461244626.6841652393 34.4227027893
01150 1461244626.7216682434 34.4227027893
01151 1461244626.7616510391 34.4227027893
01152 1461244626.8016414642 34.4227027893
01153 1461244626.8416032791 34.4227027893
01154 1461244626.8815817833 34.4227027893
01155 1461244626.9222493172 34.4227027893
01156 1461244626.9615225792 34.4227027893
01157 1461244627.0040223598 34.4227027893
01158 1461244627.0414471626 34.4074859619
01159 1461244627.0814089775 34.4074859619
01160 1461244627.1215322018 34.4074859619
01161 1461244627.1636948586 34.4074859619
01162 1461244627.2035789490 35.1899070740
01163 1461244627.2413637638 35.1899070740
01164 1461244627.2813284397 35.1899070740
01165 1461244627.3213250637 35.1899070740
01166 1461244627.3612177372 35.1899070740
01167 1461244627.4037437439 35.1899070740
01168 1461244627.4413037300 35.1899070740
01169 1461244627.4812276363 36.9082946777
01170 1461244627.5211887360 36.9082946777
01171 1461244627.5611953735 36.9082946777
01172 1461244627.6078891754 36.9082946777
01173 1461244627.6413676739 39.5654678345
01174 1461244627.6810517311 39.5654678345
01175 1461244627.7211215496 39.5654678345
01176 1461244627.7611019611 39.5654678345
01177 1461244627.8037753105 39.5654678345
01178 1461244627.8410873413 39.5654678345
01179 1461244627.8810594082 39.9441413879
01180 1461244627.9237656593 39.9441413879
01181 1461244627.9609920979 39.9441413879
01182 1461244628.0037186146 39.9441413879
01183 1461244628.0411045551 39.9441413879
01184 1461244628.0816750526 39.9441413879
01185 1461244628.1208624840 39.9441413879
01186 1461244628.1610217094 39.9441413879
01187 1461244628.2009472847 39.9441413879
01188 1461244628.2414867878 39.9441413879
01189 1461244628.2823245525 39.9441413879
01190 1461244628.3209500313 39.9441413879
01191 1461244628.3612558842 39.9441413879
01192 1461244628.4031686783 39.9441413879
01193 1461244628.4407906532 39.0859336853
01194 1461244628.4808709621 39.0859336853
01195 1461244628.5211994648 39.0859336853
01196 1461244628.5607964993 39.0859336853
01197 1461244628.6040055752 39.0859336853
01198 1461244628.6407537460 38.0986824036
01199 1461244628.6807787418 38.0986824036
01200 1461244628.7206611633 38.0986824036
01201 1461244628.7606902122 38.0986824036
01202 1461244628.8026723862 38.0986824036
01203 1461244628.8407211304 35.8644142151
01204 1461244628.8808512688 35.8644142151
01205 1461244628.9205574989 35.8644142151
01206 1461244628.9605944157 35.8644142151
01207 1461244629.0026280880 35.8644142151
01208 1461244629.0405795574 35.8644142151
01209 1461244629.0805432796 32.9522552490
01210 1461244629.1204929352 32.9522552490
01211 1461244629.1604728699 32.9522552490
01212 1461244629.2028434277 32.9522552490
01213 1461244629.2403848171 32.9522552490
01214 1461244629.2804179192 30.2032260895
01215 1461244629.3204257488 30.2032260895
01216 1461244629.3602309227 30.2032260895
01217 1461244629.4026408195 30.2032260895
01218 1461244629.4404475689 27.2102050781
01219 1461244629.4803617001 27.2102050781
01220 1461244629.5202999115 27.2102050781
01221 1461244629.5603721142 27.2102050781
01222 1461244629.6028144360 27.2102050781
01223 1461244629.6410880089 24.4039840698
01224 1461244629.6803278923 24.4039840698
01225 1461244629.7202162743 24.4039840698
01226 1461244629.7601697445 24.4039840698
01227 1461244629.8028852940 24.4039840698
01228 1461244629.8401198387 22.0539150238
01229 1461244629.8802392483 22.0539150238
01230 1461244629.9201521873 22.0539150238
01231 1461244629.9600703716 22.0539150238
01232 1461244630.0043752193 22.0539150238
01233 1461244630.0412015915 20.9587554932
01234 1461244630.0812628269 20.9587554932
01235 1461244630.1200170517 20.9587554932
01236 1461244630.1600019932 20.9587554932
01237 1461244630.2000000477 20.9587554932
01238 1461244630.2399566174 20.9587554932
01239 1461244630.2800214291 20.9587554932
01240 1461244630.3199243546 20.9587554932
01241 1461244630.3598151207 20.9587554932
01242 1461244630.4006502628 20.9587554932
01243 1461244630.4399280548 20.9587554932
01244 1461244630.4799041748 20.9587554932
01245 1461244630.5198428631 20.9587554932
01246 1461244630.5599665642 20.9587554932
01247 1461244630.5997238159 20.9587554932
01248 1461244630.6403133869 20.9587554932
01249 1461244630.6798715591 20.9587554932
01250 1461244630.7198181152 20.9587554932
01251 1461244630.7597653866 20.9587554932
01252 1461244630.7997539043 20.9587554932
01253 1461244630.8397953510 20.9587554932
01254 1461244630.8797781467 20.9587554932
01255 1461244630.9197168350 20.9587554932
01256 1461244630.9597043991 20.9587554932
01257 1461244631.0022127628 20.9587554932
01258 1461244631.0396554470 20.5006313324
01259 1461244631.0796177387 20.5006313324
01260 1461244631.1196081638 20.5006313324
01261 1461244631.1595437527 20.5006313324
01262 1461244631.2017111778 20.3214397430
01263 1461244631.2395710945 20.3214397430
01264 1461244631.2795310020 20.3214397430
01265 1461244631.3194634914 20.3214397430
01266 1461244631.3592534065 20.3214397430
01267 1461244631.4017148018 20.3214397430
01268 1461244631.4394323826 20.3358078003
01269 1461244631.4793629646 20.3358078003
01270 1461244631.5203943253 20.3358078003
01271 1461244631.5593645573 20.3358078003
01272 1461244631.6014525890 20.3358078003
01273 1461244631.6393551826 20.6000881195
01274 1461244631.6793503761 20.6000881195
01275 1461244631.7193224430 20.6000881195
01276 1461244631.7592201233 20.6000881195
01277 1461244631.8011760712 20.6000881195
01278 1461244631.8393018246 20.9584732056
01279 1461244631.8802571297 20.9584732056
01280 1461244631.9191915989 20.9584732056
01281 1461244631.9592401981 20.9584732056
01282 1461244631.9992201328 20.9584732056
01283 1461244632.0392031670 20.9584732056
01284 1461244632.0791847706 20.9584732056
01285 1461244632.1207056046 20.9584732056
01286 1461244632.1590685844 20.9584732056
01287 1461244632.2011992931 21.2548732758
01288 1461244632.2408378124 21.2548732758
01289 1461244632.2789268494 21.2548732758
01290 1461244632.3189933300 21.2548732758
01291 1461244632.3590459824 21.2548732758
01292 1461244632.4013028145 21.2548732758
01293 1461244632.4389133453 21.7811813354
01294 1461244632.4788968563 21.7811813354
01295 1461244632.5188744068 21.7811813354
01296 1461244632.5588338375 21.7811813354
01297 1461244632.6009593010 21.7811813354
01298 1461244632.6388068199 21.7811813354
01299 1461244632.6800694466 22.2843856812
01300 1461244632.7192504406 22.2843856812
01301 1461244632.7590200901 22.2843856812
01302 1461244632.8010413647 22.2843856812
01303 1461244632.8388216496 22.5776863098
01304 1461244632.8787829876 22.5776863098
01305 1461244632.9187395573 22.5776863098
01306 1461244632.9587755203 22.5776863098
01307 1461244633.0005011559 22.5776863098
01308 1461244633.0386898518 22.5776863098
01309 1461244633.0786471367 22.5776863098
01310 1461244633.1215097904 22.5776863098
01311 1461244633.1586117744 22.5776863098
01312 1461244633.2008574009 22.5776863098
01313 1461244633.2386071682 23.2459945679
01314 1461244633.2795195580 23.2459945679
01315 1461244633.3185479641 23.2459945679
01316 1461244633.3588409424 23.2459945679
01317 1461244633.4040081501 23.2459945679
01318 1461244633.4383511543 23.2459945679
01319 1461244633.4785401821 24.4392032623
01320 1461244633.5183894634 24.4392032623
01321 1461244633.5584583282 24.4392032623
01322 1461244633.6039111614 24.4392032623
01323 1461244633.6383776665 25.8406238556
01324 1461244633.6783437729 25.8406238556
01325 1461244633.7186660767 25.8406238556
01326 1461244633.7584943771 25.8406238556
01327 1461244633.8005263805 25.8406238556
01328 1461244633.8383250237 27.3688297272
01329 1461244633.8783679008 27.3688297272
01330 1461244633.9183208942 27.3688297272
01331 1461244633.9583234787 27.3688297272
01332 1461244634.0007505417 27.3688297272
01333 1461244634.0381538868 28.6581153870
01334 1461244634.0782253742 28.6581153870
01335 1461244634.1181766987 28.6581153870
01336 1461244634.1585254669 28.6581153870
01337 1461244634.2001216412 28.6581153870
01338 1461244634.2381038666 29.3962974548
01339 1461244634.2779593468 29.3962974548
01340 1461244634.3179140091 29.3962974548
01341 1461244634.3579471111 29.3962974548
01342 1461244634.3980753422 29.3962974548
01343 1461244634.4378271103 29.3962974548
01344 1461244634.4779639244 29.3962974548
01345 1461244634.5178017616 29.3962974548
01346 1461244634.5577781200 29.3962974548
01347 1461244634.5977020264 29.3962974548
01348 1461244634.6378278732 29.3962974548
01349 1461244634.6777784824 29.3962974548
01350 1461244634.7176833153 29.3962974548
01351 1461244634.7576768398 29.3962974548
01352 1461244634.7998187542 29.3962974548
01353 1461244634.8377468586 29.3962974548
01354 1461244634.8784656525 29.4425048828
01355 1461244634.9178531170 29.4425048828
01356 1461244634.9578690529 29.4425048828
01357 1461244635.0002408028 29.4627895355
01358 1461244635.0378112793 29.4627895355
01359 1461244635.0778028965 29.4627895355
01360 1461244635.1177785397 29.4627895355
01361 1461244635.1577041149 29.4627895355
01362 1461244635.2047138214 29.4627895355
01363 1461244635.2374343872 29.2585220337
01364 1461244635.2776556015 29.2585220337
01365 1461244635.3176264763 29.2585220337
01366 1461244635.3575458527 29.2585220337
01367 1461244635.3986127377 29.2585220337
01368 1461244635.4376113415 29.2585220337
01369 1461244635.4775352478 29.2585220337
01370 1461244635.5175890923 29.2585220337
01371 1461244635.5575318336 29.2585220337
01372 1461244635.5974655151 29.2585220337
01373 1461244635.6374428272 29.2585220337
01374 1461244635.6783740520 29.2585220337
01375 1461244635.7174556255 29.2585220337
01376 1461244635.7574143410 29.2585220337
01377 1461244635.8006110191 29.5678825378
01378 1461244635.8374257088 29.5678825378
01379 1461244635.8774352074 29.5678825378
01380 1461244635.9183866978 29.5678825378
01381 1461244635.9573533535 29.5678825378
01382 1461244636.0001862049 29.5678825378
01383 1461244636.0376667976 29.8132858276
01384 1461244636.0780317783 29.8132858276
01385 1461244636.1175940037 29.8132858276
01386 1461244636.1576883793 29.8132858276
01387 1461244636.1992669106 30.1296901703
01388 1461244636.2371942997 30.1296901703
01389 1461244636.2771322727 30.1296901703
01390 1461244636.3178513050 30.1296901703
01391 1461244636.3572537899 30.1296901703
01392 1461244636.3999922276 30.1296901703
01393 1461244636.4371085167 30.1296901703
01394 1461244636.4770917892 30.6489543915
01395 1461244636.5171487331 30.6489543915
01396 1461244636.5570781231 30.6489543915
01397 1461244636.5992872715 30.6489543915
01398 1461244636.6370346546 31.0403041840
01399 1461244636.6770205498 31.0403041840
01400 1461244636.7169957161 31.0403041840
01401 1461244636.7569422722 31.0403041840
01402 1461244636.7995018959 31.0403041840
01403 1461244636.8371756077 30.4770870209
01404 1461244636.8769443035 30.4770870209
01405 1461244636.9174604416 30.4770870209
01406 1461244636.9570605755 30.4770870209
01407 1461244636.9991099834 30.4770870209
01408 1461244637.0369002819 29.7659530640
01409 1461244637.0768802166 29.7659530640
01410 1461244637.1168732643 29.7659530640
01411 1461244637.1568572521 29.7659530640
01412 1461244637.1990206242 29.7659530640
01413 1461244637.2369885445 28.6468448639
01414 1461244637.2768154144 28.6468448639
01415 1461244637.3166761398 28.6468448639
01416 1461244637.3566579819 28.6468448639
01417 1461244637.3991110325 28.6468448639
01418 1461244637.4366571903 28.6468448639
01419 1461244637.4766814709 27.2868423462
01420 1461244637.5191428661 27.2868423462
01421 1461244637.5574412346 27.2868423462
01422 1461244637.5989909172 27.2868423462
01423 1461244637.6378698349 25.8197746277
01424 1461244637.6766479015 25.8197746277
01425 1461244637.7165069580 25.8197746277
01426 1461244637.7565419674 25.8197746277
01427 1461244637.7982347012 25.8197746277
01428 1461244637.8367116451 24.3355197906
01429 1461244637.8765244484 24.3355197906
01430 1461244637.9165055752 24.3355197906
01431 1461244637.9564502239 24.3355197906
01432 1461244637.9982111454 23.0684928894
01433 1461244638.0363788605 23.0684928894
01434 1461244638.0763070583 23.0684928894
01435 1461244638.1163887978 23.0684928894
01436 1461244638.1563596725 23.0684928894
01437 1461244638.1990911961 23.0684928894
01438 1461244638.2364625931 22.0164413452
01439 1461244638.2761449814 22.0164413452
01440 1461244638.3162834644 22.0164413452
01441 1461244638.3561990261 22.0164413452
01442 1461244638.3996415138 22.0164413452
01443 1461244638.4366352558 21.2743148804
01444 1461244638.4762222767 21.2743148804
01445 1461244638.5161297321 21.2743148804
01446 1461244638.5561687946 21.2743148804
01447 1461244638.5988264084 21.2743148804
01448 1461244638.6361401081 20.7781543732
01449 1461244638.6761291027 20.7781543732
01450 1461244638.7158684731 20.7781543732
01451 1461244638.7559924126 20.7781543732
01452 1461244638.7960171700 20.7781543732
01453 1461244638.8359618187 20.7781543732
01454 1461244638.8759846687 20.7781543732
01455 1461244638.9180238247 20.7781543732
01456 1461244638.9559390545 20.7781543732
01457 1461244638.9981708527 20.7699832916
01458 1461244639.0367462635 20.7781543732
01459 1461244639.0759212971 20.7699832916
01460 1461244639.1157948971 20.7699832916
01461 1461244639.1557791233 20.7699832916
01462 1461244639.1983985901 20.7699832916
01463 1461244639.2357439995 20.8812751770
01464 1461244639.2758142948 20.8812751770
01465 1461244639.3157546520 20.8812751770
01466 1461244639.3555946350 20.8812751770
01467 1461244639.3984470367 21.0945587158
01468 1461244639.4356729984 21.0945587158
01469 1461244639.4757807255 21.0945587158
01470 1461244639.5156955719 21.0945587158
01471 1461244639.5556108952 21.0945587158
01472 1461244639.5981917381 21.3929309845
01473 1461244639.6355636120 21.3929309845
01474 1461244639.6755669117 21.3929309845
01475 1461244639.7155754566 21.3929309845
01476 1461244639.7555818558 21.3929309845
01477 1461244639.7989850044 21.3929309845
01478 1461244639.8355906010 21.3929309845
01479 1461244639.8755457401 21.3929309845
01480 1461244639.9154858589 21.6783428192
01481 1461244639.9555368423 21.6783428192
01482 1461244639.9957654476 21.6783428192
01483 1461244640.0353376865 21.6783428192
01484 1461244640.0772266388 21.6783428192
01485 1461244640.1155021191 21.6783428192
01486 1461244640.1553399563 21.6783428192
01487 1461244640.1981520653 21.6783428192
01488 1461244640.2352745533 21.5431041718
01489 1461244640.2751359940 21.5431041718
01490 1461244640.3153452873 21.5431041718
01491 1461244640.3561027050 21.5431041718
01492 1461244640.3979656696 21.5431041718
01493 1461244640.4352321625 21.5431041718
01494 1461244640.4752807617 21.5431041718
01495 1461244640.5152227879 20.9979190826
01496 1461244640.5552468300 20.9979190826
01497 1461244640.5977792740 20.9979190826
01498 1461244640.6352097988 20.2887554169
01499 1461244640.6752417088 20.2887554169
01500 1461244640.7150740623 20.2887554169
01501 1461244640.7551608086 20.2887554169
01502 1461244640.7970380783 20.2887554169
01503 1461244640.8351197243 20.2887554169
01504 1461244640.8750677109 19.4587230682
01505 1461244640.9150803089 19.4587230682
01506 1461244640.9550178051 19.4587230682
01507 1461244640.9978725910 19.4587230682
01508 1461244641.0350215435 18.4404811859
01509 1461244641.0749788284 18.4404811859
01510 1461244641.1149313450 18.4404811859
01511 1461244641.1550562382 18.4404811859
01512 1461244641.1976959705 18.4404811859
01513 1461244641.2349007130 18.4404811859
01514 1461244641.2767889500 18.4404811859
01515 1461244641.3148887157 17.8674049377
01516 1461244641.3548128605 17.8674049377
01517 1461244641.3975822926 17.8674049377
01518 1461244641.4347257614 17.3253192902
01519 1461244641.4746417999 17.3253192902
01520 1461244641.5148410797 17.3253192902
01521 1461244641.5546877384 17.3253192902
01522 1461244641.5946915150 17.3253192902
01523 1461244641.6347651482 17.3253192902
01524 1461244641.6750586033 17.3253192902
01525 1461244641.7147107124 17.3253192902
01526 1461244641.7555797100 17.3253192902
01527 1461244641.7974829674 17.3253192902
01528 1461244641.8347373009 17.3495483398
01529 1461244641.8746535778 17.3495483398
01530 1461244641.9149076939 17.3495483398
01531 1461244641.9545118809 17.3495483398
01532 1461244641.9971039295 17.3495483398
01533 1461244642.0345752239 17.3495483398
01534 1461244642.0744838715 17.5679054260
01535 1461244642.1145317554 17.5679054260
01536 1461244642.1548469067 17.5679054260
01537 1461244642.1978147030 17.5679054260
01538 1461244642.2347633839 17.9710884094
01539 1461244642.2753987312 17.9710884094
01540 1461244642.3143789768 17.9710884094
01541 1461244642.3543634415 17.9710884094
01542 1461244642.3970725536 17.9710884094
01543 1461244642.4343996048 18.4083633423
01544 1461244642.4742929935 18.4083633423
01545 1461244642.5143721104 18.4083633423
01546 1461244642.5543234348 18.4083633423
01547 1461244642.5963053703 18.4083633423
01548 1461244642.6345098019 18.8197154999
01549 1461244642.6745007038 18.8197154999
