1461161170.97319 -1.12211528919527e-06 -1.60315132390678e-05 -2.58572149672699e-06 -1.37361850371641e-05 -2.45968776800542e-06 1.00161470041277e-05 0.999999999852472
1461161171.17307 -0.0386484990974657 -0.0208044967281545  0.0420120520716477 0.0373630656912483 0.00563530240348389 0.000893226714535624 0.999285468139615
1461161171.31308 -0.0716821904502136  -0.036169424710771  0.0791645828905354 0.0556457505275873 -0.00266970586789026 0.013645674347972 0.998353754282714
1461161171.45316 -0.111757697966856 -0.058384705335425  0.117865715265071 0.0787277775901212 -0.0164342784823438 0.0242025151610819 0.996466803153202
1461161171.573  -0.143656958177104 -0.0810503141505704   0.148418830758332 0.0932577324121383 -0.0123144049421059 0.0512258689410688 0.994247082534065
1461161171.71302 -0.187147866712823 -0.105377806434933  0.182682594049922 0.110928916717684 -0.0147242201116581 0.0615908749073344 0.991808719918359
1461161171.83314 -0.228564001594851 -0.124550470673606  0.213859246978064 0.130860255435421 -0.0162296582209552 0.0577796068100805 0.989582593206994
1461161171.93335 -0.264164466156036 -0.140413679342808  0.240078274030188 0.141645494176766 -0.015887503445822 0.0732900659962976 0.987072797436915
1461161172.05313  -0.30861152401138 -0.161036827004057  0.269477100361791 0.148525315495311 -0.0234458035064535 0.095458501121572 0.984011280178524
1461161172.15304  -0.35004259110698 -0.177165787969985  0.290260977473861 0.152140198714234 -0.0460053912796801 0.116586451094651 0.980379754650998
1461161172.27304 -0.400656171965542  -0.19680916411848   0.30929295018804 0.160433498589341 -0.063611799444567 0.116067197765892 0.978132423092386
1461161172.393 -0.450197433835214 -0.213282661034535  0.324572091969354 0.165935174097165 -0.0718187261292597 0.123618366144467 0.975718242181772
1461161172.51303 -0.502327141135621 -0.226505166622853  0.332419680345174 0.183564718893514 -0.0861928138046192 0.135256380407885 0.969835297555696
1461161172.61299 -0.550439075584931 -0.230725833374598  0.335976281090055 0.181049058597922 -0.103560294433941 0.154205669301637 0.965772807316915
1461161172.71304 -0.602739698062114 -0.233801905081549  0.337784931767933 0.178253060257283 -0.117091846294022 0.168660201697187 0.962324832062352
1461161172.83471 -0.665967871465533 -0.237629492003886  0.336281180042198 0.177313146351836 -0.115123951322171 0.169693702419222 0.962554191369005
1461161172.95287 -0.730888848911695 -0.243366383572994   0.33235056952499 0.169626878531008 -0.122680281734561 0.178618499445627 0.961390504534525
1461161173.07302 -0.798177533789501 -0.246728296458207  0.324181302268937 0.178143678549252 -0.13011806520366 0.179907432118903 0.95862789171241
1461161173.19306 -0.867693759872307 -0.239893292044795  0.313511579881671 0.175930676437424 -0.136149442879456 0.171322947326861 0.959770896626441
1461161173.29301 -0.926865436841511 -0.231872910017649  0.305378236724278 0.164281213004974 -0.145777893072908 0.182636049752157 0.95833426437531
1461161173.39291 -0.988942901629843 -0.223560314476583  0.294231328577032 0.147798963842505 -0.154800486148049 0.184822688845596 0.959183428476167
1461161173.49298  -1.04786014646257 -0.221242481822025  0.280838117698243 0.127837424311132 -0.16006524069784 0.209939735363319 0.956013608261628
1461161173.59291  -1.10735754075463 -0.223042491794723  0.264854947275763 0.127371948253715 -0.169130790638082 0.208966123463923 0.954727354641445
1461161173.69301  -1.17142191010729 -0.223000810990332  0.247618823825217 0.130948313872137 -0.183585169419351 0.20001461391064 0.953489999363124
1461161173.77299  -1.22444346720987 -0.214422714317707  0.233180076589144 0.120618090942824 -0.202139780804857 0.199989107227484 0.951102067153588
1461161173.87281   -1.2872981782029 -0.201547767067812  0.215413950053482 0.119297344548186 -0.2101436731146 0.19621013076547 0.950320664206905
1461161173.97328  -1.35015381970383 -0.181466121772105   0.19885143289349 0.109444710869028 -0.219929311351676 0.189745281176405 0.950604902965717
1461161174.07299  -1.41090976341067 -0.164386485296631  0.184032675574147 0.112361192128881 -0.222168225374021 0.171958734242766 0.953124564710805
1461161174.17298  -1.47077982134793 -0.143596337542407  0.171723523953137 0.0991612384216887 -0.232169657482733 0.156333901637727 0.954894763907391
1461161174.25304  -1.51751746677286 -0.122494386216241   0.16541610968797 0.0756713356793325 -0.236784700171808 0.134107721661477 0.959282009479913
1461161174.33473   -1.56409095013693 -0.0994995125705763   0.158139231219704 0.0656722687172749 -0.254401710563342 0.110391782546901 0.958530425771707
1461161174.41295    -1.6066280721262 -0.0745293394811334   0.151899546383472 0.04777559089344 -0.266737664081569 0.0986221619830115 0.957518762552926
1461161174.51329   -1.6490583049756 -0.043646752306947  0.145635171092673 0.0275260853475984 -0.264407495934202 0.091058177673185 0.959707975895835
1461161174.63474   -1.68621889635718 -0.0112965254134152    0.14047719049753 0.0244466406402309 -0.252014845610119 0.0763553119418453 0.964396570759031
1461161174.75282  -1.70789625884952 0.0196072721477865  0.137560462805405 0.0177385601953183 -0.231210806713631 0.0510582632257943 0.971401029491628
1461161174.87285 -1.71870346194813 0.052448200596518 0.133610067147256 0.00137360779801628 -0.221471925273996 0.0161189911234877 0.975032552093625
1461161175.01277  -1.71740142439929 0.0840421125266502  0.127046357391423 -0.0105660484993579 -0.210775946789664 -0.0201813175128008 0.977268936013766
1461161175.17351 -1.69981586751927 0.114029366055581 0.120899183715167 -0.0314395496829006 -0.193604553131482 -0.0268259058948088 0.980208754549468
1461161175.2931 -1.67344885593794  0.13013619580876 0.119148822218217 -0.0534098697642227 -0.165774865461227 -0.0188345560132175 0.984536103600506
1461161175.4528 -1.62708248183761 0.138287591164683 0.121387334543938 -0.0645295601389844 -0.146182387374831 -0.00501485691683777 0.987138033255617
1461161175.57277 -1.57946840209367 0.142277935983108 0.127176483953823 -0.0638126127858036 -0.117262990065306 -0.0150561368775333 0.990934233111723
1461161175.67322 -1.53376074667936 0.147681285811181 0.131726207365974 -0.0661345695747959 -0.092575923154751 -0.0275675299905546 0.993124336852855
1461161175.77357 -1.48561052031311 0.155666457123263 0.134408170273429 -0.0761127108533889 -0.078063834489826 -0.0215707795983897 0.993804605774602
1461161175.87272 -1.43222641616441 0.166491285564294  0.13477485234215 -0.0981452195646519 -0.05618684633532 -0.0149509676144086 0.993472205319751
1461161175.99274 -1.37147900097086 0.170708619607636 0.135363795142954 -0.109344622259393 -0.0551921522879857 -0.017042776477566 0.992324102135339
1461161176.0927 -1.31761585750482 0.161596348494161 0.141152111434132 -0.0858541895704842 -0.0463296737807902 -0.0285361943669681 0.99482074016961
1461161176.19277 -1.25959126401204  0.15177860938617 0.149192890770448 -0.0783799176544892 -0.0336773995707468 -0.0284260556383858 0.995948984952277
1461161176.29279  -1.2017994228161 0.144000100791184 0.161232156357059 -0.0796300824102473 -0.0223989751261345 -0.024860982080006 0.996262649836203
1461161176.37273 -1.15266260326001 0.137587979910564 0.173579172502612 -0.0704695693662615 0.00647943934145352 -0.0349080969809215 0.996881879374043
1461161176.47284 -1.09495838501348 0.129008783286105  0.19270040405998 -0.0479809047042421 0.0162361901861561 -0.0323163702215168 0.99819330348771
1461161176.59289 -1.02795541991325 0.119059318566534 0.217696492345752 -0.0271543230470191 0.0247176803082585 -0.0395642542118039 0.998542111685181
1461161176.69274 -0.975651374825321  0.108244990338465  0.237226320671573 -0.00239413283112692 0.0496873842194796 -0.0458544670859707 0.997708775056968
1461161176.8129 -0.918525809773334 0.0995940149797426  0.263310465413051 -0.0039514431466002 0.0787375475541596 -0.0506428876149481 0.995600362914877
1461161176.89268 -0.879904404925449 0.0954526302031452  0.283432347104655 -0.0163542667968099 0.111774680448298 -0.0449731384180087 0.992580664525083
1461161177.01339 -0.829491884093135 0.0890283825472671  0.321909456024905 -0.00924503796807353 0.13031185389718 -0.036335562993461 0.990763885529139
1461161177.15268 -0.777178487821464  0.090379701039603  0.378249110840419 -0.00728508428938788 0.14052558660905 -0.0183175804181918 0.989880777317502
1461161177.27283  -0.73456838798197 0.0882817869888969  0.427483796304899 -0.0117906843459184 0.160731245377472 -0.0166501822824377 0.986787321539968
1461161177.41293  -0.70175443619059 0.0785773376927496  0.485953746354219 -0.00880304919999618 0.162483845635648 -0.0121524659015989 0.986597092943591
1461161177.55268 -0.676697700666773 0.0724174749270696  0.549830585206092 -0.0124524768830523 0.167788089343664 -0.00873113223615466 0.985705767571518
1461161177.67271 -0.656318204867632 0.0773923821149083  0.611052382100613 -0.0170802813039973 0.17527980572527 -0.00920855629229216 0.984327413103232
1461161177.79274 -0.635392225129377 0.0875450773900524  0.675316008297028 -0.0262161634490519 0.184557068362678 -0.0292735718706052 0.982035874742529
1461161177.89277 -0.613612806523843    0.0941239121729  0.727219776858058 -0.0326135391981949 0.211164203424275 -0.0328956724226317 0.976352349814872
1461161177.97273 -0.592934221448275 0.0959352243008103  0.768154473384434 -0.0339867832722549 0.246184345563439 -0.0201711136918877 0.968416900273191
1461161178.07279 -0.575090404604272 0.0962648251353759  0.819542999521872 -0.0363552903859387 0.259944682038546 -0.0098861126417639 0.964888242190601
1461161178.17283 -0.560331923544612 0.0955525232231068  0.872331573679456 -0.0359427869925413 0.260904832845943 -0.0104521658474169 0.964638552251535
1461161178.25262 -0.547225424926496  0.096859489250873  0.916420425197836 -0.0354309818789445 0.256745460368019 -0.00833749385727149 0.965793404564189
1461161178.33463 -0.533752189785788 0.0967009765058645  0.959414957028103 -0.0229855069858655 0.260079898423325 -0.00987776200825572 0.965262939681424
1461161178.41261 -0.519244023446923 0.0983750952043039   1.00278168126896 -0.0154092917847633 0.261117767054287 -0.000111927215843886 0.965183947715446
1461161178.49271 -0.501817326396609 0.0996866908950736   1.04436751684978 -0.0183633033801564 0.279306693049556 -0.00639488638092551 0.960005034223709
1461161178.57297 -0.490764586323054 0.0980298186562296   1.08726919753132 -0.017893781199033 0.256640391014488 -0.00359954196399956 0.9663346033295
1461161178.65286 -0.477882843183502 0.0923325019817979   1.12469518927608 -0.0174091966282289 0.257055430920851 -0.0165812522191743 0.966097555830517
1461161178.71268  -0.47133896790896 0.0867131894409445   1.15327381045831 0.000926692725763045 0.232647255371167 -0.0081660353728425 0.972526458084892
1461161178.77268 -0.461172021161593 0.0845219053103845   1.17942599542288 -0.00391846872110769 0.23786663998269 -0.00681910994782085 0.971265981554871
1461161178.83469 -0.451696599729984  0.082105306847866   1.20524365717624 -0.00374245494023022 0.237740392894707 -0.00980001195263159 0.971272083086413
1461161178.89261  -0.44237005681668 0.0791339724528065   1.23013521070002 0.00619374928154545 0.237098924808577 -0.00830124354713278 0.971430299445115
1461161178.95263 -0.435076714025315 0.0768909428380896   1.25591519159351 0.0165475406965536 0.225625005057757 -0.00851245160102337 0.974036485023699
1461161179.01261 -0.427276546527223 0.0750171470737469   1.27908693587387 0.0234713143977306 0.220676658559849 -0.00979745573875221 0.975015343278428
1461161179.07266 -0.417751354700663  0.071548403442187    1.3030644710174 0.0407665798367168 0.231082625605016 -0.0152837397193639 0.971959522517321
1461161179.13494 -0.409987597565284 0.0712003199346257   1.32628963271269 0.0428190021626803 0.235287665185174 -0.0197108181811711 0.970782020492824
1461161179.19299 -0.402493769276894 0.0731594940046534   1.34869814682253 0.030102818215131 0.24257754070704 -0.0243671570184208 0.969358653305819
1461161179.25273 -0.395036968591048 0.0734807509563514   1.37075230022035 0.0280711283469598 0.248154251916379 -0.0214321698049138 0.968076516142502
1461161179.31268 -0.389052976158761 0.0743259486915086   1.39344920574791 0.021785154101943 0.241085257314025 -0.0222554364039047 0.970004124381467
1461161179.37264 -0.381976174084202 0.0751281410336433   1.41425735322095 0.0177172308992559 0.242133481402915 -0.0238946573413687 0.969786843725726
1461161179.47261 -0.370626473224657 0.0771673727269755   1.44706231241852 0.0152858083809875 0.236169462461779 -0.0269003736106172 0.971219181731016
1461161179.57254 -0.360979217363962 0.0808357533776721   1.47679945626578 0.0134567746922003 0.228811282735548 -0.0328181900587041 0.972824382151819
1461161179.67267 -0.358034250127225 0.0836097691651176   1.50583140246787 0.015801491789086 0.202778596487179 -0.0362438233270547 0.978426051847847
1461161179.77312 -0.356428719957949 0.0844925775047378   1.53389395675487 0.0314396056714608 0.172243247039339 -0.0292871169238403 0.984116903536799
1461161179.8726 -0.356752591243665 0.0935279843018898   1.56178866812176 0.00251255993568092 0.139974637494446 -0.0373898734852848 0.989445695963969
1461161179.97255 -0.360014389705884 0.0980103524196609   1.58763501929654 -0.00722923134613247 0.0981237195299058 -0.0454295954670208 0.994110469583468
1461161180.13463 -0.361228799960875 0.0958065910497275   1.62311232905154 0.00948210550782828 0.0522303331664252 -0.0455177892115313 0.997552110336977
1461161180.27254 -0.360965445432952   0.10005632058817    1.6509998146332 0.00346536364437221 0.0117271878906806 -0.0228208417186033 0.999664780565087
1461161180.41258 -0.364173996457829  0.107602806122711   1.67732726240407 0.0130854594233675 -0.0378547930461969 -0.0145910930421174 0.999091029585866
1461161180.61261 -0.363875482483735  0.119778120002371   1.71229148805339 -0.00239972027048252 -0.077764884095133 -0.0254587224226209 0.99664372651259
1461161180.7929 -0.369391639393453  0.118797902356453   1.73516834071479 -0.0103124148859331 -0.125287443812922 -0.0278765105598765 0.991675153808468
1461161180.97297 -0.375150185679848  0.126742624788913   1.75897874062877 -0.0179302871906801 -0.18031457636675 -0.0430046394526897 0.982504839345071
1461161181.13441 -0.380344960252109  0.136049194507069   1.78026335004608 -0.0377499589018726 -0.234872457658378 -0.0427835582362114 0.970350161735994
1461161181.23564 -0.387041103357892  0.145624425173554   1.79184390656081 -0.062875344867621 -0.268161583435988 -0.0580256782670719 0.95956712992814
1461161181.37248 -0.397647878430196  0.152590621047831   1.80741168260006 -0.0735511063549545 -0.309604895922851 -0.0605277240724814 0.946082151714727
1461161181.53469 -0.412707421569935  0.158994727711554   1.82632285982161 -0.0769878987696848 -0.35370116437273 -0.0660193473365439 0.92984396300759
1461161181.65251 -0.432279113131194  0.167159655996342   1.84163940518538 -0.0796720628607295 -0.393887157096662 -0.0690855946625611 0.913089508473264
1461161181.73425 -0.445613597557077  0.170380791110624     1.852119578295 -0.0741921959972875 -0.415524024864635 -0.0685185068225553 0.903958249609019
1461161181.83419 -0.462883822772588  0.174259871715124   1.86320924919596 -0.0707687003981369 -0.438569603248871 -0.0673572649575257 0.893370859725976
1461161181.97253 -0.490084434496318  0.178164619928816   1.87457154155542 -0.0760195402137369 -0.470167853563692 -0.0714169048992672 0.876391946948174
1461161182.07257 -0.512643951500422  0.180986863816215   1.87764659580755 -0.0815493186784721 -0.501615641642529 -0.0770384337990398 0.857785833644052
1461161182.17233 -0.537725181682741  0.182835441310458   1.87955994206142 -0.0788914662584624 -0.534950348671813 -0.0768953592723183 0.837670200454736
1461161182.23425 -0.553320300442968  0.184970062973915   1.88030171355686 -0.0795785736339268 -0.552507369026555 -0.0808743094755629 0.825749480082546
1461161182.29295 -0.570098653470935  0.186524401988531     1.881184611102 -0.0775354475561987 -0.571055651671252 -0.0774798017576574 0.813560432534779
1461161182.39251 -0.599401405679459  0.188918267158696   1.88337487887376 -0.0765322493266071 -0.598006979736248 -0.0754637176993767 0.794251656788155
1461161182.49243 -0.628108305454757  0.189116608529387   1.88694145167675 -0.0691169572159086 -0.618440982309329 -0.0649263200456915 0.780088565863396
1461161182.55253 -0.646040376297001  0.191208127774755   1.88647555910331 -0.0699503247058838 -0.636263683336375 -0.0694911774897505 0.765144727219536
1461161182.67243 -0.680633604199728   0.19398423850927    1.8872365321115 -0.0698042726729806 -0.657778741519033 -0.0739968932374488 0.746310224044558
1461161182.75239 -0.705479312924151  0.194894039685148   1.88471481496502 -0.0588129105692084 -0.677632504759003 -0.0771091011831958 0.728978337510202
1461161182.85367 -0.740194865988371  0.198999896890504   1.88304779605725 -0.0538156293993144 -0.692775647258192 -0.0796679463183961 0.714715886858379
1461161182.99236 -0.79821190023952 0.205651235770449  1.88140685870895 -0.0516514157369136 -0.706514197988666 -0.0765340439082166 0.701649741264015
1461161183.13442 -0.862425615376259  0.205777852123132   1.88154928600361 -0.0368256019023943 -0.706383078583376 -0.0701299905973627 0.703383683173282
1461161183.25273 -0.920436553273481  0.205140249489307   1.87975776069383 -0.0360030496533969 -0.714207539938036 -0.0756092502593513 0.694906189054705
1461161183.37241 -0.978589116013435   0.20292779343679   1.87931348974548 -0.0381455520592766 -0.71998999148453 -0.0734094656574438 0.689035833155351
1461161183.47245 -1.02897458384744 0.201896224340496  1.88440904978827 -0.0350051784003519 -0.715264634490007 -0.0561431196986335 0.695714805249638
1461161183.57243  -1.0802827110825 0.202173326027224  1.88716024303113 -0.0294679577734354 -0.71733467505935 -0.0374587625349912 0.695096715955058
1461161183.67254 -1.13124141994845 0.203532386844096  1.88658644175347 -0.0291183054267268 -0.726411205518634 -0.025539258776954 0.686168077840382
1461161183.79235 -1.18995825384159 0.204264117253247  1.88031756436234 -0.036884875283021 -0.750734000620762 -0.0327310096642609 0.658761449459256
1461161183.9125 -1.24805399140484 0.192888267351587  1.87548121205791 -0.0328236342271668 -0.764574218734602 -0.01220253169003 0.643583694093354
1461161184.01233 -1.29611086795102 0.177673842347544   1.8678480835784 -0.0192948391521753 -0.781542985740226 0.00776372794200719 0.623504607160835
1461161184.09278 -1.33635520907045 0.166032691111511   1.8647294180693 -0.0103906404398156 -0.782565085965756 0.0468778342351552 0.620714418614617
1461161184.19233 -1.38767644643128 0.159965595401643  1.85833562528271 -0.00311441334337653 -0.785841456840774 0.0683426583566628 0.614632236535509
1461161184.27314 -1.42934597403223 0.158289496014889  1.85261553580195 0.00383947130674981 -0.792700456323377 0.080033142332118 0.604322712739842
1461161184.3724 -1.48119775800264 0.158605042422829  1.85024275010422 0.0146497959852857 -0.792508515750809 0.0746125420204562 0.605102143867699
1461161184.47255 -1.52904578421816  0.15489476432991    1.849812825084 0.0192518454938096 -0.794139676599032 0.0809226897810136 0.602015829339124
1461161184.57241 -1.57220067712349 0.148675883912907  1.84664115326056 0.037784114973409 -0.809850326098583 0.0803984634306264 0.579871448729535
1461161184.67241 -1.61371695233608 0.143081173003515  1.84854804690151 0.0550734744537458 -0.812283883188508 0.106458513696062 0.570813796596943
1461161184.77244 -1.65849948558619 0.142548153331966  1.85244088238284 0.0606298578922104 -0.816922777650384 0.122412749763042 0.560335894248622
1461161184.8526  -1.6942137376015 0.143692410854759  1.85523948636641 0.0585103873516709 -0.821294385833967 0.124833960963201 0.553596015664674
1461161184.93431 -1.72854125653802 0.142715349771043   1.8581304850443 0.0578852352685236 -0.82617791617189 0.136283042387747 0.543604895788588
1461161185.03408 -1.77123475494602 0.143353058995051  1.86159195787476 0.0521952687518955 -0.829560210030991 0.13334074807207 0.539746011339441
1461161185.13417 -1.81123615169532 0.141440964891909  1.86208900824559 0.0499939350671378 -0.836681160616614 0.137155075723703 0.52787662112369
1461161185.23417 -1.84989651298712 0.139179770861121  1.86447064523134 0.0553774883156682 -0.83818323131844 0.149475695890013 0.521573792346417
1461161185.334 -1.89161281440105 0.143621628760933  1.87163682325824 0.059058022070584 -0.829672906590157 0.15229524137195 0.533817550811896
1461161185.41232 -1.92685025989359 0.150970913053348  1.87738961733466 0.0631411666478435 -0.821096735997856 0.146931608787851 0.547927409012389
1461161185.51234 -1.97220575644073  0.16139384266928  1.87878513655343 0.0655124653866859 -0.816201291810688 0.131619863397124 0.558748404637405
1461161185.61241 -2.01852061794364 0.169705049371441  1.87731184627981 0.059712199849467 -0.813146254537039 0.126732556246875 0.564948210996951
1461161185.71247 -2.06457112371731 0.174406881056572  1.87736422235447 0.0589133118767559 -0.802060306428172 0.117107261001994 0.582678621503028
1461161185.81236 -2.10507265748658 0.180192820965967  1.87935385469708 0.0527595537937685 -0.798982933518419 0.0987881210209998 0.590832978577638
1461161185.91238 -2.14767874598341 0.180982663520145   1.8830895667725 0.0487922295808729 -0.783202259382238 0.102301027285103 0.611349359243549
1461161186.03409 -2.19717838093416 0.184240233099657  1.88383616813556 0.0475894234411658 -0.775989986271798 0.118881989152136 0.617609796423004
1461161186.13418 -2.24182791959536 0.189456647825513   1.8809708298077 0.0465661780788444 -0.778633739828204 0.12231414843995 0.613677716192859
1461161186.2523 -2.29657472890441 0.193077218055178  1.87612392302068 0.0447767772193718 -0.778156283988364 0.131567727157138 0.612501241698311
1461161186.37226 -2.34887459625626 0.196168559913079  1.86284646991496 0.0338229103759219 -0.793092213472393 0.119566835606943 0.5962923137909
1461161186.47225 -2.38824597956692 0.194755123992932  1.85080533549231 0.0321882003090402 -0.810044445932578 0.116621310221077 0.573752024290082
1461161186.59226 -2.43772554927474 0.195092718068556  1.84042620269349 0.0330364428782616 -0.816809027857259 0.118097464576495 0.563723863530217
1461161186.69223 -2.47607469977283 0.200255454050325  1.82874032823444 0.0358421619047144 -0.828606360537086 0.117098108514185 0.546273623461614
1461161186.79235 -2.51789448181522 0.208310084915466  1.81660647026046 0.0421255083017983 -0.834305761781198 0.105626266904386 0.539446409895232
1461161186.89232 -2.55952591001332 0.213606383232045  1.80233238927889 0.0409724065552579 -0.843554424936474 0.103245346480273 0.525430863674122
1461161186.99232 -2.59925999879625 0.215240677181458  1.78983575357536 0.0401587197112834 -0.851641468142114 0.09504606173652 0.51386801138062
1461161187.09226 -2.64026147078035 0.217094847158603  1.78124075961248 0.0358777260416738 -0.851868382796841 0.0878785371115168 0.515082915539152
1461161187.21232 -2.68571846626684 0.220266705245119  1.77510152078767 0.0324040977513282 -0.853605871440358 0.0918263374241637 0.51173715367045
1461161187.3122 -2.72512235899176 0.225343479551426  1.77052141189172 0.024621297923717 -0.857271496313589 0.0942745611538894 0.505560758382268
1461161187.41228 -2.76166654312532 0.227984207164851  1.76504494040286 0.0239907096943839 -0.866070268553433 0.104715982591455 0.488243073444008
1461161187.49219 -2.78935290194317  0.22913549948379  1.75957436281021 0.0222556403547955 -0.876166843461066 0.111274267191797 0.468459588815086
1461161187.57231 -2.81384572195589 0.229061525267623  1.75054260592676 0.0193743852069742 -0.88940155547845 0.107884275924121 0.443791042404748
1461161187.67226 -2.83969067727989 0.227452532359969  1.73935565914325 0.0134400808038025 -0.906822702136001 0.106502016659424 0.407614120911218
1461161187.79217 -2.86643476023966 0.225631303588553  1.72633135792103 0.00822226058699049 -0.922015655236512 0.107609619192415 0.37180599213419
1461161187.91211 -2.89154534708541 0.227087092956779  1.71192686366008 0.0133602520917212 -0.935223017837587 0.106282407501926 0.337466235979835
1461161188.01219 -2.91205392283506 0.228201333222231  1.69862930777172 0.0211852619356561 -0.944110712244078 0.11298311585943 0.308935208795293
1461161188.11217  -2.9323265277373 0.229981405248676  1.68442808153228 0.0203873514887338 -0.952394589097273 0.119669977653884 0.279656930909696
1461161188.21232 -2.95244396629338 0.231748753096721  1.67016495579803 0.0225500362740654 -0.958586102761873 0.129740554396809 0.252530330852852
1461161188.3125 -2.97194153067191 0.233874546461726  1.65337710597564 0.0226437562300808 -0.966640834805678 0.122645415371674 0.223720492754428
1461161188.39214 -2.98679709842351 0.228558452838934  1.63984398190249 0.00805620566197817 -0.969569773853475 0.146180803763434 0.196216013085403
1461161188.4925 -3.00558058829339 0.223215088990496  1.62237974399595 0.00958068071322166 -0.973834308478769 0.145531444682013 0.174285824998808
1461161188.59211 -3.02379274058069 0.218824764429729  1.60335535590661 -0.00185878051692277 -0.976227051058371 0.157243237397902 0.149170553426251
1461161188.67212 -3.03582565791005 0.220108208685218  1.58561942931487 -0.0130765268239305 -0.980827787399186 0.156768835646748 0.115019077034218
1461161188.77216 -3.05048130810797 0.223441055201329  1.56109571050201 -0.0283596173218281 -0.983559985329178 0.158377046132424 0.0819890152581117
1461161188.85214 -3.05997785251089 0.224159686992794  1.54054490798361 -0.0295534317658033 -0.985389098790869 0.160936084472325 0.0472704492225331
1461161188.91218 -3.06627755083618 0.217014416901089  1.52898169295123 -0.0436106363190835 -0.979404169115975 0.196082444143238 0.020426967883297
1461161188.99211 -3.07302682658389 0.210257626287728  1.51304301111841 -0.044691414727231 -0.977943363409315 0.203601668363296 -0.0132595645870479
1461161189.07217 -3.08194447876578 0.203435741222405  1.49651587976712 -0.0599377639484389 -0.97455381236765 0.212554609242793 -0.0383779799127541
1461161189.15216 -3.08674553273902 0.200769257799247  1.47775543496535 -0.0677735118690493 -0.974985166929958 0.20353510182701 -0.0581733416589362
1461161189.23389 -3.09002006009847 0.199785105216668  1.45778529106755 -0.0684300066680141 -0.974580886142648 0.197765296116509 -0.0799894880892256
1461161189.31212 -3.09074860850805 0.200430668779899  1.43652707152885 -0.0687847372321929 -0.972886812246169 0.195128846077932 -0.103366551213056
1461161189.37209 -3.08948588312681 0.203028984587081  1.41933333484843 -0.0601682241356137 -0.974133828394643 0.184406620852316 -0.115919227772589
1461161189.4339 -3.08779323932901 0.205173903067772  1.40139881237768 -0.056441871303115 -0.973215274132822 0.181200260396072 -0.129741323373762
1461161189.49211  -3.0876367814612 0.208450136971056  1.38135093655433 -0.0520202235143441 -0.974720138088903 0.174898572861939 -0.128938116786016
1461161189.55201 -3.08786151722305 0.213299306186947  1.35995877562168 -0.0427202672954655 -0.978415098368436 0.158785852960099 -0.125163600725696
1461161189.63426 -3.08702085765203 0.215688367921217  1.33539029100332 -0.0396134768949807 -0.979063855362419 0.150975394910511 -0.130656686406713
1461161189.71222 -3.09090207088432 0.215444528400895  1.31084801937262 -0.0417769806800485 -0.981390448277163 0.150357912180263 -0.111892672505398
1461161189.83277  -3.0867093627107 0.214868452710418  1.27595010721225 -0.0448267863330686 -0.981558296832551 0.135521761816256 -0.127152354364558
1461161189.93394  -3.0786922463843 0.205850588905678  1.25466121144222 -0.0642704594547976 -0.973792017164863 0.158705423451322 -0.149703052455834
1461161190.07221 -3.07413508136953 0.202529017001369  1.22049795623222 -0.0687859545354251 -0.970693699643996 0.162992301035207 -0.162652217117846
1461161190.19201 -3.07049726482883 0.200273569120001  1.18693690812947 -0.08342091666781 -0.967489356802609 0.171523331578967 -0.166087452446081
1461161190.29205 -3.06755169944534 0.198751254809283  1.15636331296558 -0.0891464492067233 -0.966406178680089 0.172697778827476 -0.168188839079283
1461161190.39213  -3.0626771323258 0.195796470812673   1.1262135660902 -0.0970092824260465 -0.961068812401249 0.183407221616549 -0.182476650593259
1461161190.49211 -3.05787935313908 0.194591612279887  1.09496765777201 -0.0983819402608163 -0.962650352777449 0.167310943271786 -0.188765305046968
1461161190.57205  -3.0536994109155 0.188704955093059  1.07187937545368 -0.111909732043388 -0.958653351662558 0.174645972782738 -0.194830047505237
1461161190.67212 -3.04563501683887  0.18344009577642  1.04544743336146 -0.113217066581453 -0.956643043727414 0.177362172610726 -0.20139176360875
1461161190.77216 -3.04208955834104  0.17890017539315  1.01884617390492 -0.116579002945869 -0.952828519655353 0.182619999767583 -0.212549015261006
1461161190.85211 -3.03862654819376 0.178662142299511 0.996020313508946 -0.117255646043361 -0.953290411707111 0.17917225572728 -0.213039449858093
1461161190.93393 -3.03580630071438 0.180701221214479 0.969825935659846 -0.1185969656145 -0.955591559990443 0.174825766683587 -0.205464063830057
1461161191.01219 -3.03056432257136 0.183772121965798 0.941638166094841 -0.11451787411838 -0.958654517917679 0.165838095394882 -0.200910173707623
1461161191.13405 -3.02230000446674 0.185098251248215 0.896789323396052 -0.111812330593676 -0.957896626890337 0.165782129135797 -0.206029950683213
1461161191.21221 -3.01803169407632  0.18464546415857 0.865466839502052 -0.111543702697791 -0.959085147423729 0.16990279544194 -0.197095719082597
1461161191.29247  -3.0130298047754 0.183778219136046 0.835486374829164 -0.107260593736013 -0.960224932280975 0.16685946364383 -0.196522680242992
1461161191.35228 -3.00858347033413 0.181571763721039 0.814000127271024 -0.108907802922066 -0.961405905092266 0.166421086129656 -0.190109963462817
1461161191.43431 -3.00234941459174 0.181610336403876 0.784401682662514 -0.105080148967544 -0.962108111860014 0.158599259738155 -0.195326440085891
1461161191.49203  -2.9962470542248 0.183936371942865 0.762388051355146 -0.100562227427911 -0.964338820118655 0.145679364890884 -0.196762295859464
1461161191.57197 -2.98722764498295 0.187689829346124 0.734483099145142 -0.0929185857183233 -0.966435538541803 0.129541764239027 -0.201463191648901
1461161191.71206 -2.96901775304184 0.192689641188148 0.686476254125765 -0.0827859136435703 -0.966622438420879 0.11248675100499 -0.214788931027218
1461161191.81201  -2.9591786849891 0.199697609787442 0.652629115251369 -0.0714194386169402 -0.965766003745528 0.090461888889004 -0.232404682516656
1461161191.89208 -2.95421540659447 0.202924145733794 0.622893096676111 -0.0754888598848361 -0.968094766916378 0.0803124852283211 -0.225041905028512
1461161191.9919 -2.94330944195041 0.205068853298155 0.588989663348969 -0.0709558035771568 -0.963596572534089 0.0741039232962422 -0.24689173313698
1461161192.11196 -2.92611594509339 0.212317943898641 0.554474992071761 -0.0502543365929818 -0.955369773613161 0.0469286866812973 -0.287299139724272
1461161192.21225 -2.90843838510748 0.215895726642497 0.533273430131276 -0.0408065151034946 -0.939952214362466 0.0264558293637982 -0.337823551773525
1461161192.37333 -2.89163194367687 0.218703721425183 0.497899416356407 -0.023463944810383 -0.929001627834668 0.0217730873438769 -0.368688691773951
1461161192.49223 -2.87752483974909 0.223538601283227 0.473112881091335 -0.0164266090855454 -0.915268234880998 0.0160557355645063 -0.402189554920631
1461161192.59191 -2.86603304681338 0.229795634456258 0.452833622676573 -0.00880844035198465 -0.899960043786548 0.0091585237838895 -0.435787164116131
1461161192.69188  -2.8579086375137 0.237004227418584 0.428803955151698 0.00415998240163889 -0.892457288208758 -0.00102359401610232 -0.451111555521223
1461161192.79198 -2.84963644603771 0.242479222877746 0.404552762332455 0.0164011928960672 -0.885300737667483 -0.0117306505333561 -0.464581528469504
1461161192.87196 -2.84183625283913 0.245180499877407 0.388430880811101 0.0197931935855651 -0.871246732822773 -0.0182650756671301 -0.490105852897313
1461161192.97206 -2.83400110979186 0.248224777094125 0.370125435403757 0.0310298631898726 -0.852847700411034 -0.0282503513597378 -0.520470811037546
1461161193.05194 -2.82997958385055 0.251655895398527 0.355122161066108 0.0481932208177557 -0.839620502259179 -0.0405046867875469 -0.539512924777061
1461161193.15197 -2.82594735086605 0.254405927710778 0.335182602751232 0.0467991118230418 -0.822974451454644 -0.0450037962746517 -0.564355875052588
1461161193.23381 -2.82264255638887 0.257419690137684 0.317271077364554 0.050978439389435 -0.810630895765762 -0.0501541089803271 -0.581174083128115
1461161193.31201 -2.81862632361494 0.258802781291982 0.299825595921235 0.046499337707563 -0.792898154234446 -0.0503397830679296 -0.605488426681337
1461161193.39196 -2.81634702783249 0.261473177919099 0.283003479587207 0.0546879476433527 -0.773781536333155 -0.0527700292139035 -0.62887732224117
1461161193.47194 -2.81529929822735 0.262857064312587 0.267741186389372 0.0578515661670576 -0.755551208790054 -0.0550373170500055 -0.650204937631085
1461161193.55236 -2.81409584477098 0.263943394177528 0.254585511173151 0.0758758440354302 -0.732742027793282 -0.0611849513455175 -0.673489702019375
1461161193.63388 -2.81142885300948  0.25980462254952 0.240373056343366 0.0704797959728689 -0.71603565727994 -0.058148717751614 -0.692057990696697
1461161193.71198 -2.80793654021853 0.258060580936318 0.226005866495972 0.0782710826319087 -0.699324257751334 -0.0590335391518562 -0.708049617893676
1461161193.792 -2.80269797074668 0.256826800085709 0.213994410441987 0.0810801541157234 -0.678335117328154 -0.0595774320841927 -0.72783102901307
1461161193.89194 -2.79437481256098 0.258339851251743 0.198454093069046 0.0957091253416252 -0.652622322153046 -0.0541521291394726 -0.749660866568056
1461161193.97193 -2.78535484839622 0.260933873563707 0.186989108390218 0.103351536576958 -0.631841625996687 -0.0503643345590808 -0.766523354731913
1461161194.05212 -2.77436908357996 0.263117327537361 0.175381565896209 0.116232622227656 -0.615880373412556 -0.0456105928389174 -0.777882392779382
1461161194.13376 -2.76164660793506 0.263034815523222 0.165913347977521 0.12165762763115 -0.59451652287439 -0.0341691932014153 -0.794091929126893
1461161194.21188 -2.75260187892254 0.263445259913056   0.1578608613371 0.138639499294016 -0.568439801355368 -0.0301111482819007 -0.810400271606396
1461161194.29193 -2.74245031415372  0.26159868477121 0.147753178777325 0.137392520435289 -0.55410166283201 -0.0277628673149191 -0.820563139419322
1461161194.37204 -2.73245869391635 0.261643890266443 0.139339161379564 0.139483442575725 -0.535757519736027 -0.0318738874004913 -0.832161225121374
1461161194.45211 -2.72383086007002 0.262551530740025 0.131890328648578 0.1495256347567 -0.512755683148029 -0.0330450171890597 -0.84476725835521
1461161194.55196 -2.71467660985107 0.261462695193364 0.124088570084302 0.151532960318058 -0.48851187968474 -0.0353622305391116 -0.858570566695264
1461161194.65196  -2.7063897362397 0.260436432328268 0.118552437934746 0.154314839664232 -0.459981030347342 -0.0339821339998989 -0.873756028047196
1461161194.75199 -2.69694957882351 0.259802034713405 0.113345464642168 0.153906577562055 -0.434339133613129 -0.0286394869366469 -0.887041184040142
1461161194.85191 -2.69299989187755 0.257899262409592 0.113492703326249 0.143158831628788 -0.384264718318519 -0.0288469626028899 -0.911599708167383
1461161195.01194 -2.69282142051435 0.253491486900925 0.111582937504153 0.147836281449035 -0.32319083421846 -0.0259637855722457 -0.934354322729475
1461161195.15191 -2.68847539882973 0.243180549846653 0.110363312042493 0.140735612159276 -0.30874878260669 -0.0172067862807538 -0.940516668228123
1461161195.23373 -2.68690652257637 0.232035497526965 0.113109692087753 0.115444496037919 -0.301015366452648 -0.0216141894835536 -0.946358887688438
1461161195.33366 -2.68805501672284 0.216818599973925 0.116618459928565 0.0887155752696455 -0.294488362393859 -0.0260266886245008 -0.95117230962555
1461161195.4337 -2.69519999448155 0.205063217547492 0.122583044119086 0.0742228586785289 -0.281553521898343 -0.0280557699369121 -0.956259094246676
1461161195.53374 -2.70460272080693 0.192378932700621 0.128882921107757 0.0499752934626632 -0.287824226871269 -0.0239219824246324 -0.956079192967901
1461161195.61189 -2.71807026831595 0.183478539413077 0.136428732413893 0.0337721200204535 -0.278072175074547 -0.0288873098195132 -0.959531569407712
1461161195.69184 -2.73087693638314 0.176280911888355 0.144795494139282 0.0242967862207303 -0.281315366072716 -0.0235569955971829 -0.959018456000276
1461161195.77184 -2.74471275984769 0.171178148519764 0.154912568947265 0.0171192147771391 -0.283773597994962 -0.021306830057649 -0.958501693560998
1461161195.85203 -2.75944838184324 0.168231422779717 0.166100947928996 0.0184670752808768 -0.285485580328312 -0.0155741183867362 -0.958078492291552
1461161195.93361 -2.77404399561953 0.166770476545274 0.177357117458959 0.022351267847434 -0.287529316122825 -0.0114731680184263 -0.957442259152569
1461161195.99183 -2.78807807525846  0.16599352386812 0.187147225519606 0.0240716164692643 -0.27486431241251 -0.0120426016478229 -0.96110620786056
1461161196.07182 -2.80669184789542 0.165225809098706 0.198855857070337 0.0260647349159252 -0.267128120300326 -0.00593124986963543 -0.963290204047338
1461161196.15185 -2.82464559804781 0.167377344237668 0.210764658636144 0.0340722536962461 -0.259954536493198 -0.00303380672185343 -0.965014775276234
1461161196.23178  -2.8412494207989 0.171250843407479 0.221768089618083 0.0391077767203239 -0.259715084331362 -0.00487944824826834 -0.964880742763342
1461161196.31175 -2.85725526721799 0.179641580163452 0.232383746587461 0.0566619798251349 -0.256194459431889 -0.00951127257458776 -0.964916242319876
1461161196.41177 -2.87643841540417 0.190604947140203 0.244037598342287 0.0684466756322322 -0.25211154385324 -0.0107478057288382 -0.96521464282451
1461161196.49183 -2.89487952411677 0.199700076194146 0.251536650202956 0.0803609823675908 -0.240387250344883 -0.0099163174539761 -0.967294034424225
1461161196.5718  -2.9132407714957 0.208116833508606 0.259525429071287 0.0914867957279966 -0.225896510630567 -0.00446751663321091 -0.969835539659942
1461161196.67186 -2.93404167752388 0.217984536138204 0.267929056923358 0.102588371942013 -0.211436645572845 -0.00290017454503734 -0.971988559520532
1461161196.79185 -2.95912543503726 0.228644077143132 0.273423820829631 0.110961546401939 -0.188930054319939 -0.00334838836524056 -0.97569552529983
1461161196.91176 -2.98267827882918 0.235315366110597    0.275685628056 0.110154553511011 -0.16335111038987 -0.00287562164984209 -0.980394879564002
1461161197.0518 -3.00887953001142 0.237961376772004 0.272031712631989 0.110264038491022 -0.128550000908642 0.00690079252657951 -0.985529866693315
1461161197.23177 -3.03884356954671 0.242640239634073 0.259543773533398 0.101658736363123 -0.0976445224836116 0.00672936689853767 -0.989992810161339
1461161197.35174 -3.06230223135177 0.245219770231813 0.246456934347038 0.101056224769424 -0.0657936434594632 0.0118399851231904 -0.992632182970089
1461161197.49175 -3.08822582419064 0.244748495101086 0.228054759388836 0.0941897215108061 -0.0375510391183872 0.0141906576393085 -0.994744610972389
1461161197.57178 -3.10031975647166 0.241657387527341 0.217129944568638 0.0852043417233952 -0.0293679825153703 0.010670436311616 -0.995873427471272
1461161197.65187 -3.11378291865323 0.235675151884821 0.207781235028271 0.0748377057624608 -0.00898661736511364 0.00237342117165467 -0.997152408298995
1461161197.79169 -3.12955331288738 0.226455887468869 0.188856218720051 0.0498982197970971 0.0289826313203566 -0.00553670831107305 -0.998318345821566
1461161197.95179 -3.13799015652913 0.211119056212593 0.174344243285356 0.0252821419474022 0.0690863697543258 -0.00556323288253782 -0.997274755146552
1461161198.1719 -3.12648353088359  0.19209534364732  0.16686501634664 -0.00222426582320044 0.0923686580935961 -0.0214117041797089 -0.99549215093222
1461161198.37172 -3.10499496518251 0.192459089093352 0.172590023388945 0.00872039851839167 0.120378510972756 -0.0359417090735187 -0.992038891523179
1461161198.57174 -3.07754498533316 0.197234150343748 0.187126256179143 0.0223591989861348 0.131899404204397 -0.0453427527591131 -0.989973054261301
1461161198.7917 -3.05134729715091 0.213196928275572 0.214163182410014 0.0508992643463087 0.1281817305192 -0.0368501762056796 -0.989757936752072
1461161198.9917 -3.04082992823756  0.23007639797375 0.252263942377784 0.0707895948974192 0.103568072183817 -0.0211419782290293 -0.991874742311221
1461161199.19164 -3.04208789780565 0.235229717243173 0.305078652231815 0.0698693453244199 0.0876132130003981 -0.00405194884759349 -0.993693001485982
1461161199.35165 -3.04646030418684 0.235166276554917 0.351879345884885 0.0621277069422111 0.0777023159820677 0.00642330406703215 -0.995018210529832
1461161199.49164 -3.05276507819287  0.23447381409671 0.390381014824451 0.059008334465577 0.0805384645282101 -0.00355882459403301 -0.994996938167423
1461161199.61164  -3.0561212778099 0.235487925203122 0.426370856868971 0.0552150994148509 0.0743119145033797 -0.0186455681364027 -0.995530700153602
1461161199.73346 -3.06208314243607 0.238220203099947 0.465718623650071 0.0488892659091735 0.0761040183553971 -0.0345983031993806 -0.995299440110737
1461161199.83335 -3.06703119404299 0.243587880842436 0.499932580112333 0.051494490345762 0.0859110723314074 -0.0402522709250972 -0.9941566072809
1461161199.91175   -3.073292588476 0.247361380991479 0.528023002224266 0.0555500739016516 0.0962542650191821 -0.0424805096063515 -0.99289713065288
1461161199.97158 -3.07612645670298  0.25016544447169  0.54877109963163 0.0608167718154161 0.0919872393243553 -0.0443789346799301 -0.992909954741169
1461161200.03347 -3.08223767897848 0.252134085363145  0.56785637587586 0.0658936751785001 0.107210533831229 -0.0420726886989388 -0.991157814816962
1461161200.1128 -3.08730079139818 0.253454625585017 0.592405746781124 0.0722792132479778 0.110631773494202 -0.0454857254192229 -0.990185525449079
1461161200.19156 -3.09283464494904 0.251146768473931 0.615874888565916 0.067167874692454 0.117715585315928 -0.0508641720634148 -0.989466701604117
1461161200.25203 -3.09779592342635 0.247782133778177 0.633631007842565 0.054128314911091 0.129388335333126 -0.0516755115071279 -0.988766112746126
1461161200.31164 -3.10028967408398  0.24715418810614 0.651550778703485 0.0518869378358218 0.130390648387494 -0.0521942172645387 -0.988727357859209
1461161200.3717 -3.10351521126462  0.24832549341093 0.669288681526382 0.0538779148986391 0.140980731441609 -0.040615080312024 -0.987710493464361
1461161200.43333 -3.09821108423581 0.249095104698602 0.688917031677961 0.0510787162257686 0.138742213989601 -0.0366842049182152 -0.988329819400138
1461161200.51161 -3.10447983333274 0.252039668627614 0.711076321117599 0.0495179632354984 0.138742282674831 -0.0238491859225713 -0.988802187824246
1461161200.5916 -3.10617056206364 0.257137070684141 0.736255818045668 0.0551208770440431 0.138243350328548 -0.0169712781876091 -0.988717573789661
1461161200.65149 -3.10814732684147 0.260383452815484 0.756256166130128 0.0532287004845061 0.138800559597787 -0.00975526820281246 -0.988840707516819
1461161200.71155  -3.1095167504718 0.263430990724652 0.776571268916955 0.0562414340959447 0.139558386909511 -0.00762724469992375 -0.988585951180945
1461161200.75171 -3.10685712325965 0.265372779604368 0.789885677794546 0.0611945591931984 0.142133254771024 -0.00110727676296426 -0.987953509914062
1461161200.81165 -3.11175708131486 0.268199498650029 0.806877872775691 0.0689993184134153 0.148672550764098 0.0045621795655697 -0.986465789181456
1461161200.87169 -3.10936870175549 0.270132747930149 0.824568922692546 0.0704027681153227 0.144477152967762 0.00465834561705635 -0.986989413483317
1461161200.99152 -3.10888919671475 0.274067975701263 0.857262229198843 0.0781019835800747 0.153507941713627 0.00882541408417023 -0.985016499383613
1461161201.09201 -3.10945857246325 0.272888465269561 0.883912843132477 0.0743218601369119 0.171453781603721 -0.00121348859187233 -0.982384033525082
1461161201.21158 -3.10748790017086 0.274558979655036 0.915879528193742 0.0771526513779315 0.188834333289507 -0.00303362101741413 -0.978968773812518
1461161201.35153 -3.10635478870656 0.276367609878121 0.956246471654741 0.0802507180565231 0.206863791038332 0.00113851475623648 -0.975072252703774
1461161201.49163 -3.10227811104055 0.275895484265768 0.990869868908783 0.0918755109756543 0.2388816383942 -0.009494184079627 -0.966645909208603
1461161201.59188 -3.10368692281373 0.278144269749679  1.01559500497582 0.107761063700837 0.255683459155245 0.00942157062570962 -0.960689729242182
1461161201.69151 -3.10303198419941 0.277556053508048  1.03746932826897 0.112533104331899 0.274718253567243 0.00526841116493351 -0.954902311982847
1461161201.81159 -3.10752695360462 0.277321819354593  1.06068283057978 0.116944241047396 0.293359975895924 0.0177454622531756 -0.948656453937679
1461161201.91158 -3.11551455451918 0.277425265614889  1.07788029999764 0.113403570015925 0.313207291166855 0.0245419785235517 -0.942570164156342
1461161202.01148 -3.12252223349807 0.278702933938424  1.09638949616406 0.109886672064735 0.32926930969172 0.0308022419461822 -0.937314175124203
1461161202.09165 -3.13692888943693 0.283689257949936  1.10996791492621 0.115107909846059 0.337988094807179 0.0456587872682458 -0.932968108782223
1461161202.19149 -3.13959066699393 0.284931969026054  1.12887027374449 0.110864178388481 0.34680923783959 0.0518232806750107 -0.929917649084826
1461161202.25166 -3.14514050827831 0.287190072976793  1.14022553016254 0.113981343859652 0.343380162084807 0.0547843119430364 -0.930643324106227
1461161202.31149 -3.15132060508107 0.287836784022779  1.15078061251398 0.11428271084594 0.34303811025958 0.052531412753511 -0.930862378434836
1461161202.37145 -3.15827783357281  0.28896394197776  1.16204766636152 0.115312686834032 0.337626334151767 0.0500693006061328 -0.932847526597551
1461161202.47164 -3.16912756362479 0.289615313238217  1.17616951743651 0.116082796382734 0.338269695604955 0.0442821695389141 -0.932811603101196
1461161202.59148 -3.18467649541762  0.29096938550842  1.18925954197239 0.121981190270814 0.351990298200223 0.0392972798572518 -0.927188838904381
1461161202.73317 -3.20536317544424 0.290813481053967  1.20256862245437 0.121992777112759 0.364304183471096 0.0310506998053372 -0.922732939847372
1461161202.91156 -3.21618810390165 0.292352064905311  1.22118984378492 0.12512097634464 0.384194260375022 0.0333421354039264 -0.914126803884538
1461161203.07137  -3.2305144264493 0.297489896846356  1.23856048835159 0.126887877461839 0.410998798541267 0.0482253766025995 -0.901473109528178
1461161203.19146 -3.24270917317265 0.302829966696996  1.25306411571987 0.132406611134881 0.434424416555653 0.0500659167700868 -0.889515216062113
1461161203.29147 -3.25457934216767 0.307202297075059  1.26633417319805 0.136837278467222 0.45900057089985 0.0521995551516162 -0.876281485355744
1461161203.37137 -3.26423151194788  0.31067937771764  1.27682869740584 0.140502326257082 0.478981931276233 0.0590971946385926 -0.864489981094684
1461161203.4715 -3.27478985727206 0.314379887012725  1.28745886620742 0.146534001010917 0.506722608393743 0.0704367444207302 -0.846639622109539
1461161203.57142 -3.28881273731575 0.315722202355351  1.30040793392317 0.144233782843065 0.522801796899364 0.0839893505289856 -0.835954954553949
1461161203.7332 -3.30117221409252 0.313780894457126  1.32101747970323 0.135966971554471 0.548856340844868 0.084759798056314 -0.820417866939855
1461161203.89145 -3.32026984783448 0.310132298931184   1.3412580302849 0.124055301769791 0.570043516992414 0.0881148945968539 -0.807401038015131
1461161204.07139  -3.3443716134558 0.307124800605285  1.36528150010873 0.105279964939805 0.590430311215659 0.0829576623479592 -0.795880771747764
1461161204.29141 -3.37764172180221 0.310150609432591  1.39623722401938 0.0929264201346475 0.619914912553149 0.0843775266585164 -0.774564790466345
1461161204.55137 -3.41668811015245 0.315068440737857  1.42905229389231 0.0941425057437328 0.64995431989315 0.0800439782492981 -0.749859675012966
1461161204.79133  -3.4498675778543 0.316307447379598  1.44995085324808 0.094205216975446 0.68535335675985 0.0844170315636095 -0.717140096671915
1461161205.01131 -3.47851146687716 0.324327036523794  1.46721536242751 0.0879509820011685 0.725020808955211 0.088497285941459 -0.677331293923407
1461161205.19137  -3.4990747766354 0.330812555951514  1.48532129898703 0.0866136183827236 0.76185068359235 0.096937150219759 -0.634574507782808
1461161205.35135 -3.51450608073948 0.329411116702833  1.49931353783341 0.0828586645597396 0.796701752968012 0.101683267994085 -0.589967178354115
1461161205.53132 -3.53472947060923 0.323685523328575  1.51045866802423 0.0717237642615057 0.824933054674265 0.101829555463296 -0.551336465853741
1461161205.73137 -3.56465205167612 0.325645940683755  1.51909947564893 0.0615552355786243 0.851018738668393 0.0984964053396635 -0.512129395312632
1461161205.91124 -3.59801284606231 0.329373053936456  1.52294745244132 0.0489340541954501 0.87058981801444 0.095687903193239 -0.480127745805283
1461161206.11125  -3.6400682384226 0.331385274936163  1.52382098321545 0.050850778124795 0.887752096599017 0.0931148732959212 -0.447928603372499
1461161206.37126 -3.69492251104841 0.330085014403586  1.52876525812265 0.0552647251394929 0.896298894251491 0.0866594009939931 -0.431374837627524
1461161206.55125 -3.73191174730084 0.333600080044402  1.52889929999843 0.0543255137640115 0.90907817222042 0.08741511599518 -0.403713032787159
1461161206.69203 -3.76160278656158 0.337584306149116  1.52877152779997 0.0495242154735613 0.923250949438506 0.0869562574602471 -0.370936174740525
1461161206.81116 -3.78868704152922 0.341252972023047  1.52936694798189 0.0481691662182079 0.936310278894887 0.0907441387004263 -0.335809908062788
1461161206.95246 -3.81913726656564 0.344354012873843  1.53085641024971 0.0445486359956441 0.949179547647816 0.101933994341657 -0.294419880707078
1461161207.13379 -3.85082702431081 0.345889484020083  1.52889039094621 0.0355678917345144 0.959015139228933 0.115075389845247 -0.256481076220522
1461161207.29123 -3.87242020155943 0.346835711506729  1.51621531490103 0.0263119446075339 0.971132854015333 0.107624325069646 -0.211247878276463
1461161207.47111 -3.89746099621555 0.358466820684551  1.49828036362191 0.0134053042188768 0.978121325104568 0.122338759831276 -0.16772656032194
1461161207.65108  -3.9197570680755 0.364734024353795  1.47542722541316 0.007515102748459 0.98394800194513 0.128953260738427 -0.123129644049649
1461161207.79107 -3.92620461286533 0.365703668142312  1.45485681403552 0.00388940767788054 0.988070272989877 0.13287575286388 -0.0777563016255431
1461161207.95115 -3.92705351304637 0.361809496166111  1.43141914485268 -0.000246779712180913 0.990831526003053 0.130339165308455 -0.0355602047931442
1461161208.0512 -3.92231630998434 0.359206986840754  1.41400161507856 7.422600444613e-05 0.991628971784893 0.129054920275904 -0.00409931212716599
1461161208.17104 -3.91853533910055 0.357153484107399  1.39289320973811 0.00597442392651552 0.991658198893554 0.125592993232338 0.0283676378445708
1461161208.31105 -3.91512670261734 0.357394962040287  1.36303698425865 -0.0023852767327049 0.988832273364873 0.138596454371089 0.0547363539407594
1461161208.45224  -3.9117657240103 0.353327275608139  1.33138812762138 -0.00235316126233423 0.986103731878017 0.141272258530325 0.0873844470032391
1461161208.59111 -3.90797781032278 0.349584059052089  1.30106292348852 -0.00935352484404928 0.981449706040322 0.14241709845397 0.128009203396907
1461161208.75107 -3.90408681769701  0.34764991749941  1.26201573679306 -0.0175595129700683 0.977880739056051 0.143697078747478 0.150970438321173
1461161208.87107 -3.89825539302012 0.347027887698455  1.22916841752858 -0.0201112538329219 0.974503223996705 0.139829691916551 0.17431770176267
1461161208.99098 -3.88983843381864 0.349627066364363  1.19624456384909 -0.0379631930894104 0.968397210659466 0.142729947925886 0.200982089556497
1461161209.1113 -3.88267428306158 0.349792502590214   1.1610708899046 -0.0497621741355086 0.965587363060825 0.137468064497224 0.215098353238553
1461161209.23287 -3.87834331936835 0.350837108280988  1.12915721694375 -0.0520010596978204 0.964168213550981 0.144230148713238 0.216502217010288
1461161209.33185 -3.87305805802893 0.353105600561241  1.10636965626264 -0.0568552374446083 0.958918228058003 0.152899826636356 0.2320882523692
1461161209.45114 -3.86988611529999 0.355564044557459  1.07851199350931 -0.0599848577660377 0.95288206676769 0.159408103384236 0.251011235299867
1461161209.55109 -3.86867130346064 0.359643151625918  1.05767171397705 -0.0680761015692014 0.945471601921068 0.166017132342432 0.271822379734901
1461161209.65103  -3.8683497298492 0.363814054189802  1.03696850809398 -0.0777428295542138 0.935734379948623 0.170283404884103 0.298932742696659
1461161209.73108  -3.8675131125957 0.364967745327491  1.02119990293022 -0.0856403538044403 0.926075201633634 0.168823545615118 0.326418536798104
1461161209.81107 -3.86594067337026 0.364319538097266  1.00818079623333 -0.0886522057415527 0.914368415091927 0.165899226327159 0.35853679672174
1461161209.91101 -3.86605800483735 0.365789483680905 0.994570549737004 -0.101305219743484 0.899149115306466 0.175309864759199 0.387987850601582
1461161210.03306 -3.86676034826583 0.363018690475657 0.980931194270717 -0.109135908869106 0.886267323546637 0.176192171944717 0.41421721735606
1461161210.15105 -3.86197531839643 0.358593628738318 0.965354489689852 -0.115995094125001 0.871923244230148 0.166584740962637 0.445583346175008
1461161210.25183 -3.85658318429925 0.355735553033701 0.952166497823728 -0.111204846693541 0.859814900179989 0.158418121287687 0.472499225764467
1461161210.3517 -3.85162568291692 0.355948163908185 0.938431428633917 -0.109779383012442 0.845823992712723 0.155080178424701 0.498478082443629
1461161210.45094 -3.84914715155788 0.358916707256049 0.922713813493893 -0.122556804055473 0.833694470743771 0.164194066046319 0.512809582502266
1461161210.55223 -3.84458483277169 0.356592539475991 0.907206429023249 -0.117637602666765 0.825778215456472 0.166249123620539 0.525940074734512
1461161210.65093 -3.83857200912957 0.354676052358738 0.896090379056948 -0.125987675592495 0.811535576859093 0.17666095193847 0.542520065205862
1461161210.77087 -3.82983371206395 0.350087660777458 0.884134820004461 -0.1175068289238 0.802503646880917 0.181901534255443 0.555960316690515
1461161210.89097 -3.82206888839094 0.347686436986004 0.878018906684976 -0.125421271555965 0.781393381697257 0.189771818177454 0.581102869298227
1461161211.03336 -3.81754472544516 0.344895055318522 0.870519480579772 -0.137613213469336 0.754666376637127 0.192461753829393 0.611963836157781
1461161211.151 -3.81264699965998 0.340094138690291 0.863563657925028 -0.13398450523431 0.726329501816479 0.18917935831663 0.647074012408975
1461161211.25147  -3.8144279516517 0.338994958104029 0.859284180277485 -0.142834991819361 0.685597190745813 0.194122336457026 0.686928799543212
1461161211.33287 -3.82016057076681 0.338510228742642 0.854389605356424 -0.154845582328841 0.649753779284723 0.201164387035762 0.71650245032867
1461161211.41091 -3.82746059095531 0.336928824135818 0.844799576166113 -0.161960239740699 0.622455623522574 0.210091232652927 0.736328426349704
1461161211.51117 -3.83316358444665 0.332560093341312 0.827477525713653 -0.168299922955564 0.605243393125918 0.207366796099042 0.749903048991132
1461161211.61088 -3.83660313801454 0.329801477448026 0.810713548934296 -0.172877346754763 0.582567474490723 0.207119245504501 0.766700840475723
1461161211.71112 -3.84000452980321 0.329434126975205 0.793654196196978 -0.174643468491624 0.560604645962434 0.206868499135569 0.782577481086663
1461161211.811 -3.83958815174814 0.332155400564931 0.778562882498579 -0.180146829295391 0.53653402951015 0.201917336509343 0.799317048666793
1461161211.91094 -3.83856099554881 0.338759810362083 0.763898332138314 -0.193998820676571 0.504027547597675 0.19249905937264 0.819307513073951
1461161212.01125 -3.83491971267673 0.344448491786457 0.747588807589401 -0.2021979922678 0.478398450773765 0.180848694004994 0.835191381718478
1461161212.11137 -3.83447145472498   0.3477769880867 0.730960288980816 -0.221448622372229 0.446702698288004 0.172181805732036 0.849570852116828
1461161212.2109 -3.83251834624268 0.345262560045298 0.714937881317506 -0.227960788498818 0.428758068494059 0.158928512048172 0.859617429829337
1461161212.31111 -3.82739421903377 0.335485884976349 0.700531075707297 -0.214613381598864 0.415118432993671 0.141093815586956 0.872760172229859
1461161212.41092 -3.82569673554131  0.32413720267045 0.688384667725587 -0.203074690852684 0.393909613209775 0.129101607609154 0.887089996262355
1461161212.53169 -3.82278691257059 0.308597111370425 0.675369359504469 -0.183899293960241 0.372934992752097 0.126291450296306 0.900639223243122
1461161212.65169  -3.8226184715062 0.294109792230495 0.664921727272497 -0.169167821141602 0.341418993746245 0.1274522470805 0.915735356810927
1461161212.79123 -3.82728143383095 0.281725721154751  0.65395355264864 -0.164458770321145 0.291439326905865 0.119797829140303 0.934700439568948
1461161212.93083 -3.83801230590078 0.282700706202245 0.649840311718469 -0.185520050414335 0.231257391363544 0.103959780494476 0.949365416409052
1461161213.11093 -3.85163560914693 0.291332297775041 0.653216312908752 -0.207814119985882 0.178669005292479 0.0834651431267711 0.95808363307444
1461161213.25168 -3.86556901269717 0.297219433197801 0.665146730029088 -0.213735578730308 0.131450376838963 0.0696109388630606 0.965501019162755
1461161213.39091 -3.88012001149194 0.301844216227929 0.679641468584959 -0.212047990801615 0.10017635319056 0.0586624886979788 0.970339662323559
1461161213.5309 -3.89421097127244 0.308501151981613 0.696164684214898 -0.218821082069206 0.0802178229518744 0.0391827849381375 0.971672344099293
1461161213.67086 -3.90672646589356 0.311516158508885 0.717167447819158 -0.218291832432098 0.0615671514565613 0.0332038274524893 0.973373344404637
1461161213.79083 -3.91694177403855 0.313078685324538 0.740665878032747 -0.217841911099832 0.0566810537600755 0.0327197096995027 0.973787235750295
1461161213.91091 -3.92795469273727 0.314322887019148 0.770549738083186 -0.213462828986858 0.0551714992011988 0.0365665380534249 0.97470642483345
1461161213.99078 -3.93718911958344 0.313748568789302 0.793617091397443 -0.209754752927522 0.0474734964189815 0.0406925712731832 0.97575269684754
1461161214.07087 -3.94705986461637 0.312006952649266 0.817671162311256 -0.207732184283693 0.0377251644964947 0.0402983332307671 0.976626948181986
1461161214.15079 -3.95736199646012 0.309760978692837 0.840130884491712 -0.204967392358242 0.024048646346055 0.0354269881583409 0.977831764256415
1461161214.31102  -3.9677734991674 0.310851370950143 0.881749947035994 -0.207135173041031 0.0266344909901617 0.0348336531772147 0.977329136261314
1461161214.49078  -3.9803004980175 0.313214615690693 0.928082615883552 -0.205326475322857 0.031323137675701 0.0390554749271513 0.977412179919944
1461161214.6708 -3.99051145168899  0.31981142540814 0.971204077441688 -0.204638811080755 0.0585182885625189 0.0367527614853389 0.976395310018627
1461161214.8325  -4.0014397331291 0.325573541862186  1.01120241473616 -0.20283582948915 0.0951606618349819 0.0480738384011949 0.973391483821362
1461161214.97074  -4.0101747920059 0.320402016606869  1.04890893491714 -0.183071028230623 0.135031061583607 0.0513559475742378 0.97242695236143
1461161215.11101 -4.02007869177931 0.312870154375822  1.08760674488617 -0.157389480110562 0.161533667613527 0.0506115179307852 0.972920294798393
1461161215.27105 -4.02894220911109 0.307885386471886   1.1291221047622 -0.136325470430007 0.192361871925406 0.0559994889781654 0.970193966985765
1461161215.43308  -4.0350682394707 0.302394708422607  1.17318545013571 -0.105669122560118 0.22186971237647 0.0488651849838513 0.968101265862126
1461161215.63323 -4.03704889511926 0.296011992465752  1.23247635337773 -0.0760389858429759 0.244843357433761 0.0459296676909325 0.965484473504538
1461161215.83311 -4.03060408767622 0.281018339603512  1.29380377512571 -0.0499529972381793 0.274731919477332 0.0458410678438622 0.959127555117752
1461161216.03244 -4.01754833276777 0.270391921368665  1.35129551268603 -0.0243269408794734 0.316152197136371 0.0358961707849397 0.947716968886951
1461161216.19098 -4.00542767827632 0.266575721303002  1.39100090246591 0.00404871364946814 0.358274399748599 0.0129590423276387 0.933517608631201
1461161216.31156 -3.99645269996812 0.266548632265005  1.42086452033564 0.0235607107794481 0.400461405053661 -0.00436622353080076 0.916000268592807
1461161216.45066  -3.9859405459285 0.267800758496999  1.45861921738398 0.0396891158365645 0.446594066632659 -0.0274253528918655 0.893435148038945
1461161216.57057 -3.97618900587596 0.264380711125106  1.49046153468997 0.0413233356967997 0.48828860305991 -0.0466799983744129 0.870452525874017
1461161216.69072 -3.96104818065074 0.260845837761875  1.52206057203281 0.0402065340385566 0.525774087747402 -0.0450125200414063 0.848480357058144
1461161216.83067 -3.93619203944076 0.253865218767731  1.55915150077079 0.0603205158748915 0.55430607410801 -0.0477438699036484 0.8287501037455
1461161216.97147 -3.90214594235531 0.257174767968395  1.58994293089303 0.0623574037641928 0.589667982818505 -0.0478499346261259 0.803811923269878
1461161217.13059 -3.85875472541665 0.264582027062064  1.62953802398776 0.0449833933489906 0.597774560259228 -0.0460935418621338 0.799072872038778
1461161217.25134 -3.82108788485252 0.267103184389137  1.65200412261077 0.026368537630869 0.618241123533804 -0.0343571884766786 0.784794366057024
1461161217.37067 -3.77855890119752 0.268318924838045  1.67027569638236 0.0234055723072014 0.646190582593196 -0.0221381432672653 0.76249577885095
1461161217.51065 -3.72007266743682 0.275626481162011  1.69475042691405 0.00649765826534689 0.663414493203812 -0.0186094352266895 0.747992432825854
1461161217.67068 -3.65032575130706 0.282765331243275  1.71673875074039 -0.0138117135441735 0.674737728045014 -0.0238932334085177 0.737541421425884
1461161217.79062 -3.59430711746526 0.283134531432128  1.73028134897335 -0.0187300689991138 0.695315504954104 -0.0264934244776186 0.717971887712295
1461161217.93264 -3.52823750787203 0.282993661218422  1.74764414734191 -0.0329656694960242 0.708767028539405 -0.023299624552633 0.704286654272114
1461161218.07066 -3.46000296758894 0.282383582520309  1.76436289048591 -0.0362429381280013 0.709717401720878 -0.0237459532212073 0.703152749291384
1461161218.19058  -3.3983853009414 0.285037825948096  1.77390217410943 -0.035875097282029 0.711094090918349 -0.0240951026377671 0.70176748092576
1461161218.29064  -3.3463334683598 0.286556439494456  1.78158065322351 -0.0296435273863792 0.705504286743283 -0.0298160427615487 0.707457395370906
1461161218.37061 -3.30455474996879 0.287698637761212  1.78999666013074 -0.0345033757739285 0.69307238556753 -0.0352961553456759 0.71917617232619
1461161218.47089 -3.25148113043284  0.29038450696246  1.80306010709298 -0.0487400443602929 0.675395277097943 -0.0233690429165049 0.735472307828592
1461161218.59094 -3.19219619568616 0.288233993958847  1.81609406484165 -0.0670468564221604 0.656197438343389 -0.0207264541231196 0.751318877078809
1461161218.7118 -3.12711356204513  0.28597551364507  1.82727904589595 -0.050809834443063 0.649211838217436 -0.0145956098285083 0.758768290070124
1461161218.81068 -3.06817759479947 0.286859117726264  1.83836228348394 -0.0455802226508189 0.643221780428324 -0.0276165788217732 0.763822956620118
1461161218.93292  -2.9972053365842 0.288702098006023  1.84581956660439 -0.0548307962140825 0.648925723610749 -0.0417770250052858 0.757722686214755
1461161219.03274 -2.94061909350293 0.286114663896385  1.85243242694407 -0.0607787042034984 0.647498521952877 -0.0462554812307249 0.758229545480983
1461161219.13733 -2.88169454493276 0.279988234024819  1.86358412378609 -0.054121378989409 0.63903347744372 -0.0412733099238362 0.766161604970128
1461161219.2322 -2.82557410048244 0.275166682350386  1.87185359926104 -0.0607640445654174 0.631888072365649 -0.0396618315539762 0.771655450319545
1461161219.33236 -2.76574169177737 0.274512224625924  1.88022725979524 -0.0509713143514134 0.631412925806137 -0.0371127686901887 0.772879217367353
1461161219.41067 -2.71684010856967 0.275605510059451  1.88733189611016 -0.0466593332807699 0.631102227777913 -0.0393126728928006 0.773296449275162
1461161219.49065 -2.66831353037393 0.276274388398489  1.89656920448259 -0.0409420753322366 0.6245590755049 -0.0373630559612332 0.779008157673071
1461161219.5706 -2.62169644964269 0.275602747935655  1.90495204463891 -0.0386129205393123 0.62363064067224 -0.0327901291646776 0.780076069246788
1461161219.73286 -2.53245983623475 0.270007295081609  1.92552611453349 -0.054055802431642 0.611172069466263 -0.017780155356318 0.789449515677413
1461161219.89056 -2.44299668808738 0.261370434016754  1.94407928854231 -0.042774790724288 0.609365330285742 -0.0199748155451597 0.791482923548056
1461161220.01062 -2.37155988266317 0.259010945952564  1.95924781715022 -0.0337805875792024 0.608046436020758 -0.0318434123651799 0.792542996079203
1461161220.15075 -2.29009130739829 0.259149305123497  1.97395133368543 -0.0413741232768013 0.614618163831438 -0.0380012211475879 0.786821836124824
1461161220.27085 -2.22149948989187 0.258767316315236  1.98817466126289 -0.0529744411722133 0.616364224961549 -0.032675692398963 0.784997547700813
1461161220.37041 -2.16563708429662 0.258608298077792  2.00175462642676 -0.0697266015438832 0.608511941722001 -0.0287779059035303 0.789951422525884
1461161220.4708 -2.11077057390562 0.258426175831482  2.01254271517679 -0.068460776257297 0.601072422082542 -0.0255491996419839 0.795846909853728
1461161220.55048 -2.06891079701206 0.260643348158866  2.01746982200239 -0.0707286014051904 0.599927013976058 -0.0258967161082802 0.796501351499069
1461161220.7511 -1.96431283428162 0.262758160047834  2.02791140002168 -0.0656587417502132 0.597159004891009 -0.0126210984906154 0.799331445886028
1461161220.89095 -1.89492028379958 0.258186870000541  2.04112073389501 -0.0656946037674101 0.596241558768397 -0.00138661268727474 0.80011142970122
1461161221.03293 -1.82575478453947  0.25484090453427  2.05570961789028 -0.065637544533199 0.603741369511555 0.00693293016832817 0.794443204997843
1461161221.13381 -1.77259843191427 0.253877676900846  2.06361675144798 -0.0598497998545056 0.613098801717355 0.00545451321074835 0.787717023477183
1461161221.23292 -1.72063080320147 0.253067857937984  2.07050611114356 -0.0554533906198898 0.625672593205369 -0.00150514342598959 0.778110828946426
1461161221.31265 -1.67789762168132 0.250233708832613  2.07565049459967 -0.0686831999484924 0.637205128913101 -0.0155559227149173 0.767470035245782
1461161221.43226  -1.6150901822912 0.240405035973023  2.08260841950378 -0.0619988535818368 0.658882996289735 -0.0167820040279868 0.749498301329366
1461161221.4905 -1.58321462486192 0.231933529983657  2.08689705681898 -0.0491242714434718 0.669189938805953 -0.0188505962002397 0.741226204865241
1461161221.61044 -1.51917325020341 0.216638492696208  2.09439013400193 -0.0406019209404104 0.680422580655089 -0.0302226718193782 0.73106989122704
1461161221.71039 -1.46558326507063  0.20761948154037   2.1010632829093 -0.0353376769662088 0.686180335710223 -0.0378656997170787 0.725585270148294
1461161221.79039 -1.41998958602422 0.200949019597549  2.10706400113768 -0.0225767589162834 0.692218663865821 -0.0491181157686668 0.719660351871624
1461161221.89049 -1.36683287065572 0.194661916286899  2.11343918939258 -0.0111071441283315 0.694833882318706 -0.0569465900111121 0.716826055063105
1461161221.97053 -1.32316124750406 0.191253143396469  2.11827088678422 -0.0106021065450857 0.69899791348167 -0.0643978334505595 0.71213933421203
1461161222.07047 -1.26905267425575 0.186296299910161  2.12112079001645 -0.0203902975221193 0.708594432071565 -0.0662772588139266 0.702200463947616
1461161222.17043 -1.21788533993889 0.177276236919846  2.12211072052457 -0.0118838575251507 0.716449715366027 -0.0685651491342118 0.694159491476177
1461161222.25047 -1.17812854390373  0.17028791843583  2.12315994372165 -0.000826264562483304 0.72072514642589 -0.0746502553527542 0.689189320848793
1461161222.3324 -1.13694909800784 0.166022631444234  2.11937489255259 0.0035537466644938 0.730616501474352 -0.0883694510592054 0.677035995186015
1461161222.41038 -1.09582036677946 0.165728992838485  2.11452135556741 0.00382603122575193 0.742092092770383 -0.0982991406495135 0.663039943201238
1461161222.49041 -1.05470633639399 0.168547535893876  2.10964667321183 -0.011290055929489 0.753180397085834 -0.103932297632704 0.649453540749083
1461161222.5705 -1.01500411583857 0.168288122771712   2.1055622350049 -0.0162744895279971 0.765476340856568 -0.110665989502072 0.63366722445379
1461161222.67045 -0.9648660628399 0.16518463650124 2.10810629801531 -0.0232463916182641 0.761519274734116 -0.114155538738001 0.637586474496278
1461161222.77041 -0.916241873458085  0.161455119462543   2.10554598529454 -0.0293940694551021 0.772346486894857 -0.1067800115033 0.625471759558652
1461161222.87042 -0.869394647216296   0.15596270736429   2.10149630209073 -0.0224230262286232 0.784857947190508 -0.10932042310149 0.609544301687386
1461161222.97038 -0.823212345080481   0.15380750203262   2.09566120679369 -0.0143079055377717 0.797632017011069 -0.116679232714629 0.591577895066323
1461161223.07044 -0.77602877296696  0.15559936928712  2.09200339449039 -0.0151214441367128 0.798604262295982 -0.123897438617757 0.588771601619736
1461161223.17039 -0.731199928699046  0.156459052250322   2.08670108465408 -0.0153036327587813 0.803448780201623 -0.129436195515721 0.580932119707049
1461161223.27035 -0.688574752535396  0.157308139875232   2.08064041923083 -0.0183547836704447 0.813789624725806 -0.11886228954352 0.568578318905598
1461161223.37035 -0.646283109752984  0.151889778272459   2.07763561687137 -0.0105721315200546 0.821020326110998 -0.116525829332527 0.558780444580946
1461161223.45039 -0.611171926599137  0.146988985761632   2.07970533501549 -0.0114487487395014 0.817837971080739 -0.118552649039601 0.56298778727121
1461161223.53218 -0.576959575589738  0.141663541675485   2.08205396909284 -0.00695874280647074 0.815383788982236 -0.12717904517452 0.564735639952026
1461161223.61031 -0.543137675236723  0.137119727349722   2.08126976800679 -0.00373022272165039 0.822499302483577 -0.138363663656314 0.551667000492217
1461161223.69038 -0.509525100353668  0.134444650625716   2.08045623422793 -0.00041384014498147 0.830300748597596 -0.141774300738037 0.538981023102713
1461161223.7904  -0.4696247959561 0.131678374982387  2.07851520047675 -0.000261026895852596 0.842783766666231 -0.148845882290503 0.517262368468848
1461161223.89039 -0.432390637946557  0.130113193148446   2.07463534351362 -0.0147348490526072 0.85613283036319 -0.144517396475236 0.495917516441727
1461161224.01031 -0.392102646069996  0.124594640673516   2.06517004353764 -0.00979612932486356 0.872637974003316 -0.143585128176537 0.466680097223104
1461161224.1322 -0.358097704721322  0.121983089275821   2.04968109701479 -0.00349062065423935 0.888533139749542 -0.148793109259613 0.434001481300612
1461161224.25041 -0.327013933326542  0.124809525862645   2.02773948855857 -0.00561908783734796 0.905981632846917 -0.147293440933707 0.396825338220506
1461161224.37033 -0.296596201915238  0.126209777730178   2.00630828799425 -0.00228646410127877 0.916999842659805 -0.143274329286529 0.37226136948561
1461161224.49026 -0.270511885342558  0.128404642698325   1.98619630756477 -0.00557992020693403 0.930442675419811 -0.122876467522429 0.345176282466392
1461161224.59034 -0.255286189272667  0.126753471178276   1.96745318192208 0.00713877902264927 0.947594422313688 -0.111134622127233 0.299437713721386
1461161224.69033 -0.238405195914416  0.123833424964841   1.94853314442074 0.0160227707776701 0.959936609440839 -0.103690684298718 0.259833059215906
1461161224.77037 -0.224173623098476  0.122370803257352   1.93107428703112 0.0227042508776249 0.968970210291276 -0.0985510792657724 0.22554142266049
1461161224.85027 -0.209917413764259   0.12375445532899   1.91366410782306 0.0187682876322053 0.97762486447317 -0.0914101160498846 0.1885247103881
1461161224.95032 -0.191153063196434  0.127807802014188   1.89265582026899 0.00694876815830557 0.986509064713579 -0.0740274780985937 0.145847565442089
1461161225.05027 -0.175512861645117  0.127323384115804   1.87400563380417 0.0126228157972876 0.992335160157054 -0.0690525402400064 0.101702217890391
1461161225.1303 -0.165718294906682  0.129406067849659   1.85912998828671 0.0151966808195426 0.996095388921981 -0.0575120567799078 0.0652334299679347
1461161225.23031 -0.155746688235975  0.132734787105463   1.83950887426896 0.00918883832389678 0.998952001693392 -0.0375585725847199 0.0244911655178261
1461161225.3503 -0.1493046607433 0.13463831099381 1.81602434372589 0.00661016997194462 0.999471990812467 -0.0252700020389981 -0.0193254296525093
1461161225.4709 -0.145867340890557  0.133901311583611   1.79228926178012 0.00847302002306172 0.997951891363047 -0.0296775063300358 -0.0560310277849366
1461161225.59051 -0.143494854625321  0.136620171190904   1.76941728708856 0.013817313704809 0.99575271359852 -0.0265473651464972 -0.0870680917842181
1461161225.73196  -0.1380354183784 0.136687706514698  1.74337015690886 0.0186987072541965 0.993904781802899 -0.0257170186884025 -0.105556989376039
1461161225.87019 -0.133940410496306  0.139820789790772   1.71901123503308 0.0245882792185901 0.991948498513352 -0.00870492325754276 -0.123926660300578
1461161226.01016  -0.1333270567798 0.142997658256944   1.6941785748908 0.0256050677541659 0.98822612736381 0.00851036697229896 -0.150602374997302
1461161226.13211 -0.134046369361293  0.145558987069024   1.67238686266395 0.0299413197494975 0.983818738788943 0.0177761879085107 -0.175750430220905
1461161226.25026 -0.135953605860773  0.150842107206098   1.65032276252384 0.0327161879880649 0.978835083480456 0.0362589481332381 -0.198738066488556
1461161226.33196 -0.139426769304407  0.153622924622299   1.63650821216738 0.0323432418429356 0.97390471885301 0.0459739161789663 -0.21988613492919
1461161226.43205 -0.144485420163117  0.156554958426779   1.61971676235466 0.0331140343837238 0.966718885744192 0.0559136466668751 -0.247450441076093
1461161226.55024 -0.149797453702993  0.161267724747197   1.59989532445728 0.0364780690913694 0.960125245454058 0.0716288300569096 -0.267765147511451
1461161226.65021 -0.157034447830576  0.165482965729591    1.5856737256636 0.0420384296668621 0.952782700938304 0.0807108226965326 -0.289695803082308
1461161226.73198 -0.162424639848062   0.17224974102465   1.57456488346433 0.0459424906973326 0.947835729494041 0.100455390775095 -0.299007411124285
1461161226.85007 -0.172143056973797  0.181786567025732   1.55801573446768 0.0486024495764962 0.940741133936933 0.118924611816872 -0.313848462666975
1461161226.97014 -0.182856264082257  0.191057043449402   1.54096652378563 0.0566404318542485 0.932618160662357 0.136306514955793 -0.329295857645877
1461161227.09019 -0.195579151363522  0.196082569378155   1.52462134546919 0.070791300006769 0.922511033909334 0.145726601861534 -0.350322339665591
1461161227.23234 -0.210289673983251  0.199749647850669    1.5051630100989 0.0924194059771569 0.909806436144561 0.154057453159605 -0.374135274031651
1461161227.3902 -0.22697606985048 0.201266621591972  1.48764404486864 0.116881286677166 0.896366756279061 0.151084471540049 -0.400048603949455
1461161227.57018 -0.244474746669109  0.209428265468849   1.47126135338583 0.144883987149956 0.880705477923241 0.163244890890911 -0.420377921662808
1461161227.81023 -0.260489264761066  0.220541338808729   1.44911104462374 0.171187548908404 0.862021544417947 0.183598439009684 -0.440346787488268
1461161227.99011 -0.275688809495402  0.232271545785633   1.42896524680886 0.178143919327701 0.848973238234232 0.202675887420337 -0.454347520546801
1461161228.15015 -0.290180669138992  0.242406688239448   1.40124349791113 0.176571027927112 0.849029621449581 0.214658926853486 -0.449324959378014
1461161228.29017 -0.305290671524092  0.248429118931296   1.37090145056315 0.169311164806836 0.848804013555259 0.221007577377056 -0.449467603711503
1461161228.41015 -0.316899324349385  0.249659073548992   1.34446377742628 0.168932762849444 0.852609841555493 0.222118167628052 -0.441793729390004
1461161228.53007 -0.329316006569842  0.244040973735892    1.3143577923788 0.169039120660749 0.857556477902657 0.211583945573549 -0.437326990784882
1461161228.61008 -0.335490427416301  0.234819735307128   1.29011291910234 0.157083693528035 0.870572267577384 0.202644208385602 -0.419957098952424
1461161228.69025 -0.344399041379118  0.222982575074881   1.26611444458159 0.144730367232211 0.88010716831222 0.184118637540308 -0.41299493991643
1461161228.77015 -0.353137189602968  0.212396149081405   1.23814230595727 0.138647650919697 0.894291252462993 0.163186223315826 -0.392925236123284
1461161228.87005 -0.366907216673481  0.202614798209058   1.20326447075078 0.128526023719087 0.906525095420552 0.141367177653977 -0.376442072146391
1461161228.96998 -0.384304657445789  0.198711506772574   1.16578031889897 0.118853382333258 0.916599916893309 0.126784455350616 -0.360061338858494
1461161229.07007 -0.401380616751075  0.193972039660444   1.12358540619378 0.113347460451446 0.930781109541857 0.1142941077152 -0.328231223790217
1461161229.16998 -0.414788069447394  0.184388544155623   1.08114932354805 0.101306407209545 0.943403687925471 0.105239759221582 -0.297743323259981
1461161229.27002 -0.424478993348943  0.171632772826571   1.04007013887288 0.0940592515986974 0.95619784112455 0.0908387951270589 -0.261890929811072
1461161229.37056 -0.430054649296689  0.153605241388574  0.999400864524832 0.0872583937522293 0.968580976198037 0.0748434074418593 -0.220534191520343
1461161229.47014 -0.435848787274278  0.135978838501287    0.9595200030479 0.0869705633685694 0.977090768883492 0.0627973421532162 -0.183810348698087
1461161229.59012 -0.446774477540434  0.126783829529565  0.908747874994992 0.0869148395808732 0.982575486951008 0.06214950958126 -0.152081101924036
1461161229.71 -0.45481854714975 0.127559844379704 0.854265846451166 0.0801409257410802 0.988234328432959 0.0707393574689705 -0.109390527162543
1461161229.84999 -0.46603790524159  0.12745255231287 0.788142434674287 0.0551692315531744 0.992936609438456 0.0727542659504146 -0.0757631989339874
1461161229.99 -0.480800912820723  0.120002351295966  0.726907218349826 0.0482177112650776 0.995425332184508 0.0579632112903109 -0.0586832727668953
1461161230.13018 -0.492779200126162  0.112951271402714  0.667261123231775 0.0535892383829299 0.996242320207486 0.0584125577855262 -0.0348913463497069
1461161230.26995 -0.503893839523519  0.106643760868744  0.609281699313861 0.0651392232950607 0.995631043013478 0.0667193969672831 -0.00492238201820808
1461161230.39002 -0.514410675646254  0.102136150468584  0.558009622623015 0.0712070747525336 0.995023086610082 0.0642492956211358 0.0270303094751243
1461161230.51019 -0.525177403542481 0.0903346214721597  0.510365782513488 0.0630213938035873 0.994016277993535 0.0563260719331596 0.0691904373993526
1461161230.60992  -0.53793592430654 0.0720283983828801  0.475470303586962 0.0729902704810347 0.992056523994081 0.0326640836905231 0.097104743718033
1461161230.71053 -0.549384408319208 0.0461416401612467  0.447917143467879 0.0771452305671922 0.987136282440423 0.0170257724439387 0.138998907776728
1461161230.87001  -0.579980211845086 0.00113079163481619   0.402420503191691 0.0827381918457641 0.98337257788251 -0.00724801184585604 0.161493749114581
1461161230.98993  -0.610126153619217 -0.0314488520865438   0.370006257856761 0.087483354675945 0.978664113886551 -0.0309798923182879 0.183312468526397
1461161231.10997  -0.648489560111074 -0.0550103121020043   0.336310521693313 0.096878555560847 0.97339225510508 -0.0573294754473804 0.199588061814378
1461161231.20993   -0.69062444083575 -0.0737187476213484   0.308575554574026 0.105383176293948 0.97079476158643 -0.0844484481929729 0.198293662602575
1461161231.32991 -0.746376076007502 -0.097188066092071  0.278022432906231 0.104213720403033 0.969826124031356 -0.109287943131257 0.191397322635963
1461161231.45038 -0.800641509988437 -0.119420739371267  0.248429466019314 0.115016230182764 0.966321220359189 -0.119767541906006 0.196596800034654
1461161231.54992 -0.852971182960473 -0.141419197796567  0.226183638496142 0.120388989179215 0.966558037416859 -0.127890487264647 0.186858435336722
1461161231.64999 -0.911707603146686 -0.155223333439423  0.207267712881109 0.129375838960044 0.96647673251316 -0.139078558808846 0.172747712817635
1461161231.73072 -0.962381647383714 -0.168269348568148  0.196706431713691 0.132171817715522 0.964276652703395 -0.1570570553915 0.167434252781988
1461161231.81064  -1.01756996864162 -0.178449648436987  0.189160099227812 0.12610045903506 0.963841461101856 -0.171845917407813 0.159929024140256
1461161231.88993  -1.07831301630245 -0.187664909735592  0.183915495661408 0.13492813067953 0.963900103571769 -0.180329960529175 0.142028501439698
1461161231.95036  -1.12698617334515 -0.198856435667349  0.179554651223816 0.142463124706498 0.96335252276499 -0.193689420764938 0.118914184456411
1461161232.02991  -1.18026284777281 -0.211234202233085  0.173241252400286 0.138957601094166 0.962207185187088 -0.19901877525162 0.12344895694108
1461161232.10995 -1.23387714809901 -0.22575842664364  0.16672563887896 0.132350526648314 0.963084121609139 -0.204572719742657 0.114465344700301
1461161232.18996   -1.2858398549298 -0.237276876103832  0.161203589675368 0.137446950689149 0.963111574196099 -0.206370458294411 0.104573731592224
1461161232.26999  -1.33549942056255 -0.242811446939455  0.156068433677665 0.127774937033992 0.963699800028362 -0.212177741045256 0.0996838356815554
1461161232.35004  -1.3854796896374 -0.24060516713565 0.150426971088731 0.124119374504508 0.964078965443738 -0.216725159062233 0.0904230871569356
1461161232.40988  -1.42323563097085 -0.235198156247271  0.146320752550942 0.119279684707517 0.964838242255767 -0.220353225716098 0.0793976008037234
1461161232.46986  -1.46123867624289 -0.226452971253486  0.142497334537166 0.115718253971516 0.965818876049045 -0.222154858323229 0.066711343027473
1461161232.54986  -1.51155904667141 -0.211974942709112  0.137104195493494 0.123723548342628 0.965649855997971 -0.222599618015989 0.0515969888243769
1461161232.63148  -1.55844320941322 -0.195333761866045  0.131051593582768 0.130464219527226 0.969135056717018 -0.206832160226493 0.0312535879747495
1461161232.73237 -1.60678553088247 -0.17837752840086 0.129029708824151 0.124694338789551 0.970554170397861 -0.204684703952804 0.0240851855901144
1461161232.83381  -1.64999375054649 -0.155031209823554  0.129386785468228 0.120185703709256 0.973851830788904 -0.192157969668742 0.0155988136022627
1461161232.93193  -1.68827038461576 -0.128773865810241  0.134841088106452 0.111174672447964 0.976981551965561 -0.182034820864947 0.00325012580043372
1461161233.04984   -1.72164971931905 -0.0913244632559478   0.148914257298026 0.101472355089668 0.980672430928368 -0.167034757242937 0.00918336770442169
1461161233.14979   -1.74031370647008 -0.0555223211864421   0.165510392303313 0.0808533942610688 0.985508531759532 -0.148959827827241 0.00682877436401255
1461161233.23244   -1.74559946210435 -0.0236526772509352   0.181547720623221 0.0748100323751163 0.989849378033015 -0.118154880675496 0.0253197953437194
1461161233.33167  -1.74564215081927 0.0140042562836116  0.206876925553911 0.0560020665944786 0.993283729628434 -0.0908001326085648 0.0447943848137651
1461161233.40986 -1.73958876479454 0.042002397338319 0.231890806404202 0.0408203394914551 0.994258934293789 -0.0719345141819095 0.0678844395291998
1461161233.50993 -1.72870832058032 0.074734035492951 0.267138312366242 0.0326749303811012 0.994285919952289 -0.0529935209602224 0.086715310329031
1461161233.63192  -1.7112441226391 0.109577914036761 0.315143164028389 0.0267038030456887 0.994604914324014 -0.0309288825551966 0.0953487049167726
1461161233.73199 -1.68211928906232 0.133247725040872  0.36403910739478 0.00502418616616353 0.992059907369878 -0.0193295622779887 0.124170309513901
1461161233.82983 -1.64606153896898 0.147956897303234 0.419091814491102 -0.0171081875461977 0.988344318000594 -0.0119314615644491 0.150799400594832
1461161233.90977 -1.61047832145688 0.153377204782814 0.465846038841818 -0.00887426100536635 0.98290209818501 -0.0046919576165782 0.183855101666605
1461161233.98985  -1.5715016228097 0.154197850771219 0.513334731863942 0.00373415661060729 0.975993869466549 -0.000176249371291878 0.217765910496294
1461161234.07039 -1.52789630736955 0.151076719086207 0.559308500790224 0.0158535543512335 0.966337250294009 -0.00815489468322511 0.256660244684199
1461161234.12991 -1.49054363550797 0.149449511000916 0.592275975830864 0.0134966895406665 0.954827575899443 -0.00657167874029955 0.296780984417754
1461161234.18985 -1.45251351334515 0.147230948236774 0.623524248094506 0.0214754760613496 0.939488071974232 0.000424212222654439 0.341907570243872
1461161234.26968 -1.40255018650019 0.145629111282658 0.660755372290459 0.00732427529620295 0.924545230048762 -0.00303672678519667 0.380989830410078
1461161234.33161 -1.36361397080392 0.143899054957991 0.688261132210704 0.00469798636662637 0.909635119671029 -0.00153848595742452 0.415378756132438
1461161234.40983  -1.3113419683284 0.140512830951765 0.718718414251641 -0.00438041850422347 0.896346549123076 -0.00920696003768366 0.443236852817707
1461161234.50969 -1.24789246927877 0.132795006715397 0.753042908523473 0.0147160670999695 0.881384617552757 -0.00714918456073402 0.472115962948306
1461161234.60973 -1.18570917246772 0.120084035310366 0.780847076558076 0.0354143821818834 0.868679402008718 -0.0109729688325868 0.493985335830378
1461161234.73154  -1.11353943742127 0.0989632447561683  0.806004576320375 0.061357367520533 0.852256466307158 -0.0285791448902024 0.518726731107941
1461161234.86977  -1.02946850810505 0.0893738849396655  0.821771810754389 0.0477930019971516 0.840883597091213 -0.0190642326695119 0.538764475569581
1461161235.02974 -0.927461844478577 0.0951166636553375   0.82064636988691 0.0382096857697498 0.839951059471875 0.00495368601683197 0.541292618276195
1461161235.18991 -0.834513026345091 0.0905111746796624  0.803788108762131 0.044792654894498 0.854440428249104 -0.013354362573019 0.51744258970562
1461161235.30965  -0.77150460238977 0.0846695190633258  0.783183955337697 0.0399874633690846 0.874340185932782 -0.0205655175003543 0.483225932174875
1461161235.44961 -0.698310749985197 0.0800444631438716  0.757848491863578 0.0253632313267238 0.883367600791372 -0.0141242107062129 0.467780819445056
1461161235.58968 -0.624178303456871    0.0842730631746  0.724291588192141 0.0119163630901071 0.893086710648661 -0.0053901799229276 0.449694422373525
1461161235.68963 -0.570331012793746 0.0876999916317917  0.694532328082901 0.0306636641351067 0.902824450310471 0.00106720354123037 0.42891329275275
1461161235.78971 -0.517731616471452 0.0861062804286698  0.662639676768481 0.0423117285754366 0.915007299434491 -0.00451896770376886 0.401186912221038
1461161235.90962 -0.454407404475135 0.0801406211357336  0.628805011176847 0.0431677937009217 0.922869735969556 -0.00855108553011329 0.382589690078985
1461161236.0496 -0.383710341601283  0.067339512054364  0.592384281932678 0.0403111846066232 0.925417766506777 -0.000930232144735597 0.376797160946544
1461161236.16961  -0.32298717477003 0.0598051744652414  0.554953744195238 0.042835032296362 0.928955923254931 -0.00855044510900619 0.367604328791414
1461161236.26962 -0.272185514345293 0.0595478287124905  0.517516806745328 0.0428274920701367 0.937185325798006 -0.0162080873970615 0.345813199480294
1461161236.36961 -0.223491977893544   0.05945557947697  0.478215995498561 0.0288665106560269 0.944073421750502 -0.0283413558883461 0.327244352821028
1461161236.46958 -0.179272673082569 0.0558306885382776  0.438363771138839 0.0102783296281908 0.951286591287848 -0.0379614782256743 0.305789312022058
1461161236.55 -0.147732101005902 0.0537113879740498  0.405162071123352 0.0143786558839006 0.959691930107017 -0.0235049439102418 0.279700145073645
1461161236.6898 -0.0917054446275789  0.0477549294798737   0.352088192112743 0.0128937558664004 0.961558566226342 -0.00982895961894827 0.274120897286597
1461161236.80971 -0.0484211107200218  0.0492623694357772   0.302404565810193 0.0079723513783856 0.964737544672789 -0.00562326367491292 0.263032869462849
1461161236.90968 -0.0138103877561428   0.052269483077038   0.258471853944344 0.0164614796049784 0.968961198229429 -0.00653348229364156 0.246577634071145
1461161237.03156 0.0244403694338536  0.052794190676452  0.212707218494403 0.00335231664429724 0.971104408728878 -0.00670903621834039 0.238537163044826
1461161237.16963 0.0665709097017256  0.039396969862105  0.169882860263462 0.0150636443207996 0.969428746206414 -0.0171162129237949 0.244311333964645
1461161237.28971  0.104728126384202 0.0343567190674358  0.136918208380406 0.0185897279413454 0.968869058798314 -0.00763193987558243 0.24675680823854
1461161237.40975  0.140487967253635 0.0359653293946403 0.0996136417863687 0.0215997563670558 0.972983863397756 -0.0106817925481337 0.229612176071782
1461161237.50993  0.173615220302766 0.0401166690450499 0.0707881806979313 0.00368853028540855 0.971556222600829 -0.0246016182114354 0.235498750424118
1461161237.60974  0.205767076739093 0.0457807384618443 0.0434877243539897 -0.0110827141162916 0.968704876588974 -0.0278096830222656 0.246403443666598
1461161237.68965  0.223126134768822 0.0527511630678546 0.0213463260562327 -0.0202275766486147 0.973271924959538 0.00184667585516458 0.228755754062638
1461161237.80977    0.251268490328461   0.0531891924959764 -0.00709394104738914 -0.0202020300378598 0.970899449733214 0.0163482685994879 0.238073246300149
1461161237.93152   0.276060917459462  0.0497243804594089 -0.0323735520074869 -0.0281679972066097 0.967538476038262 0.00549279478323563 0.251089009166858
1461161238.0313   0.29561576968634 0.0483266512035233 -0.052734218042464 -0.0278017290052525 0.963082868668413 0.00047136875977303 0.267765251205664
1461161238.13172   0.317653422636305  0.0439952642110401 -0.0670949920726893 -0.0341284895770541 0.955736071133185 -0.0144439839161834 0.291882133510638
1461161238.28956    0.35683634815547  0.0342711204798684 -0.0706533794778265 -0.0171208157964028 0.927728675690492 -0.0366196542944992 0.37105981039097
1461161238.34956    0.37331784800311  0.0316553257661876 -0.0655001689041113 -0.0174076197249122 0.908501697633815 -0.0369151269424336 0.415883293214351
1461161238.40971   0.387740846177831   0.027528271279132 -0.0601776256636135 -0.0084376694815215 0.890017369500311 -0.0404548571633237 0.454049878596354
1461161238.47027   0.400632785577296  0.0248897799733778 -0.0554974793866539 -0.00422427512243677 0.869088380368291 -0.0341682922410372 0.493457263006475
1461161238.54983   0.414446680446106  0.0230568716080554 -0.0520751277905825 0.000743265218854776 0.842826534680457 -0.0295454628368283 0.537373190270136
1461161238.65001   0.427127487235255  0.0252240086226624 -0.0538453194108061 -0.00693102578595704 0.816552189011652 -0.0304021366864252 0.576428827858855
1461161238.88961   0.445369363636367  0.0434667459962847 -0.0665679871040196 -0.0346153473843019 0.756135867262743 -0.0501290738416112 0.651573022707406
1461161238.98955   0.449510497123472  0.0554447889172831 -0.0686565345543412 -0.0445406992702184 0.715641876707829 -0.032908483490773 0.696268527311809
1461161239.0896   0.452368637348211  0.0672935342886829 -0.0735192508705934 -0.0478395297437824 0.682475071606069 -0.0104729439413826 0.729266394039507
1461161239.3313   0.454876329696226  0.0875314736689939 -0.0874749689455722 -0.0683625407114052 0.622561394567216 0.0208414264388266 0.779300653128174
1461161239.44971   0.453438641767377  0.0953416879322106 -0.0918862473428281 -0.0668584751655084 0.584171293971305 0.0202729419842275 0.808617864891531
1461161239.56936   0.451182138655548   0.104380227266051 -0.0973476792098477 -0.0640317985341481 0.546837689643933 0.0150330398307943 0.834651111348217
