1461243977.9464    1.341975946139e-05 -4.73146916361102e-06 -1.94661426780469e-06 4.71716920999933e-06 -2.26427434138334e-05 2.18589376893393e-06 0.999999999730138
1461243978.10644 -0.0415856414653704 -0.0226062719437965 -0.0338532928425911 -0.00775642404144422 -0.0421362969571738 -0.0165134086473605 0.998945282635476
1461243978.26646 -0.0675409312814582 -0.0474116883441866 -0.0730614310126563 0.0303522779501176 -0.0581982711560495 -0.00856944253664172 0.997806727333654
1461243978.4863  -0.099331179956866 -0.0648905002999393  -0.130862914222489 0.0324403456534181 -0.0819846468804695 0.0173751434764579 0.995953937709443
1461243978.64638   -0.12810900067333 -0.0871112090197523  -0.169177175613118 0.0476424153710602 -0.114044018089514 0.00462155992633748 0.992321925273979
1461243978.8263 -0.162549928724211 -0.120612144036373  -0.20405374242234 0.076906685871333 -0.131374535083637 0.0163096441074959 0.988210548774366
1461243978.98637 -0.199346147591039 -0.152110578450478 -0.229681073409013 0.110853162917411 -0.151803795616306 0.00250382140864775 0.982171530225776
1461243979.14633 -0.247170941101977  -0.18029755729346 -0.252228878765097 0.12623241484953 -0.174448693060666 -0.0269833798382764 0.976168493725947
1461243979.32631 -0.308639341318394 -0.213616652747917 -0.277195216377214 0.117348121651789 -0.188171718609064 -0.043766478569633 0.974117712606706
1461243979.5084 -0.376716206817772 -0.249982195007438  -0.30252856570056 0.108065247811772 -0.189757080538673 -0.0554890505722287 0.974286979214755
1461243979.64731 -0.431134450919846 -0.281370191090606 -0.327006626156908 0.10068144490479 -0.211395704365983 -0.0649982382345671 0.970025943907634
1461243979.84635 -0.482357461747808 -0.324174277063281 -0.363733491666298 0.106761846591121 -0.22580620496955 -0.055897659055547 0.966689669760577
1461243980.10861 -0.530565525120049 -0.360361743232905 -0.425671019087088 0.112574132621664 -0.244643576953484 -0.0586778033358161 0.96126661250434
1461243980.36623 -0.572307812228244 -0.388225165562193 -0.514109457694674 0.112821909166172 -0.251100545567795 -0.0693420722260363 0.958859431745371
1461243980.50845 -0.601571563883805 -0.415979818874434 -0.576535755386783 0.126413897165145 -0.273712999787606 -0.0622168955097411 0.951435640631525
1461243980.64629 -0.631311452106063 -0.444174787842955  -0.63874582240574 0.130619991712907 -0.306360250562644 -0.0709018349521431 0.940241854227163
1461243980.80845 -0.660890590173041 -0.474015304443286 -0.702501240451373 0.141192069350738 -0.33974580436436 -0.0730501816361298 0.926985037059498
1461243980.96649 -0.696233473218971 -0.485917778916794 -0.760764704415803 0.120884627455548 -0.369080024988662 -0.0896627740880056 0.917129995661545
1461243981.10618 -0.735483231242542 -0.485993904408764 -0.808035638791298 0.0754052079914861 -0.37653379098861 -0.0730853676673583 0.920431902904519
1461243981.26639 -0.789904778491445 -0.498143761973061 -0.872348562836112 0.0457495758567419 -0.380180886269269 -0.0734421475787083 0.920855971899769
1461243981.42616 -0.834161561336732 -0.529270268751753 -0.943644392705851 0.0295143613974308 -0.389815284027395 -0.0528776332020098 0.918899832798383
1461243981.58697 -0.865063855001747 -0.566726809048177  -1.02095493829729 0.0527598202090399 -0.398848216442003 -0.0445744428253352 0.914412172195533
1461243981.70844 -0.883642208952855 -0.588790702293238  -1.08340497704837 0.0816778552414986 -0.416379357898874 -0.0451022800521639 0.904390812985717
1461243981.86623 -0.900574298198506  -0.60585409186428  -1.16702293969522 0.104860309933533 -0.436648273298132 -0.0428918024375192 0.892470108244564
1461243982.0861 -0.906670851148649 -0.620546837981944  -1.27308950627054 0.0886216688858458 -0.432101274745712 0.0118666727913924 0.8973816747872
1461243982.26698 -0.913181421510249   -0.6339864475256  -1.36166170301055 0.0949601716479245 -0.456719713589907 0.00416323728554278 0.884518138013153
1461243982.42617  -0.92814559991449 -0.654324421802514  -1.44702787555067 0.123688189705262 -0.470602559630463 0.00369214401549699 0.873625108767634
1461243982.5661 -0.946727008960853 -0.675192067980749  -1.53891513352342 0.14998593697373 -0.488709608344998 -0.00115197260468295 0.859456694883756
1461243982.70638 -0.970598984623657 -0.696490142594107  -1.63940996669956 0.159793640463952 -0.503749986985433 0.00707965998689072 0.848912140032126
1461243982.88626 -0.995013606954051 -0.725873380652564   -1.7504165580911 0.153904317526539 -0.509904775140999 0.041014132101482 0.845356979212368
1461243983.04615  -1.02220020042638 -0.758211078782499   -1.8351348986465 0.166717475968811 -0.523449937662158 0.038988618588517 0.834676783904183
1461243983.24672  -1.07972431044299 -0.791940763691689  -1.91494187188391 0.170151580972232 -0.521662665215909 0.042851486892216 0.834913320820557
1461243983.40826  -1.14028267170539 -0.818871800456348  -1.96667124803956 0.152253192628309 -0.503305638832906 0.0470852144233858 0.849285218190092
1461243983.5461  -1.19012489437107 -0.857929163654535  -1.99475771551498 0.120730956266389 -0.486386256194958 0.0878742112699048 0.860889405775996
1461243983.70597  -1.23333200524712 -0.911988957559688  -1.99613664348266 0.123432046941837 -0.451896997797214 0.0959583632824221 0.878262845443078
1461243983.84716  -1.27021484134692 -0.942171437864316  -1.97344972151156 0.101060654475395 -0.416984172954201 0.101606708603044 0.897544996303563
1461243983.98609 -1.31997535763696 -0.95624281489725 -1.94608836717562 0.0789034296544272 -0.381415511148595 0.0869219298650662 0.916919317471585
1461243984.10645  -1.36813150841869 -0.964307858149981  -1.91497287967755 0.0539820486204381 -0.3441998419017 0.0763223407567285 0.934230864167418
1461243984.22685  -1.41143480580985 -0.978330476536625  -1.87706456576802 0.0468688791497623 -0.298132909333026 0.0841700549482911 0.949650187379475
1461243984.34607   -1.4433351004318 -0.990747163976221  -1.83131205021664 0.0350247680895097 -0.250771874672468 0.0843662995343691 0.963726652114804
1461243984.46612  -1.46650598436605 -0.998147069507741  -1.77643770188086 0.0105780167971611 -0.210376802365812 0.078195910928816 0.974430657410258
1461243984.6265   -1.4999326476565 -0.999691424319167  -1.69162083488756 -0.00782784235296114 -0.181294226156412 0.0606101174062799 0.981528166745327
1461243984.72649  -1.51538985324226 -0.990521984941897  -1.62811457862989 -0.0192774972307059 -0.154988694718549 0.0592873672453945 0.985947204821369
1461243984.84602  -1.53334854718079 -0.975529250384351  -1.54019023236921 -0.0361956685035394 -0.141003827245583 0.0591231993834129 0.987578979919251
1461243984.98604  -1.54302679909679 -0.966635403149868  -1.43823765348764 -0.0480089617949795 -0.128707874620936 0.0563642414078002 0.988914806688854
1461243985.12718  -1.54689074213081 -0.965112395293822  -1.34087040336824 -0.0716489242316291 -0.127787667523832 0.0473727728703064 0.988075181388465
1461243985.26588  -1.55230468725568 -0.956187790839828  -1.23636436819636 -0.0959964125863102 -0.116762965064946 0.0532640222842208 0.987073473805221
1461243985.38594   -1.556327428826 -0.94656604370402 -1.14333791753045 -0.0977045114349314 -0.0915848663796729 0.0455456621891361 0.989945267856376
1461243985.5063  -1.55968474780962 -0.939514062406311   -1.0463836481754 -0.0937805855694148 -0.0606123306965506 0.0348101128881387 0.993136246029972
1461243985.64592  -1.56338646141429 -0.936762394029704 -0.933131482467227 -0.0911100522775187 -0.0387272726615372 0.0360652148009581 0.994433736861108
1461243985.76598  -1.56388872225078  -0.93128798901825 -0.839642209693511 -0.112714554807386 -0.0330819857241372 0.0295063804055063 0.992638093602339
1461243985.90579  -1.56837703184396 -0.918833855461229  -0.73153700675153 -0.124226045844613 -0.0361100102464921 0.0228245025000557 0.991333949171234
1461243986.02608  -1.56958692535785 -0.899042907328064 -0.632977025999417 -0.12242825079611 -0.0254324587167814 0.0266910373980933 0.991792368378199
1461243986.14598  -1.56965823359553 -0.880146018046108 -0.531629222930294 -0.116539915532182 -0.0261788400304836 0.0367287400296335 0.992161335710199
1461243986.26621  -1.56536661433726 -0.870144086595365 -0.432710946335855 -0.112502735938018 -0.0298749374000856 0.0418637837097318 0.992319528244459
1461243986.38593   -1.5637468084208 -0.871251593221711 -0.341194685100996 -0.110784164655461 -0.043111195313861 0.0312135484476234 0.992418262676332
1461243986.50813  -1.56986679359866 -0.872987241783681 -0.251851399061963 -0.110257093546299 -0.0612463495366839 0.0253800047929658 0.991689524673858
1461243986.60797  -1.57992480040563 -0.871322959779198 -0.176292815929246 -0.0987110692472161 -0.0700172383291131 0.0189020333435929 0.992469860640772
1461243986.68581  -1.59076662635384  -0.86667538199704 -0.114457424099986 -0.0840827580311086 -0.0716455629120596 0.0222594419333917 0.993630474754931
1461243986.76601   -1.60279616377374  -0.860983629454269 -0.0528329465127787 -0.0705710899511622 -0.0710877505659562 0.0161657815153461 0.994839143022919
1461243986.82675     -1.6106834930553   -0.859729917103162 -0.00741852612797549 -0.0607977365025654 -0.0626862276241595 0.00359564013889346 0.996173249728384
1461243986.88609  -1.61849173340388 -0.858882631420686 0.0382153813116262 -0.0563204031542766 -0.056997998730044 0.00125373832716678 0.996783661819111
1461243986.96579  -1.62970231625892 -0.862376921502004 0.0964867095947007 -0.055723730559518 -0.0631533187955891 0.00640841621038225 0.99642634267632
1461243987.06584  -1.64158464083949 -0.870887517596313  0.164492146926036 -0.066589253882143 -0.0695953039134606 0.00125773762255955 0.995349578307383
1461243987.16583  -1.65497280370569 -0.882676985114017  0.228734951468711 -0.0606202031194411 -0.0674816977135033 -0.000989088869421072 0.995876715839199
1461243987.24582  -1.67152027573649 -0.886622127925837  0.279014817138863 -0.0569214499597776 -0.0693664076344902 0.00456410801213734 0.995955530605868
1461243987.32572  -1.69313449047803 -0.886344786224055  0.331043281982004 -0.0619182364378479 -0.0720896963734498 -0.00182713832627059 0.995472686334862
1461243987.38627  -1.70984810237568 -0.884481721624142  0.371139510616973 -0.0660498502886654 -0.0717883887016973 -0.00322197803049171 0.995225332968384
1461243987.44634  -1.72624388851031 -0.881300626992164  0.412943538919445 -0.0730705583755933 -0.0685790717039486 0.00352106860688196 0.994959901955234
1461243987.50584  -1.74001611806094 -0.880683382572014  0.455814278687959 -0.0749335847714412 -0.0595968441792628 0.0129130911663603 0.995322272489521
1461243987.56596  -1.74954311305695 -0.884054105385382  0.498778254836205 -0.070911377633951 -0.0426385936818584 0.021988006162023 0.99632828647786
1461243987.62612  -1.75716165925225 -0.889801792754148   0.53893198834887 -0.0614717615467735 -0.0354293240250903 0.0265998599768279 0.997125083919101
1461243987.70786  -1.76554864823713 -0.895071029715647  0.585752866832183 -0.0686740735742021 -0.0306029028322887 0.02415033249266 0.99687717167034
1461243987.78651   -1.7752966997356 -0.901603696905207   0.62638786179037 -0.0770400392054751 -0.0309162224636229 0.0171954821138126 0.996400188148654
1461243987.8858  -1.78857313672216 -0.903963178671306  0.671365924705893 -0.0874256350860456 -0.025330379218266 0.025124085864252 0.99553197363417
1461243988.00784  -1.80938129487576 -0.901454383626663  0.721982011913873 -0.102331228617001 -0.0264490672813116 0.0274983073463683 0.994018415112501
1461243988.10778  -1.82429467066215 -0.890676948181279   0.76499367819419 -0.119751584033421 -0.00635212603126587 0.0341605491462871 0.992195679036345
1461243988.18616  -1.83474747036946 -0.877191723436205  0.800083725373021 -0.141751003123685 0.0164586324356806 0.0348672975216308 0.989151170496863
1461243988.26569  -1.84210375501982 -0.862709451243682  0.836281927547117 -0.168386959135496 0.0434295963158131 0.0229387748208252 0.984496579357524
1461243988.34572  -1.84705434360204 -0.848773288591655  0.874736982649376 -0.199780014783859 0.0715022700303764 0.0103264769344693 0.977173850933183
1461243988.42834  -1.84865500761694 -0.841576266555176  0.916580934299636 -0.202153894261708 0.109817916197842 0.00799019912697556 0.973144380364343
1461243988.50858  -1.84712791688621 -0.834062169221162  0.955546504473753 -0.208669912479133 0.152920913947942 0.0208285744418388 0.965731967054005
1461243988.58583  -1.84184193424142 -0.827637004318691  0.989401540076999 -0.224593642878957 0.181444448366539 0.0205909880072076 0.957189437336314
1461243988.70647  -1.83022810632082 -0.816944527932147   1.03324334760389 -0.240143810116503 0.204492169049462 0.0186612315605822 0.948770605413562
1461243988.82594  -1.81719340236778 -0.797897561298148   1.06645947996697 -0.272990677285906 0.226941317431666 0.0193673089885542 0.934664985917363
1461243988.94573  -1.80206766737532 -0.777197913935501   1.10076350000633 -0.291512225408895 0.247550092339577 0.0202802776462662 0.923757697969771
1461243989.04591  -1.78322914026441 -0.758924112345822    1.1314861565861 -0.300039645834661 0.273617006831545 0.0120018664842758 0.913764685080821
1461243989.16593   -1.7574969752613 -0.729894950138106   1.17674595260176 -0.31201310478999 0.295011914495391 0.0141564869545452 0.903003536328724
1461243989.26567  -1.73076620637723 -0.706533853372229   1.21941785478686 -0.324139151922084 0.311021434119258 0.0231333518783132 0.893120554987123
1461243989.34577 -1.70369652192697 -0.69251613445859  1.25116854942841 -0.335731881353399 0.335513961738443 0.0286480966645111 0.879712323364282
1461243989.42569  -1.67554111329211 -0.683293406935996   1.28361479974586 -0.34166976095208 0.350750861841476 0.0356233909096187 0.871186880863406
1461243989.52571   -1.6453697897062 -0.677296668600724   1.32986205029695 -0.338274199560315 0.358190103987429 0.0401792223155819 0.86928478958936
1461243989.64569  -1.61795392597692 -0.667363747460082   1.38866510166587 -0.339096875049424 0.341451186558294 0.045961575477799 0.875392443484205
1461243989.76573  -1.58903422800397 -0.658751224949865   1.44805755493814 -0.334652755010274 0.346437962395011 0.0402674134938877 0.875423787194602
1461243989.86603  -1.56185077174741 -0.655631014829241   1.50303769845264 -0.320576147634833 0.359397677386208 0.0342398605165872 0.875723629353927
1461243989.96562 -1.53752390684089 -0.65272789257426  1.56475512492989 -0.309965125658223 0.36741129141969 0.0184373273824766 0.876693007142175
1461243990.06568   -1.5147784438708 -0.649927507509896   1.62998587747034 -0.301390102124086 0.361725944448527 0.016186859700599 0.882075015532969
1461243990.1659  -1.48906879629505 -0.649792866033051   1.69324969629051 -0.293461119910606 0.36122472222578 0.0057003063939699 0.885078966906759
1461243990.28566  -1.45539430054156 -0.645857921494378   1.76273105511192 -0.27201690487957 0.368288937618316 0.00596771057594391 0.88900756370134
1461243990.42563  -1.41668498115364 -0.622398702540418   1.83549759580609 -0.267592729347259 0.378582519860685 0.00420009770924445 0.886031470115848
1461243990.5462  -1.38344383635208 -0.600607356132931   1.89623209816741 -0.256765843181347 0.387805253603956 -0.00546924736577756 0.885239218734572
1461243990.6456  -1.35642384067972 -0.585620249198439    1.9512617433632 -0.242898621607999 0.387962994734714 -0.0163804138195195 0.888941312112621
1461243990.7466  -1.32966937912006 -0.573328154523935   2.00719030657761 -0.229583619481085 0.385493134910156 -0.0136294643826645 0.893588631476333
1461243990.84565  -1.30279384346374 -0.562032200995193   2.06161691233194 -0.228046785291717 0.393339245631101 -0.00255851580079708 0.890658383198276
1461243990.94563  -1.28052072675573 -0.554817093962274   2.11984675421746 -0.208689186853213 0.394723475720741 0.00762304133325736 0.894753647797154
1461243991.06557  -1.26320963961504 -0.538472859959691   2.19269941941295 -0.191549474392707 0.380232388506297 0.0315116182343322 0.904289305204329
1461243991.2263  -1.24502851731502 -0.512850987978139    2.2855274812301 -0.174346612036321 0.369000143743479 0.0194448308661524 0.912723425436937
1461243991.36555  -1.22905612927088 -0.494713082215236   2.36848882644996 -0.153646872098463 0.360095935353893 0.0230929323636497 0.91988601060719
1461243991.48571  -1.21117186487125 -0.482869898632194   2.43759296226009 -0.151701435114176 0.368820115494386 0.0527945823187218 0.915516864437133
1461243991.60755  -1.19432183373119 -0.484853900774291   2.50346613131106 -0.13905997750806 0.388845213847017 0.0833000420734162 0.906930441276668
1461243991.70821  -1.18442881459863 -0.488242402956661   2.55834925391834 -0.128074251115775 0.412406161094361 0.0999276605058889 0.896399803189607
1461243991.80784  -1.18322244362127 -0.487650599253362   2.62134365586237 -0.125405686746842 0.403667408712023 0.116042884590657 0.898810372554274
1461243991.92554  -1.18661675507796 -0.482948555278996   2.69523618214512 -0.135591891202279 0.403308847925281 0.123259504133735 0.896528809836069
1461243992.04559  -1.19317482351557 -0.479839226626723   2.77136712252606 -0.139247570847732 0.393385428995945 0.139086803359664 0.898060621226581
1461243992.14556  -1.19955588639217 -0.475876665168309   2.83415765990417 -0.156467838294416 0.383437124511825 0.155885348241756 0.896768390014458
1461243992.26547  -1.21070984810227 -0.477643665433895   2.90778366955532 -0.163632978811239 0.372929960861945 0.173849752308685 0.896617954403701
1461243992.38574  -1.22441953122724 -0.482072354781912   2.98044663654029 -0.165138147605864 0.37657161876616 0.188835033641107 0.891776058332416
1461243992.48553  -1.24201053400292 -0.482863703156071   3.04480168610662 -0.168916435295203 0.368456752930879 0.205510174920541 0.890770692777284
1461243992.58567   -1.2605149593687 -0.483157776727618    3.1052759660112 -0.174128331656609 0.376381535438197 0.222410960327133 0.882354593472508
1461243992.68637  -1.27687814326603 -0.485561664909543   3.16411183505771 -0.184020825622412 0.387910098097542 0.217861433248858 0.876469330572357
1461243992.7859 -1.29241376463003  -0.4885335817185  3.22653886684303 -0.189531166356277 0.379394700795866 0.211769918971725 0.880506160913343
1461243992.86567  -1.30470261763899 -0.491250652631051   3.27837346237438 -0.187027058742165 0.353303756149574 0.197175687226927 0.895164277412502
1461243992.92573  -1.31337980285266 -0.491718422555516   3.31763001149339 -0.184709121569565 0.328980051703424 0.178246330486386 0.908781003134611
1461243993.02604  -1.32208037080671 -0.484099439052245   3.37560521409937 -0.184351431212582 0.308742289594962 0.153939672789014 0.920323489631306
1461243993.14691  -1.32702549287418 -0.465767432325579   3.44505220466051 -0.173758443209847 0.283472086406605 0.144051124328124 0.932041229357039
1461243993.26601 -1.32077984685615  -0.4422323347185  3.51174152812711 -0.163973393022655 0.265969284864341 0.143820451966066 0.938982823850184
1461243993.40573  -1.29744303605721 -0.420154828109269   3.58802760997815 -0.151548756288665 0.267896293707424 0.138870607044445 0.941264843061873
1461243993.56587  -1.26792901034949 -0.387629137235064   3.67284496323632 -0.154750228486249 0.262578779495913 0.164745476305239 0.93806379280881
1461243993.72571 -1.24697025585887 -0.36152929608495  3.76233754967285 -0.150654454423122 0.246704212895278 0.155804544879618 0.944544975370177
1461243993.84622  -1.23842722891748 -0.334028829186798   3.83440686613227 -0.176812903975824 0.233562836694132 0.128480862391779 0.947458846759104
1461243993.94541  -1.23025920994088 -0.308934486961785   3.89390724480346 -0.213634604123437 0.234446828398097 0.105144886506145 0.942517635599836
1461243994.06559  -1.20839735185019 -0.293655969459044   3.95937285279102 -0.231639788046705 0.258911658729346 0.114227132249738 0.930730854665138
1461243994.16693  -1.17799162922397 -0.294420429514168   4.00611649636084 -0.231276518632582 0.305128390235416 0.116452439456041 0.916431485025626
1461243994.26536  -1.14929601893393 -0.297907479503477   4.05092191569607 -0.227245009008517 0.343368145086293 0.105066170945203 0.905217721072467
1461243994.38544  -1.12299990037866 -0.293144863072806    4.1050142241153 -0.224585355016804 0.375684836584772 0.0925563497999614 0.894346489893015
1461243994.52536 -1.10108509200323 -0.28126656092176  4.18272088370834 -0.216795236470607 0.35880442749467 0.072794466961143 0.904964183729786
1461243994.64581  -1.07756008142762 -0.272286617178429   4.25517872781797 -0.193791421698523 0.342487456465315 0.0654348623661979 0.916987189565427
1461243994.74563  -1.05900578652969 -0.266311285900395   4.31835675870329 -0.176664906104181 0.314533422731485 0.0654051277847197 0.930365737866288
1461243994.82538  -1.04886821677363 -0.263026802499469   4.36742845207137 -0.173415053536723 0.283544640225624 0.0605663138870606 0.941202091916668
1461243994.94568  -1.03838534068198 -0.256177310580056   4.43435794606266 -0.167570776186866 0.26159143431027 0.062136602025372 0.94848774327999
1461243995.04594  -1.03976715305811 -0.251206880224973   4.49025688779669 -0.151332154836329 0.231818960082902 0.0573539819394371 0.959202308907962
1461243995.1655  -1.04933551114462 -0.240950383375313   4.55971868139645 -0.136868049454551 0.195759739589436 0.0470386878955207 0.96991371947996
1461243995.30534  -1.06124330281617 -0.229764436190533    4.6380946593274 -0.121407210339734 0.167643007795313 0.0392624848398845 0.977555404311726
1461243995.42528  -1.07040862011245 -0.225315397933873    4.6997096797428 -0.109327036816353 0.14011844532609 0.0472340031945751 0.982946269763801
1461243995.58554   -1.0810790191876 -0.223085000504077   4.76783642713037 -0.111328643782434 0.105782610261904 0.0437135456000437 0.987170247916141
1461243995.70761  -1.09712302208688 -0.226915024863305   4.81576144563716 -0.0943353490100992 0.0721140076649303 0.0433566735571889 0.991978130143856
1461243995.82535 -1.11987134530057 -0.22799453414775  4.86357057838679 -0.0862686020935184 0.0326385104161204 0.0407019446197828 0.994904923917263
1461243995.94542  -1.14364623162191 -0.229462644543338   4.91008561230635 -0.0730036795670827 -0.0018073172648762 0.046535456814842 0.996243769181522
1461243996.08532  -1.17039108504278 -0.231387549479012   4.95984381265697 -0.0626658552335076 -0.0371746769411091 0.0557021470568543 0.995785270425022
1461243996.22683  -1.20194488601787 -0.239477388244562   4.99854455672815 -0.0557087481949901 -0.088781235312436 0.0540368153920959 0.993022885040031
1461243996.36555   -1.2349138286086 -0.254458683488175   5.02930797644639 -0.0360046112770879 -0.13519100152247 0.0522340472090198 0.988786460964299
1461243996.48551  -1.26851496888132 -0.268000453104889    5.0527981114683 -0.0152152519372518 -0.173068666447519 0.0469776438280198 0.983671100410565
1461243996.62534  -1.31220190810721 -0.276758042191499   5.07737541897862 -0.00116540828849303 -0.211909617325397 0.0456671866936863 0.976221011845171
1461243996.76541  -1.35606339181499 -0.290830376681682   5.09921604055728 0.0235854155953052 -0.241240684655087 0.0391060258398352 0.969390209864612
1461243996.90746  -1.40486699880423 -0.304257475221586   5.12187053077268 0.0334201372097798 -0.280391632914164 0.0414030979057228 0.958409834102519
1461243997.02523  -1.44727924862209 -0.314495588414091   5.14253314964762 0.0354339090806181 -0.310701373962532 0.0318294956033921 0.949313424278144
1461243997.14553  -1.48647959155294 -0.328584425730365   5.16662604221103 0.0384097294581274 -0.333346906790503 0.0330780982908772 0.941440583270987
1461243997.2452   -1.5198024708312 -0.344830922049831   5.18620906646437 0.0440894307892995 -0.351352925998942 0.0338733807579988 0.934590732652898
1461243997.34692  -1.55342712257175 -0.362388567209104    5.2081514287567 0.0550708639077052 -0.368001812875358 0.0325270416474973 0.927622691200777
1461243997.42553  -1.58222752020246 -0.376608012810188   5.22677867716601 0.0693151381025332 -0.376016474106953 0.0333466845868438 0.923414869631775
1461243997.50589  -1.61286558769544 -0.388291835461694   5.24794159151979 0.0784333423801497 -0.377468960853163 0.0433090763343764 0.921677665077425
1461243997.58539  -1.64636065453521 -0.399216674984212   5.26947282448364 0.0806723558522505 -0.390354474739889 0.0516685513404909 0.915666814869999
1461243997.66537  -1.67754520925903 -0.411316841024676   5.28953539393614 0.0815251227875463 -0.400479131741744 0.0427009543139446 0.911672500350062
1461243997.74556  -1.70644496509434 -0.425439958147139   5.30796684215618 0.0783148978902396 -0.409977933939854 0.0417036796379126 0.907769614800754
1461243997.84516  -1.73941224727957 -0.448855244047641   5.32300464411651 0.0917869688388055 -0.438710121655892 0.0515428914396684 0.892441545340699
1461243997.96537   -1.7828416589353 -0.470257405133461   5.33363195549797 0.106187340793734 -0.477657224363754 0.0522759676222722 0.870537217973721
1461243998.08551  -1.83238095898492 -0.488262175926257   5.33587944958818 0.132110112762938 -0.516796064817512 0.0218846461027197 0.84557069944497
1461243998.24514  -1.88728458404863 -0.517582821806934   5.33915555098183 0.153319007136045 -0.54613457144109 0.0442600642195281 0.822357196504632
1461243998.4252  -1.93487829490551 -0.542729297638831    5.3382223461607 0.164229718542466 -0.580285065054149 0.0347469035113108 0.796925652441267
1461243998.56528 -1.97472740395795 -0.56123120041569  5.33438870440788 0.174730215689409 -0.606216208045338 0.0178204437004575 0.775663388729017
1461243998.70739  -2.01218435314765 -0.584557877803451   5.32768231338228 0.193624359959609 -0.630997389880862 0.0187282666191262 0.751000102012786
1461243998.82509  -2.04665756640073 -0.602717348812569   5.31603645744392 0.211035714183254 -0.665125873694026 0.0195771682535794 0.716022509398339
1461243998.94505  -2.07919067098376 -0.620444205648727   5.30752712266104 0.22909480448769 -0.690174044407507 0.0150059501863381 0.686258100456335
1461243999.06513  -2.10471812637763 -0.639664699594898   5.29763202318112 0.239246305886212 -0.717728994235635 0.0115971144582432 0.653828573014018
1461243999.18536  -2.12349929463923 -0.662833936006098   5.28365934510392 0.26738284416759 -0.738169112397525 0.0119597537900807 0.619249336242181
1461243999.32511  -2.15201784910601 -0.682065549643249   5.26218967750969 0.28153081889309 -0.763696462325261 0.0107332207834359 0.58085532571965
1461243999.46556  -2.18549293477969 -0.698409029697231   5.23472684354062 0.298209437257098 -0.780212604847069 0.00195090864182127 0.549850540350764
1461243999.6069  -2.22371707642334 -0.715524257550868   5.20071866813796 0.307224491223549 -0.792124916000919 0.000536195041226138 0.527400172485605
1461243999.74528  -2.25786622292971 -0.739473671424633   5.16179113569273 0.326248873108795 -0.796889320828682 -0.0019606216193904 0.50845377283221
1461243999.86553  -2.28136225836412 -0.761407008788794   5.12404218426366 0.337582283195534 -0.804124508381423 0.00234005231001563 0.489302055225617
1461244000.00553  -2.30242075635072 -0.784264188528581   5.07588889568625 0.348679599650143 -0.816614064539044 0.00543749407788787 0.459928733656629
1461244000.16508  -2.32448033731016 -0.803269612894638    5.0147918152706 0.359018528059369 -0.833688172678316 0.012021029523002 0.419434407381633
1461244000.30507  -2.34734291826119 -0.815892493101998   4.95429877766981 0.367848663887515 -0.849029529663679 0.00749254752966858 0.37918343841307
1461244000.42501  -2.36471980685018 -0.834625979795694   4.90127550270414 0.370473576953851 -0.862524333822429 0.0122241627196552 0.344458520273482
1461244000.56511  -2.38474311659147 -0.857545584031391   4.84209044509656 0.370111249777021 -0.873583679301444 0.017060331775053 0.315560078473764
1461244000.70721  -2.40373004980306 -0.875312710035447   4.77827478361528 0.375341808971893 -0.879896135394192 0.0105563044261036 0.291187022020105
1461244000.82535  -2.42249821894965 -0.883402961312492   4.71315339436535 0.377716395827046 -0.886968270125469 0.00906628016297791 0.265585042270958
1461244000.9652  -2.44812157562138 -0.891027151207829   4.63259674714751 0.390662603036765 -0.885422890377369 0.00493004165551979 0.251763242896178
1461244001.10687  -2.47032192335981 -0.908014528861295   4.54831648174641 0.398161480586593 -0.883970992200615 -0.00473203981006703 0.245031279889301
1461244001.22499  -2.48498436762837 -0.931930996356884   4.47617069118061 0.394286645713494 -0.886295089228219 0.0073747596293305 0.242826416895597
1461244001.325  -2.50099074475129 -0.950453970821374   4.41514207189441 0.390349140787128 -0.888205983608983 0.0144413713234916 0.241886596904929
1461244001.42511  -2.52266330165198 -0.960198141555654     4.349681557989 0.388118341282476 -0.889876108983612 0.0094656048544447 0.23957267403664
1461244001.52507  -2.54343092693474 -0.969512345599456    4.2830318679341 0.390792876794841 -0.890889897969177 0.0108215083256018 0.231255296372733
1461244001.6069  -2.55882795386597 -0.978461576636229   4.22782558059261 0.390691950730733 -0.893449145931973 0.00984995936663349 0.221385188231098
1461244001.68501  -2.57157446039491 -0.991039597553777   4.17256480327147 0.38897410812644 -0.897456469877608 0.00997035877162011 0.207777813608741
1461244001.78493 -2.58228761693001 -1.00768766944295  4.10408705245342 0.387239512079155 -0.90191655108831 0.00287482999120251 0.191269000389994
1461244001.88497 -2.59060969910203 -1.02495094384385  4.03921639245473 0.390850393892924 -0.90327563504051 -0.00350138531638167 0.176965638011382
1461244001.96493 -2.59796499996479 -1.03718265214357  3.98724902092619 0.392754370852864 -0.903886718129955 -0.00264807982413753 0.169486850927958
1461244002.04486 -2.60633322634822 -1.04632789872987  3.93323863308296 0.394337050451493 -0.904425003474544 0.00163747575110294 0.162822057487468
1461244002.12496 -2.61647503125648 -1.05478170389708   3.8755047866296 0.397256359526148 -0.903116431663235 0.0107716790162156 0.162640913078688
1461244002.20722 -2.62751378708918 -1.06328290092834  3.81649914761247 0.398316676608789 -0.901779260909921 0.0186252727614499 0.166706595378369
1461244002.28502 -2.63666970169943 -1.07416802133925  3.75907461688325 0.401015952925377 -0.899439191655827 0.0252583209782421 0.171922550103888
1461244002.36491 -2.64524179666983 -1.08579326192769  3.70309025868878 0.400716085186198 -0.898182437660632 0.019883725173998 0.179720797973573
1461244002.4253 -2.65029634273284 -1.09534287925633  3.65977800351974 0.395869002846681 -0.900270149929855 0.0197204949152311 0.180034696130353
1461244002.5074 -2.65562290574444 -1.10693629974886  3.60288105368576 0.393794192072512 -0.902296266201658 0.01303898797179 0.174978761800326
1461244002.58515 -2.66294105964805 -1.11837331035361  3.54710987552259 0.393180661509693 -0.902038922739175 0.0206678957074638 0.176939501992558
1461244002.66512 -2.67304310045565 -1.12288909751783  3.48859305102805 0.38859644501625 -0.905074870849667 0.0205563296609351 0.171492619048348
1461244002.7249 -2.68122666678431 -1.12523593167418  3.44364504145403 0.391706632289024 -0.904072989878003 0.0185196842877238 0.169926350186553
1461244002.78492 -2.68898578909432 -1.12914712285977  3.39749173422441 0.394025280896801 -0.903261616791207 0.0165718026491693 0.169079581862769
1461244002.86489 -2.69672789512886 -1.13774226181651  3.33649783984917 0.394733901549065 -0.904485321961593 0.0138455935435761 0.160933989148698
1461244002.92688 -2.69980925464477 -1.14556705299434  3.29023016911986 0.394157045747701 -0.906809851817309 0.00960336345682306 0.149143861237498
1461244003.00718 -2.70325994855334 -1.15712969005344  3.23037707021211 0.394632104035878 -0.908003643543299 0.0044446496347394 0.140624076409179
1461244003.08508 -2.70556251578399 -1.16786958629092  3.17229994959998 0.396027837481856 -0.908740085583539 0.000640743286898251 0.131730779399145
1461244003.16491 -2.70931364331766  -1.1754025762283    3.112842574539 0.394859184591214 -0.910490923636204 0.00256290006455986 0.122824809640862
1461244003.24487 -2.71462173039296 -1.17930938604662  3.05071909925234 0.398700859330591 -0.909759386861982 0.00390103453256446 0.115586611314345
1461244003.32491 -2.72045014999731 -1.18329486248565  2.98655646097584 0.405923568835797 -0.906861846210563 0.0109359976357457 0.112729996482255
1461244003.40781 -2.72718780358878 -1.18958848019801  2.92260922736656 0.406889317326038 -0.905777952031578 0.0130322856513991 0.1176330930909
1461244003.50697 -2.73293685954521 -1.20331539781439  2.84605571289199 0.403093776001162 -0.907103349293385 0.0106308843777787 0.120689294252613
1461244003.60675 -2.73843624922827  -1.2191405398516  2.76896417348079 0.397231103242345 -0.909733862674423 0.00592430056969894 0.120650952682116
1461244003.70682  -2.7425662447191 -1.23559609672203  2.69594747849892 0.403970885823562 -0.907459653242061 0.00824043129527133 0.11513729385735
1461244003.86488 -2.75733317066007  -1.2539179468287  2.57413828592471 0.402568498608807 -0.90917633069944 0.0232316607514462 0.103910026284681
1461244004.00503 -2.77079064752682 -1.27035506529405  2.47158842760716 0.407714691179101 -0.907890047029185 0.0282160247563592 0.0933179995982772
1461244004.10587 -2.77588773910567 -1.28476249957989   2.4021497508227 0.402513560580804 -0.911756641671693 0.0215061968886933 0.0788678858059734
1461244004.20498 -2.77895320595444 -1.29987050208086  2.33603660637115 0.407562285980302 -0.910707535428511 0.0156860212916827 0.0652588438165601
1461244004.30501 -2.78533727873083 -1.31058042699043  2.27060849569223 0.406095724703982 -0.911938789274019 0.0171633267695567 0.0562078927623589
1461244004.40477 -2.79506053879645 -1.31473032351336  2.19967500187977 0.410741674320015 -0.910487256409734 0.0176042010721557 0.044657866013471
1461244004.50707 -2.80778197866656 -1.32050043880541  2.12456699685377 0.413408289221788 -0.90936130806726 0.0221079332442755 0.0408269161287368
1461244004.60711 -2.81900325889541 -1.33134500691735   2.0503988446814 0.421407533592973 -0.905869808431924 0.0216806321190334 0.0366814802525241
1461244004.70668 -2.83153580340843 -1.34699458360969  1.97758816675742 0.416905181762015 -0.907989625134384 0.0175851089660173 0.0378902891379297
1461244004.80706 -2.84314853261548 -1.36328319098587  1.90653022118143 0.417856230034046 -0.907848397637754 0.00625627353726438 0.0341806519792084
1461244004.90651 -2.85803630781382 -1.37835603753542  1.83616170667876 0.411125882175986 -0.910909510207851 0.0108824472976365 0.0331804996756219
1461244005.00485 -2.87628421193428 -1.38798358668157  1.76346598028648 0.40854577569382 -0.912289857099373 0.0108214229936152 0.026466253998891
1461244005.10477  -2.8931611259398 -1.39929544261333   1.6921073097886 0.415147622060896 -0.909515339044904 0.0123798336703122 0.0167642374568931
1461244005.1847 -2.90278370212189 -1.40984865988629  1.63747409139734 0.418204691503109 -0.90832101773961 0.00759537574069079 -0.000273869726216541
1461244005.26511 -2.90898587353661 -1.42165445526738  1.58622079000868 0.417114187961056 -0.908553902685244 0.00238748002868057 -0.0232348887691375
1461244005.36573 -2.91515958972555 -1.43649776501067  1.52568652544828 0.420210563715069 -0.906251394359186 -0.00769316292291001 -0.0455226054673603
1461244005.46473 -2.92100681259465 -1.44943812601121  1.46538873117005 0.416984762528295 -0.90641277589083 0.000108398437314836 -0.0673763739813881
1461244005.56493 -2.92942447611639 -1.45292458235298  1.40169688088962 0.419941402594691 -0.903051121211994 0.00355230796485667 -0.0901957425419163
1461244005.66498 -2.93726218336007 -1.45365364963139  1.33354346672863 0.434863279175721 -0.894566483989585 0.00603056209476784 -0.102996924555405
1461244005.7848 -2.93888370536266 -1.45683665115374  1.25411567404023 0.435029193726082 -0.891903631417433 0.00271767095218898 -0.123491405105886
1461244005.8852 -2.93111269699632 -1.46471124804962  1.19329779976028 0.436988023450383 -0.886975989218763 0.00429509040851854 -0.149320507997754
1461244006.00648  -2.9241828015141 -1.47727772393969  1.12594597122074 0.433212159689074 -0.884630794279963 0.00674596843819557 -0.172366105771876
1461244006.12548 -2.92034258351042 -1.47948744846216  1.05869610255819 0.42879441420777 -0.881262127675381 0.000659114067452922 -0.198776201387191
1461244006.24477 -2.91436963339981 -1.47661839077375 0.992503783675267 0.436090813534577 -0.868704651428741 0.000312534790913018 -0.234897708074865
1461244006.34471 -2.90572250900091 -1.47724741780587 0.942018885904046 0.43118489938453 -0.862146142878403 -0.00277864653841096 -0.266037384564765
1461244006.44465 -2.89398231176615 -1.47890137028356 0.897867202860351 0.42745169627788 -0.854953998807631 -0.00740394871157751 -0.293741193596474
1461244006.54499  -2.8777510829152 -1.47660110503096 0.858790862817734 0.428867648041405 -0.842123534144753 -0.0206978874255294 -0.326300614708438
1461244006.64491 -2.85896669920568 -1.46912485081236 0.821665091244554 0.420597958304262 -0.83255352594167 -0.0232578950952052 -0.359737479598833
1461244006.76505 -2.83957628037403 -1.45543546266995 0.775971854478929 0.425064496090981 -0.819709378483828 -0.0202937176463443 -0.383386063925995
1461244006.88466 -2.81566055250028 -1.43790267427857 0.732219269576202 0.427662173233216 -0.810516387838856 -0.0147396415162179 -0.399938737306189
1461244007.00707 -2.78343491550583 -1.42049699403448  0.69547742332512 0.433144325698352 -0.795514634953873 -0.0205311469705688 -0.42322680762636
1461244007.12486 -2.74782611675261 -1.40717143085504 0.664414283402476 0.421768449176011 -0.790262076758043 -0.0276668855002019 -0.443657264974266
1461244007.24519  -2.7099881870119 -1.39050231262138 0.640029962924724 0.420232781017847 -0.778912914184184 -0.0247286835160893 -0.464852206713779
1461244007.34474 -2.67799199276824 -1.37300428566756  0.62495554458623 0.425295107135971 -0.764590872810658 -0.0256465023572122 -0.483598103778004
1461244007.44505 -2.64633491502322 -1.35443236557979  0.60712967294763 0.418396729866621 -0.762225978150865 -0.028677591310981 -0.493085520397299
1461244007.52493 -2.61809525062618 -1.34009088274319 0.594687506096508 0.407915550422472 -0.763327065796084 -0.0295331102419454 -0.500064485587719
1461244007.60728 -2.58848777670543 -1.32420792335404 0.583287423708446 0.404485113732865 -0.760169158516353 -0.0404304163108546 -0.506853060211717
1461244007.72549 -2.54526982075969 -1.30629655964471 0.567705190342716 0.40000990728457 -0.762661956582556 -0.046479363978565 -0.506140773678632
1461244007.84462 -2.50261553729426 -1.28513828357913 0.557093615418755 0.392235596974406 -0.763213981036535 -0.0594601397972757 -0.510019751962396
1461244007.98475 -2.45352068334976 -1.25388359744902 0.542810602799367 0.395601559013331 -0.765656631105246 -0.0686013729321859 -0.502556644949211
1461244008.12461 -2.40655161723522 -1.22351831059422 0.519413848488731 0.402260648488019 -0.780574746717897 -0.0680653129221709 -0.473557334059031
1461244008.2646 -2.35799587559625  -1.1997716215414  0.49371289491372 0.407987333888836 -0.794845789989769 -0.0654515825453527 -0.444390139251681
1461244008.36517 -2.32686139486583 -1.18975787829879 0.471759978380318 0.407268502999634 -0.810699776348938 -0.0564113624551697 -0.416792511062964
1461244008.44451 -2.30213446000288 -1.17698878792763 0.452242092381247 0.403331279108305 -0.81794298322842 -0.0579500889796603 -0.40612183229605
1461244008.52472 -2.28001472897673 -1.16273107012054 0.431225973834787 0.415519897656045 -0.815958490396372 -0.0543597873490433 -0.398246117522005
1461244008.62509 -2.25583509313571 -1.14320947100291 0.400404036420668 0.428429372633652 -0.815861500573212 -0.0537330571852825 -0.384618048344959
1461244008.68448 -2.24216539390083   -1.133811275987 0.380297052503289 0.430525802809185 -0.820146644686579 -0.0509240738681596 -0.37338151136006
1461244008.76474 -2.22536206348117 -1.12271551135838 0.352299823559409 0.427209785348571 -0.830830294721074 -0.0500488055385097 -0.353140110636401
1461244008.8646 -2.20283123201365 -1.10850924102433 0.318531175315513 0.429283445935609 -0.834405067883247 -0.0625108080399823 -0.339965152059135
1461244008.98455 -2.17967903954527 -1.09688327169085 0.284686483370719 0.43820604987979 -0.839426199675146 -0.0665249318838025 -0.314505240950845
1461244009.20716 -2.13883880527316 -1.07519757101868 0.232072857288355 0.433736022868925 -0.849621456387799 -0.0881222474446817 -0.286794199412437
1461244009.42707 -2.09589095151187 -1.05082299842246  0.17213860867724 0.446361345076696 -0.85347189326982 -0.0861453742028184 -0.254806301969179
1461244009.62523 -2.05227797544927  -1.0334651717758 0.116898633474378 0.463893301478348 -0.850960399682198 -0.0829624580240767 -0.231919454929584
1461244009.84518  -2.00814727829348  -1.01079675341658 0.0531619763666982 0.472228887248915 -0.845489963164243 -0.0910137868255489 -0.23208423221721
1461244010.06467   -1.96082906245819  -0.975286715468057 -0.0183802778310691 0.487973674200737 -0.832820178478921 -0.101386352989708 -0.240858985783836
1461244010.18463   -1.92350197851761  -0.951944164930363 -0.0664620933376667 0.494722970340385 -0.819609274293092 -0.112294036830267 -0.266232735407762
1461244010.32481  -1.87325756176017 -0.940244946558297 -0.129564503414166 0.503639231632007 -0.808116795721819 -0.109848948431221 -0.285005223394198
1461244010.42513  -1.83383323428818 -0.938219940347145 -0.173462067390179 0.520487284684625 -0.789619849855865 -0.110702856965866 -0.305513267559402
1461244010.52479  -1.79283944117033 -0.940858059884983 -0.215672206605792 0.528467282343804 -0.782643879048438 -0.0883882284524269 -0.316825521622248
1461244010.64445  -1.74620544169468 -0.934612916534274 -0.260725302170646 0.535578974639449 -0.771145570339144 -0.0901002632758328 -0.332222235601559
1461244010.74458  -1.70549948469237 -0.917295698543501 -0.294928105383316 0.530896700692622 -0.75971045070146 -0.0973629958615786 -0.362641932662966
1461244010.84501  -1.65844308964752 -0.888986292887533 -0.331311329252434 0.528833689990792 -0.742519708069542 -0.0976239110756702 -0.39933567765144
1461244010.94475  -1.60980168752993 -0.863853249666176 -0.370882512443905 0.529892327133261 -0.728275782240242 -0.0868283650988644 -0.425780861079874
1461244011.06441  -1.54965518874174  -0.84280227783871 -0.421479787845392 0.53062211700978 -0.726259990309419 -0.0629494199004212 -0.432462675788354
1461244011.16486  -1.49897496462721 -0.826808819596214 -0.457176366604251 0.518194161826128 -0.715989440906418 -0.0663403480606795 -0.463068989869782
1461244011.26439  -1.45434494884503 -0.811428062908037 -0.495167066118299 0.509667261759053 -0.706879887284086 -0.0832361888964041 -0.483354780779366
1461244011.38444  -1.40286197537193  -0.79243369390834 -0.541655204872759 0.499772053072152 -0.69368805940496 -0.0865874538835636 -0.511397481453506
1461244011.48437  -1.36124122498366 -0.777958634240243 -0.584075717393644 0.481263536389271 -0.68609933359153 -0.0777647665452518 -0.540005327817711
1461244011.56436  -1.32969771112622 -0.769348998839915 -0.618449782175706 0.477887858051458 -0.669446421196058 -0.0589260409036768 -0.565678712679024
1461244011.66438    -1.291972932708 -0.767557680586416 -0.664411916498695 0.464079747428773 -0.6522716001592 -0.0439160616861179 -0.597698190710148
1461244011.76457  -1.25976392195814 -0.770065104019658 -0.707977626851855 0.448312722592031 -0.63594427600221 -0.0324439292921062 -0.627326049223395
1461244011.86481  -1.22663191241149 -0.785216190145449 -0.753439817024445 0.435086430774229 -0.61946124608731 -0.00967219697863041 -0.653355960375128
1461244011.98434  -1.19064364928009 -0.802671786161248 -0.813768009522075 0.411432745178342 -0.609656360323633 0.00385947509234357 -0.677515551824433
1461244012.12432  -1.15969936205973 -0.811950899213266  -0.89532772675145 0.387981526070826 -0.607035317216414 0.0200088158739856 -0.693237409815023
1461244012.26421  -1.14020022934228 -0.807091947469309 -0.983505810475747 0.38012585781283 -0.589222268413339 0.0370756722174324 -0.712001998001077
1461244012.38447   -1.1267372834897 -0.803621372783232  -1.06597120151503 0.384436422399353 -0.56857381206226 0.0395897632847023 -0.726199082905533
1461244012.50639  -1.11851065685068 -0.803290353386181  -1.15449777413859 0.395968568696118 -0.562565714286425 0.038377308470162 -0.724745397990728
1461244012.60607  -1.11131714795787 -0.809215806058557   -1.2366694887091 0.402308476942736 -0.572185363228616 0.0239040974894169 -0.714269132477506
1461244012.72631   -1.1100280828093 -0.811520765740333  -1.33379160718956 0.407190006552838 -0.574812271017972 0.010702764102909 -0.709698952015021
1461244012.84447  -1.11694974766948 -0.807817381805446  -1.43066039905441 0.415251754203185 -0.568931030162194 0.00930213894231042 -0.709786540983174
1461244012.96425  -1.12803635245677 -0.808154199918218  -1.53094349475793 0.424860035376014 -0.573842127587946 0.015032188631789 -0.699980854202863
1461244013.08432  -1.13814969437406 -0.809698174048147  -1.62116422623934 0.42377637672526 -0.568506481326381 -0.0156536216779979 -0.70496023103993
1461244013.20654  -1.13911736673618 -0.811320399168417  -1.70525376798507 0.441117717230637 -0.56189853338866 -0.031294625968886 -0.699074991761523
1461244013.32482  -1.13770931970224 -0.809745734980959  -1.78061398687015 0.42363931081741 -0.556964834671246 -0.0501967800115591 -0.712601003750523
1461244013.44427  -1.13743866858692 -0.790610139819406  -1.85881945221741 0.442020579231224 -0.539209933111989 -0.0481349268529798 -0.715229672473336
1461244013.56544  -1.12943800835951 -0.766580518229772  -1.93548825436353 0.45451330652471 -0.522541419922662 -0.0370093032631056 -0.720415456614558
1461244013.70633  -1.10608118041407 -0.749451669486373  -2.01404299585527 0.457124707370661 -0.512791485596611 -0.0274136737985338 -0.726175174940438
1461244013.86434  -1.06508413400805 -0.753462719311694  -2.08084959051382 0.450143534241128 -0.505863666946653 -0.0261686803179505 -0.735382858934453
1461244014.00643  -1.02311700308067 -0.758960641644634  -2.12061619972665 0.423296743132421 -0.494413323237346 -0.0155721547303464 -0.759034150124975
1461244014.12424 -0.990137291503588 -0.752081491141488  -2.14556665567258 0.405899909734664 -0.464282888971108 -0.00222323061080966 -0.787198653156676
1461244014.24419 -0.963655707966769 -0.738100505960867  -2.16357195641004 0.383546041593801 -0.437861305823537 0.00822584443871131 -0.813081943178855
1461244014.36421 -0.940134853498123 -0.723711856027599  -2.17007350067701 0.371521906622044 -0.396515755944961 0.00244725039358635 -0.839488379403092
1461244014.52445 -0.904448525611973 -0.713911453664826  -2.16046682415836 0.341905788619155 -0.356375787108443 0.000846433088717689 -0.869537816096907
1461244014.68501 -0.860871308097983 -0.689945037382792  -2.13259212682331 0.317443208937566 -0.325730856711849 0.00364294679715696 -0.890570573859152
1461244014.82419 -0.814259782545708  -0.65435502403029  -2.08590255176035 0.281058736770901 -0.312674258934837 -0.00769126939376055 -0.907293579090808
1461244014.96457 -0.761082814431907 -0.616098510790606  -2.02992421981736 0.277067521771147 -0.303881934577053 -0.00184486630613631 -0.911529459033341
1461244015.08416 -0.714047988231461  -0.59547752913577  -1.97684554546641 0.254246783799599 -0.298549070484537 0.00415511805935196 -0.919896603121401
1461244015.20641 -0.672987528656762 -0.575131374860192  -1.92107568325886 0.236457989487146 -0.293983133200777 -0.00667021663628563 -0.926076154973864
1461244015.3062 -0.647045361347045 -0.552559544888722  -1.86878606736704 0.240002434758223 -0.269080222851 -0.00464765419917438 -0.932723466141507
1461244015.40641 -0.622685441766903 -0.530063911140741   -1.8120138082066 0.226530071994271 -0.250050107323824 -0.00728627174263612 -0.94133202460859
1461244015.50648 -0.597786252496908 -0.507116022186226  -1.75067075613214 0.204523980662558 -0.232852515960526 -0.0204334397497352 -0.950543066717542
1461244015.62432 -0.564116589626538 -0.490157680604098  -1.67942811968466 0.180398017585231 -0.217478272917292 -0.0141139620825505 -0.959145740820738
1461244015.7066 -0.548694073856397 -0.486378804608471    -1.629865654001 0.161681471067005 -0.182723153632458 -0.0139093023134622 -0.969679267773304
1461244015.82405  -0.52420899990459 -0.478976778205567  -1.55694300141173 0.148946374695555 -0.15305852967839 -0.0156363886392363 -0.976802726914735
1461244015.94448 -0.506191649034509 -0.464325284076415  -1.48104829698404 0.129353853111782 -0.127541426634847 -0.02761815716233 -0.982974059969052
1461244016.06439 -0.492619341503366 -0.445171090485241  -1.40054489834728 0.11317359999248 -0.108031285767357 -0.0196809257195682 -0.987488551185792
1461244016.16467 -0.482640409452174 -0.430173866624891  -1.32845401621094 0.0904118625112881 -0.0913713123828586 -0.016676925404811 -0.991563844918579
1461244016.28449 -0.464745055330185  -0.42023905294924   -1.2461960122006 0.0633646933963392 -0.0931915852196501 -0.010144239223436 -0.993578048512352
1461244016.40744 -0.444029605408008 -0.410159049942506  -1.16643693296223 0.0548780399759367 -0.0837743550675583 -0.0222723388581969 -0.994723178117008
1461244016.52444 -0.425184647431559 -0.395528925835021  -1.08908889019461 0.0591692936937945 -0.0661064534677646 -0.0254250910827431 -0.99573214080752
1461244016.76408 -0.394672195379218  -0.34217356201461 -0.925145746925312 0.0559022740200621 -0.03722340898168 -0.0326308469981814 -0.997208394172126
1461244016.88408 -0.371070235836867 -0.321733189507494 -0.837621510439517 0.042619135878803 -0.0275938833969395 -0.0335262309636022 -0.99814737323373
1461244017.00643 -0.347101178737962 -0.308914261852784 -0.752320935626387 0.0311411008004686 -0.00436428808784838 -0.0354704205505397 -0.998875885231188
1461244017.28487 -0.288332594473338 -0.261000575370978 -0.566143363292788 0.0374062479183412 0.00314896974056305 -0.0471936532549682 -0.998180151925841
1461244017.40625 -0.268043557674393 -0.224453054377121 -0.479372705010455 0.0396847091504615 0.000372712285193804 -0.0418087541193774 -0.998337123933685
1461244017.50622 -0.248227388605755  -0.19661336252234 -0.407989901705836 0.0192662507231481 -0.0112241243593377 -0.0340401418829524 -0.999171706643071
1461244017.60626 -0.231518712462914 -0.173756240191137 -0.333120079224788 0.0220527004360847 -0.000484605676141565 -0.0340238959786406 -0.999177570836761
1461244017.70632 -0.215096657585563 -0.155788455032754 -0.262820135313303 0.0309956905235489 0.0219502568697576 -0.0198425976988352 -0.999081440478644
1461244017.94402 -0.179450558733079 -0.109381390045195 -0.123459931077539 0.0449855527575892 0.0651323163717826 -0.0424768454175544 -0.995956725470798
1461244018.04401  -0.163170590567055  -0.082635168411541 -0.0762147726968541 0.043702921685316 0.0835073797793398 -0.0474903810557093 -0.994415021942921
1461244018.14425  -0.145538175144258 -0.0535495706182053 -0.0332342174058387 0.0396704966784668 0.109178094740288 -0.0517696278660549 -0.991880184776758
1461244018.26398 -0.119322453863805 -0.018244079790106 0.0148460946571305 0.028271768581583 0.134638053861973 -0.0593712112580399 -0.988710453483366
1461244018.48441 -0.0660037498108285  0.0385631206671582  0.0913694138121768 0.0494074094217129 0.161310012175612 -0.0467752231341053 -0.98455577107998
1461244018.62393 -0.0359973720035187  0.0646687096083977   0.131719088852525 0.0545773052472122 0.155647246954835 -0.0610814871141209 -0.984410637995781
1461244018.78394 -0.0172643579742798  0.0981016390188702   0.168874939249045 0.0751946771187237 0.151392786372999 -0.0639304310475918 -0.983533875752788
