1461243977.9464 -0.000276433092781136  -0.00058531472922135  0.000256410296798619 -2.94621101214379e-05 0.00010305999740716 -5.51497865248801e-07 0.999999994255158
1461243978.10644 -0.0418237265703627 -0.0230230107942413 -0.0334533486698636 -0.00772290661107202 -0.0420911473567455 -0.0164306299523695 0.998948810714061
1461243978.26646 -0.0678878064270345   -0.04763147246778 -0.0725056537634944 0.0304387978396166 -0.0581032568318305 -0.00847403846884101 0.997810443823696
1461243978.46631 -0.0961332046432486 -0.0631626331509139  -0.125272374975874 0.033470672428792 -0.0768348037914953 0.0184676943626084 0.996310730283688
1461243978.62758  -0.124636349392887 -0.0843609774290144  -0.164237509096967 0.0444885080641344 -0.110617493866875 0.00409278804277874 0.992858394629806
1461243978.80917 -0.158562501745645 -0.116004228748797 -0.199780387587173 0.0707630845273824 -0.128178439982533 0.0142395411695289 0.989120876768404
1461243978.94631 -0.189175909646865 -0.145105348953825 -0.223174398536251 0.105239159163233 -0.14652023598307 0.00986372367122718 0.983544227160842
1461243979.10805 -0.234599079122032 -0.173023202731417 -0.246102031193531 0.123351837477266 -0.167722374909732 -0.023678535357542 0.977800008237341
1461243979.26617 -0.288523954192647 -0.202472871051705 -0.267858112351633 0.120828328928727 -0.189444471994842 -0.0406345141673011 0.9735810922657
1461243979.44645 -0.352740334565194 -0.237440171950897 -0.292460419817173 0.108936797449058 -0.185314311233385 -0.0454061064864759 0.975566330757359
1461243979.58632 -0.409979238812985 -0.267476651328388  -0.31444285285605 0.100484297199337 -0.202770622345095 -0.0619767461208668 0.972083259639012
1461243979.74658 -0.461317558181523 -0.304321487973141 -0.343916513853449 0.103344149218016 -0.221274723817235 -0.0614878791076628 0.967768941506625
1461243979.98629  -0.50770457130308 -0.345844786581616 -0.391756657230686 0.111164372708146 -0.228806339926768 -0.048828641525604 0.965870542472688
1461243980.20817 -0.547638067084196 -0.371300609367924 -0.454662435958296 0.118918968952041 -0.246312908839945 -0.063460735276235 0.959771308614916
1461243980.44667 -0.587454364891139 -0.402896315004853 -0.547606138789665 0.120862753378576 -0.259746972653278 -0.0688834931199961 0.95560387683328
1461243980.58665 -0.618354622556857 -0.430750564952828 -0.611135801832082 0.129417352987137 -0.293927644942263 -0.0625236927593446 0.944959510311544
1461243980.72626 -0.645513919618246 -0.459484608445398  -0.66957218322236 0.140197802137014 -0.321874367994783 -0.0748240601088147 0.933350324118839
1461243980.88624   -0.6768052122906 -0.479889964517019 -0.729845000788122 0.136239996730728 -0.359920689293228 -0.0789115058622738 0.919602487465126
1461243981.04616 -0.716203585086324 -0.483683254180652 -0.784768921205362 0.096012822373182 -0.37640388300837 -0.0823713113810283 0.917778089658675
1461243981.20624 -0.768038178485983 -0.489721680211723 -0.843979333526106 0.0582474179364203 -0.374746256157826 -0.0782139816091764 0.921984302946787
1461243981.36612 -0.818801799741823 -0.513239565028229 -0.913746252098513 0.0287685807208045 -0.386630428889899 -0.0622470944613912 0.91968178162386
1461243981.52625 -0.853577514498113 -0.553123910443217 -0.989811034663901 0.0435873623959612 -0.39911694617166 -0.0468990847234341 0.914661839681789
1461243981.66633 -0.876465461367692  -0.58010736747218  -1.05873055175548 0.0714704908143653 -0.407620036980295 -0.043423767909999 0.909314165058169
1461243981.78612 -0.892286305344244 -0.598208605955656  -1.12348399775864 0.100001513106043 -0.43036080495941 -0.0485401137079622 0.895786320666044
1461243981.96637 -0.906396004542881 -0.610838642485092  -1.21352073022478 0.0954781777181582 -0.438881312135027 -0.0232038989478401 0.893156587901514
1461243982.18815 -0.907218145492183 -0.623823406071833  -1.31685083356596 0.0837998981796301 -0.440170977954329 0.0105423873985142 0.89393285279139
1461243982.32615 -0.918302440998935  -0.63936957148977  -1.38990456731384 0.103706763293967 -0.467145885070283 0.00460235874822035 0.878065172753676
1461243982.46652 -0.932040366472486 -0.657758017020676  -1.46709270860002 0.133372472678128 -0.473270112087366 0.000891840837654795 0.870761958951156
1461243982.58627 -0.949743051811051 -0.677481138485882  -1.54951064615229 0.152498911933582 -0.49013125908588 0.000787938225343653 0.858204410312203
1461243982.70638 -0.968652585878045 -0.693626188093784  -1.63368622254929 0.160478262068958 -0.504118043925529 0.00766436892230036 0.848559357170168
1461243982.84623 -0.989672414414807 -0.715860065757159   -1.7226223329843 0.153168430832114 -0.511993000246124 0.0314654659636277 0.844637510383651
1461243983.00804  -1.01351131243999 -0.747220774628957  -1.80982671674721 0.159656564496346 -0.521877960873093 0.0439655012381964 0.836791616873066
1461243983.16605  -1.04995144752463 -0.778729177273318  -1.87972934579195 0.178994703353936 -0.519240436167014 0.0431304859406638 0.834559780245159
1461243983.34626  -1.11673948893903 -0.803560788747823  -1.94347706734577 0.15873666180334 -0.514301966796143 0.0354343349724423 0.842045466144324
1461243983.48622  -1.16940250272859 -0.835641978111324  -1.97862620203483 0.123643729082415 -0.496236430288762 0.0750857301527085 0.856051264025874
1461243983.64602  -1.21682365828108 -0.890836810793324  -1.99475810708155 0.126065834661749 -0.471364769089838 0.0923306647478519 0.867984854786729
1461243983.78601  -1.25038367456221 -0.928087297164929  -1.97778417504009 0.110321710124667 -0.433385107274886 0.100249283235281 0.888794999017387
1461243983.92654  -1.29385405655243 -0.949671884597845  -1.95223230090003 0.0912160703068974 -0.396090080638246 0.0968507903922369 0.908521987041675
1461243984.06597   -1.3501561040721 -0.957534168620437  -1.92081964605721 0.0588010423415699 -0.359783195290619 0.0781691755246996 0.927894428156461
1461243984.18598  -1.39602920529399 -0.971159362816205  -1.88547784686088 0.0486848866759705 -0.31589347810376 0.0833721005763383 0.94386979247476
1461243984.30819  -1.43221171312599 -0.985116876753041  -1.84297618436765 0.0401377270520276 -0.269292957632485 0.0863052218014621 0.958343192455837
1461243984.42592  -1.45780209500402 -0.994373593313816  -1.79179726348059 0.0207215491748602 -0.219991211311074 0.0816209990012434 0.97186032785978
1461243984.56605  -1.48737254210501 -0.999103104699251  -1.72232274293025 -0.00612204912254887 -0.194708865894166 0.0675935096064845 0.978510140732239
1461243984.68624  -1.50743511213411 -0.994181299653273  -1.65096535771876 -0.0139825329943732 -0.164531889350694 0.0605657619530648 0.984411262957102
1461243984.80868  -1.52571528359417 -0.978207217603246  -1.56652210851173 -0.0320179686250973 -0.143305654365659 0.0594921486296167 0.98736975007511
1461243984.94623  -1.53976028031577 -0.967506690447222  -1.46342803053633 -0.0383739098287978 -0.131286545967689 0.057419474053185 0.988935938214291
1461243985.08667  -1.54426869304162 -0.964453082552324  -1.36581177428119 -0.0590547257850322 -0.125372911442676 0.0506120303046588 0.989056416402665
1461243985.20606  -1.54803506777811 -0.958450684489773  -1.27833047191872 -0.0881409121111392 -0.119184567456142 0.0527190346895997 0.987545908742427
1461243985.32597  -1.55281174609031 -0.950006574743376  -1.18732092601237 -0.0973149414294526 -0.102331851799833 0.0494626208569133 0.988742354417856
1461243985.44596  -1.55688268762392 -0.940399382570878  -1.09207049232861 -0.0956826270188712 -0.0765254068286343 0.0422995990469689 0.99156413857952
1461243985.54601  -1.55927529272118 -0.938217773205141  -1.01157408071509 -0.0876063561300285 -0.0501911851649034 0.0290024280437092 0.994467108789894
1461243985.66646  -1.56221296791867 -0.934046205642299 -0.915031721808885 -0.0930542323438937 -0.0380632900793974 0.0362316164568719 0.994273285249152
1461243985.7859  -1.56447821956654 -0.927236742576766 -0.822748989831435 -0.116643665706094 -0.0325897631077933 0.0280588939902264 0.992242339884399
1461243985.92624  -1.56928562628709 -0.913596965478138 -0.713955566409563 -0.124168291012478 -0.0368611487136463 0.0238445057059528 0.991289529234618
1461243986.04597  -1.56921405713975  -0.89341347901992 -0.614681895289772 -0.120357538806333 -0.0227466478817426 0.0288701579010243 0.992049982029835
1461243986.16588  -1.56818884834849 -0.875183014062342 -0.513841820996535 -0.116224600586709 -0.0261116561465315 0.0382265629496703 0.992143514576798
1461243986.28616  -1.56455285032611 -0.867417839022987 -0.415871895546465 -0.11250564813866 -0.0338638882079976 0.0430057348876236 0.992142239287851
1461243986.40903  -1.56366317600903  -0.86946516336712 -0.325111333566759 -0.111472907648155 -0.0462576353782159 0.0301264643995974 0.992233046301352
1461243986.50813    -1.569035900046 -0.870760819414491 -0.250883299728863 -0.109658567188792 -0.0614258676854539 0.0259266939410637 0.99173064284738
1461243986.60797  -1.57930903193729 -0.869780817439333 -0.175081041776047 -0.0980939555731784 -0.0700879221327447 0.0194951977648821 0.992514582419437
1461243986.68581  -1.59020277304846 -0.865224389916422 -0.113292621412656 -0.0835620179325685 -0.0716893462930471 0.0228919554205131 0.993656874964461
1461243986.76601   -1.60221683601516  -0.859829150789684 -0.0517269424990743 -0.0700010471958605 -0.0711326464326937 0.0168778122542192 0.994864382444399
1461243986.82675    -1.61000906087856   -0.858439862536886 -0.00619944393170739 -0.0603038427858365 -0.0628142408362281 0.0042733899935134 0.996192529499892
1461243986.90849  -1.62119304669267 -0.858059980724002 0.0535451504272064 -0.0554256230381606 -0.0588234201223004 0.0039619858518336 0.996720677132795
1461243986.98588  -1.63109059360244 -0.862733361294485  0.111060341524351 -0.0554527660373322 -0.0632308196625388 0.00696955648508799 0.996432777193732
1461243987.08672  -1.64352994261486 -0.872281521488604  0.176580759332647 -0.0658132309930527 -0.0710048825896371 -0.00124528379648189 0.995301650025234
1461243987.18595  -1.65800528316732 -0.883300179091128  0.240594060999668 -0.058222757801947 -0.0672646767726895 0.00178449789474197 0.996033327404191
1461243987.26596  -1.67617215947083 -0.885927082688365   0.29205133056684 -0.0581630136602294 -0.0705347802313315 0.0045441139494739 0.995801817455708
1461243987.34582  -1.69804600687708 -0.884996063196207  0.344040130187953 -0.0617907275272483 -0.0719765481203838 -0.00296226192416098 0.995486065958042
1461243987.42615 -1.72023111145407 -0.88134990548556 0.398673744135843 -0.0707705147420573 -0.0703028510379809 0.00122453237210629 0.995011328528246
1461243987.48575  -1.73486697382591 -0.879846540036559  0.441262068433138 -0.0742355724262222 -0.063885146270423 0.0100520336853615 0.995141560026183
1461243987.54594  -1.7453119432504 -0.88156191336216 0.483814310993911 -0.0731926958205541 -0.048319228571328 0.0203062743078601 0.995939625003707
1461243987.62612  -1.75573501618635 -0.888901318849796  0.537977983191593 -0.0608073250823195 -0.0358128889424505 0.0272483347436421 0.997134612003629
1461243987.70786  -1.76398487672768 -0.894090997811906    0.5846208333231 -0.0679391187853598 -0.0310163448659494 0.0248903056361458 0.996896551892504
1461243987.78651  -1.77324972232805 -0.900405709893312  0.624581741899346 -0.076250186358865 -0.0315327792935472 0.0180008679470636 0.996427399093088
1461243987.90788  -1.79156271532124 -0.903667038482825  0.679218237880268 -0.0905952727106579 -0.0277223714951301 0.0278641627286306 0.995111830457562
1461243988.04582  -1.81417195596124 -0.898108195136724  0.737886076413323 -0.108170546925681 -0.0205173863650095 0.0292590083439851 0.993489848999613
1461243988.14672  -1.82815571969083 -0.883729329885099  0.780808535315897 -0.130540099651578 0.00312073982829105 0.0380940078414899 0.990706005802152
1461243988.22716  -1.83644833504738 -0.870157604396094  0.815882151997115 -0.153017377768872 0.0317424257148274 0.0297922890892997 0.98726415919008
1461243988.32573  -1.84581694716376 -0.852007843104553  0.863667030629438 -0.194110705386807 0.0635823610973246 0.014228356111675 0.978813501793822
1461243988.42834  -1.84744352401925 -0.842188330244241  0.914523524904999 -0.201882168271356 0.109745275187197 0.00878158246143892 0.973202162203525
1461243988.50858  -1.84529198503761 -0.834100511177502  0.953402767723388 -0.208263590457487 0.152442964359755 0.0216755252362827 0.96587659207204
1461243988.58583    -1.840685664239 -0.827839050564231  0.987672699127156 -0.224258691122894 0.181345674823588 0.0214126253905227 0.957268658816588
1461243988.70647  -1.82934506737063 -0.817540798450245   1.03172276200948 -0.239942268224469 0.204511551369933 0.0194218027517051 0.948802153693505
1461243988.82594  -1.81649029207345 -0.798530871178667   1.06461307641776 -0.272823559656701 0.226795185621924 0.0199003061789967 0.934738052552128
1461243988.966  -1.79756352124464 -0.774333827713221   1.10416075888597 -0.293742899384003 0.253103493230892 0.0196270219542353 0.921557654617988
1461243989.08589  -1.77501900454315 -0.750019670198497   1.14415382280639 -0.303628978508614 0.27828880883375 0.0123681359928134 0.911159597161645
1461243989.18569  -1.75129984224579 -0.725695753436576   1.18151560500821 -0.314505947312249 0.298780121782598 0.0153194259460083 0.9008783287001
1461243989.28571  -1.72358362859772 -0.702867222961691   1.22421377500677 -0.327297611407481 0.313876799136522 0.027293054396994 0.890849436051037
1461243989.3657  -1.69533586616204 -0.690403920414664   1.25517883376304 -0.337524027412495 0.341122214117507 0.0296417551966896 0.87683210040673
1461243989.4659  -1.66206200481493 -0.680479009029436   1.29836170057851 -0.341129476324834 0.354735865161483 0.0389804829361977 0.869639964755841
1461243989.56578  -1.63477302790032 -0.674416551803067   1.34570733422146 -0.336766472822673 0.352675765000759 0.0433038230616161 0.871970714228381
1461243989.68557  -1.60776635446899 -0.665288820098906   1.40476362084507 -0.339328145934285 0.339305996674865 0.0425622415957789 0.876308339334746
1461243989.80648  -1.57798820391728 -0.657182086942925   1.46576942797027 -0.328127242725023 0.350341711060415 0.0399357875262693 0.876355139739359
1461243989.90563  -1.55197944170037 -0.654001455052784   1.52254217561314 -0.316559410224445 0.363032657138814 0.0285808669819588 0.875888442492332
1461243989.9863  -1.53227557968802 -0.652809935965209   1.57288479757163 -0.306446665262523 0.368998722549556 0.0161959333458052 0.877307287014837
1461243990.06568  -1.51415442638591 -0.650114864534205   1.62568345968894 -0.301244639655548 0.361400337972221 0.0168060937124509 0.882246574380706
1461243990.1659 -1.48960654985231 -0.64980674092896  1.68862388453628 -0.293326939673995 0.361026084044537 0.00621395240295077 0.885201027957203
1461243990.2658  -1.46204287227586 -0.647342761767409   1.74756062225259 -0.274584502126866 0.366921562383736 0.00617975261510507 0.888782160547361
1461243990.38557  -1.42660811088213 -0.630486394938756   1.80965883261804 -0.265878194656554 0.379059733686322 0.0041944675729321 0.886343562252023
1461243990.50739  -1.39403420597376 -0.607669240420246   1.87001674174806 -0.259690403798614 0.384077888961705 -0.00242118135765624 0.886024382997707
1461243990.62623  -1.36153234661407 -0.588499751523155   1.93317694049718 -0.24533218968481 0.390123122548003 -0.0160336109350613 0.887332513367021
1461243990.72565  -1.33568749998181 -0.575399323273601   1.99024565288141 -0.231671580769657 0.384365540922833 -0.0134467193827524 0.893538245041938
1461243990.8256  -1.30865692588619 -0.563434283322213   2.04470796602542 -0.229034995409628 0.391317812320854 -0.00364888757097895 0.891291212936393
1461243990.92556  -1.28568614323737 -0.556543632097043   2.10236780299245 -0.212446961066123 0.393802506105628 0.00464552385633024 0.894295417648327
1461243991.04649  -1.26719384703403 -0.541096360303323   2.17450846483575 -0.194392536235109 0.38166349223234 0.0320584661580735 0.903059674274457
1461243991.20561  -1.24849246060102 -0.516434634967693   2.26728266813089 -0.175896349136408 0.370605096845029 0.0221442971651786 0.911713752586868
1461243991.34619  -1.23304247654295 -0.497400338899326   2.34884056590536 -0.156381519646833 0.361906378110387 0.0194097580210848 0.918799137510224
1461243991.466 -1.21610200506789 -0.48396043745112  2.41914468657852 -0.152192559928013 0.365709854408232 0.0475212195816445 0.916970806940298
1461243991.58563   -1.1993322504391 -0.483783355649607   2.48534804695437 -0.142059928984268 0.3831817950981 0.0794084166460547 0.90922219058278
1461243991.68557  -1.18776340292639 -0.487889389700522    2.5388309671981 -0.129235294372389 0.411604705454275 0.0965084991567319 0.896975983361258
1461243991.82554  -1.18556566668065 -0.487596542319726   2.62558727068021 -0.125524679676026 0.40317905884057 0.117798671311986 0.898784553906994
1461243991.96571  -1.19003227070306 -0.481839178544925   2.71176298609121 -0.136908283732832 0.403796955379071 0.128807858478782 0.89532825056849
1461243992.08574  -1.19769292300388 -0.479203832328852   2.78886911608552 -0.143842309384363 0.387514761093744 0.143074915081855 0.899261512931445
1461243992.20585 -1.20631968327338 -0.47696661210159  2.86256407219313 -0.159983038321192 0.37888094028555 0.163951081324243 0.896646364778483
1461243992.32603  -1.21925623877316 -0.480288130329233   2.93398926536382 -0.166396951230005 0.375332558435471 0.183380377436484 0.893201635898018
1461243992.44545  -1.23697550685726 -0.483067854938877    3.0098397765857 -0.168066933594684 0.370329539970209 0.199772761339696 0.891459691452309
1461243992.54553 -1.25522975650847 -0.48304089049377  3.07191156597903 -0.172010349072245 0.373297860579713 0.217051367216162 0.885409425682971
1461243992.6455  -1.27244246848333 -0.485230037353807   3.12985422896053 -0.17826843491748 0.385311976590608 0.219693878832736 0.878344832859702
1461243992.74578  -1.28833464450279 -0.487434623675492   3.18943358633955 -0.188711289333305 0.387008993742277 0.21637282917625 0.876239058040109
1461243992.82546  -1.30075840785466 -0.490650207270658   3.24117581592601 -0.188418120249789 0.366415345552481 0.206424145774882 0.887483790582286
1461243992.90856   -1.3124713924902 -0.492985385839513   3.29280862348234 -0.184150075676725 0.336972774617326 0.184463235639594 0.90471620605156
1461243992.9855  -1.32199783016598 -0.488437105175581   3.34111666253954 -0.186940276490751 0.312956064627463 0.166410363192921 0.91619835497585
1461243993.08601 -1.32733249360204 -0.47719855030071  3.39865211456028 -0.179696833301205 0.298081721305066 0.146292855974865 0.92598851818802
1461243993.18564  -1.32913984338756 -0.460560751448529   3.45565421464807 -0.167804875783025 0.273734057568418 0.144239172208804 0.936005475727088
1461243993.34578  -1.30978859858846 -0.431002536955126     3.541982768923 -0.156503870559227 0.273928650290237 0.142921435605691 0.93810612208564
1461243993.50552  -1.28137041229095 -0.401643067790652   3.62875852441497 -0.160325023543533 0.264990929388972 0.148337383027531 0.939186730615312
1461243993.66581  -1.25540975593003 -0.374490248596762   3.71510469713697 -0.150562838851672 0.255275785340898 0.166548779582521 0.940439582852129
1461243993.8081  -1.24478264234184 -0.347264527715784   3.79688834309587 -0.160893964357276 0.231014511113043 0.140029092501108 0.949282508604218
1461243993.90736  -1.23658739374176 -0.320597984017554   3.85559851336907 -0.200813664742459 0.233622766458972 0.112598674165204 0.944677624177157
1461243994.00732  -1.22565368196981 -0.300822732723376   3.91256363790087 -0.230235832924273 0.241045954167226 0.108938782188882 0.936493807215233
1461243994.10837   -1.1991237684452 -0.295880532768289   3.96403087112051 -0.230161790816983 0.27939149418889 0.117357179955399 0.924766584244768
1461243994.20877  -1.16927832647691 -0.298606807747659   4.00898182785829 -0.23232240584375 0.318506369329198 0.113866087682525 0.911929003001648
1461243994.30544  -1.14148158116175 -0.300245022579813   4.05280275422911 -0.222398928662089 0.359201954372209 0.101601248700708 0.900660790068935
1461243994.48575  -1.11068467619695 -0.287356243871494   4.14318264672043 -0.219306690673245 0.364175264581303 0.0836464955488091 0.901268115421538
1461243994.60543   -1.0885374468116 -0.277485102798092    4.2141364063396 -0.206005975461689 0.347628767835739 0.0670375058551636 0.912261887100301
1461243994.7054   -1.0679785149691 -0.271621286151626   4.27649111634221 -0.182358751068734 0.330931158251125 0.0674742547965805 0.923405154494422
1461243994.78535  -1.05690127848897 -0.268029816326716   4.32727892941252 -0.174005454958032 0.297433212203073 0.0625796042242943 0.936663962720111
1461243994.88544  -1.04610502043408 -0.263377654253304   4.38504331483042 -0.170507161680325 0.26921684271501 0.0601072082285453 0.945958097873923
1461243995.00553   -1.0410203308308 -0.257584826715528   4.45101961131262 -0.156847423494527 0.243561830259212 0.0605473504962575 0.955201831516143
1461243995.12538  -1.04862252811528 -0.249613817174948   4.51868508024657 -0.140726880045196 0.205735489089077 0.05013371051111 0.967137769313355
1461243995.26532  -1.06140838376389 -0.236279422387638   4.59728459903658 -0.128430587732215 0.172772246841196 0.0431766971490858 0.975597820661516
1461243995.40782  -1.07271458110928 -0.231006781681802   4.67042563433381 -0.109037872352754 0.144528615461116 0.0473611629787603 0.982333518692596
1461243995.56532 -1.08267893746464 -0.22764689400473  4.74049271426494 -0.112042305398787 0.110487007398007 0.0469057547130659 0.986427388697189
1461243995.70761 -1.10042828523075  -0.2315208024389  4.79810046378747 -0.0941176103918576 0.071749064256841 0.043716517252191 0.992009482470673
1461243995.82535  -1.1235918743455 -0.23334442875558  4.84595619777302 -0.0861987758109256 0.0323735938203057 0.0410576816591104 0.994905014686646
1461243995.94542  -1.14743586513177 -0.235144265162004   4.89294851592165 -0.073055796770427 -0.00194763111014105 0.0468607496383002 0.996224436276602
1461243996.08532   -1.1738612049225 -0.236901415991406   4.94244754824373 -0.062634761698463 -0.0374532422943367 0.0559961692718146 0.995760297609571
1461243996.20907  -1.20063531248026 -0.243399550252662   4.97601642425979 -0.0577474528609977 -0.0832115248618117 0.0559830492306993 0.993280912943097
1461243996.34526  -1.23256626342148 -0.257958690778629   5.00787034712766 -0.0391168746665114 -0.128520438821775 0.0527891428993797 0.989528005320381
1461243996.46525   -1.2648376001351 -0.271612888721096   5.03131383716597 -0.0180649732365999 -0.166868035371321 0.0471333569208805 0.98468632679582
1461243996.60733  -1.30784912813331 -0.281517290217807   5.05673468583925 -0.00285293193469524 -0.207420269068798 0.0478481039852612 0.977076891397918
1461243996.74536  -1.35181341942851 -0.294646542739905   5.07965592055402 0.0192151771125359 -0.237822285084755 0.0392479901667559 0.970325168669488
1461243996.86549  -1.39248948620095 -0.306592053743715    5.0981913470007 0.0329155687010133 -0.268814985748211 0.0420719723708175 0.961709424886284
1461243996.98542  -1.43466277889421 -0.316569517619157    5.1185217979061 0.0341330022166604 -0.302553099689011 0.03530571385648 0.951866622272959
1461243997.10734  -1.47525463935715 -0.329128812869937   5.14224384651435 0.0380349845533192 -0.327001613293918 0.0308390687756553 0.943754330686887
1461243997.22581  -1.51343324902616 -0.346170669059729   5.16590503672407 0.0411655770465504 -0.349047907596773 0.0330646846465756 0.935616203417812
1461243997.32521  -1.54741312857827 -0.364120483332588   5.18720861530833 0.05211478002632 -0.366537416570145 0.0343829914690202 0.928306081987258
1461243997.40711  -1.57654624740283 -0.378795481061256   5.20525817560056 0.0667009984561186 -0.374520221308592 0.0314035986504074 0.924283178808164
1461243997.48516  -1.60537470135338 -0.390911867980802   5.22560944106961 0.0765140978464055 -0.379032420217781 0.040851899814908 0.92130947001326
1461243997.56526  -1.63787720628748 -0.401891077062789   5.24746846252845 0.079743585065595 -0.38651120184393 0.050631723850587 0.917434727939795
1461243997.64553  -1.67051647118081 -0.413996005543821   5.26724669365921 0.0816034231762723 -0.399544872686255 0.0458282678810654 0.911923541695827
1461243997.7255  -1.69910729834578 -0.426839884251871   5.28639414118635 0.0778255243625467 -0.408298151856126 0.0401174357485545 0.90863986171504
1461243997.80788  -1.72620947420466 -0.444435454181228   5.30062167598465 0.0860858477777098 -0.427344122737719 0.0496024038396149 0.898613281176755
1461243997.94519  -1.77495911408129 -0.471678573917311   5.31455099573456 0.103306830091712 -0.472989146304217 0.053295389329061 0.873366227771073
1461243998.06558  -1.82481663908406 -0.490888511173764   5.31854192042073 0.126657970153201 -0.509963336628633 0.0270514316116568 0.850390130433686
1461243998.18547  -1.87032145142664 -0.510620860457492   5.31858815284175 0.14580942821622 -0.545670144331764 0.02327502231521 0.824889069853903
1461243998.36515  -1.91759153243441 -0.540666418314318   5.32306223654702 0.158583169480026 -0.565037879640561 0.0462719100905549 0.808357893055755
1461243998.50785  -1.95778122114335 -0.557682480163071   5.31901735853296 0.165735046353608 -0.594634747994145 0.0253623253904952 0.786319377440804
1461243998.64515  -1.99633098539406 -0.580091630563596   5.31375123041651 0.184204770149218 -0.621787667520686 0.0144468454135586 0.761078174585933
1461243998.78529  -2.03507868873683 -0.603095896820742   5.30251786417154 0.203841482937191 -0.653941837360877 0.0224289881886212 0.728220889340509
1461243998.90722  -2.06950603631318 -0.619699519346518   5.29216711880401 0.22309803734378 -0.682796673950257 0.0154213225494512 0.695541623906611
1461243999.04519 -2.10105873790295 -0.64157924318299  5.28212922354034 0.236063002718057 -0.713162190848436 0.0132520656117464 0.659922973572685
1461243999.16533  -2.1196023001326 -0.66446075886739  5.26918275089122 0.263072401766972 -0.735551071415878 0.0108868805672242 0.624210708494356
1461243999.30734  -2.14730435051626 -0.684824767278276   5.24827250298358 0.279509831115137 -0.761052668661189 0.01163619597154 0.585267194345438
1461243999.44563  -2.17958471381038 -0.702199658791514   5.22076494013314 0.296742353586636 -0.779281167699187 0.00203954283636494 0.551960757230324
1461243999.6069  -2.22276866588273 -0.721231498767877   5.18257362021743 0.306868268193281 -0.792610991013804 0.000743223250585241 0.526876769766301
1461243999.74528  -2.25753866214733 -0.745436707382092    5.1432605180191 0.326111218850525 -0.797249293265107 -0.00148685650846204 0.507979159597946
1461243999.86553  -2.28065228440699 -0.767031605634674   5.10555421480385 -0.337356037174541 0.804416280475772 -0.00270752123317424 -0.488976503746535
1461244000.00553  -2.30199542643641 -0.789589445479183   5.05718775034799 -0.348603149247287 0.816828869453655 -0.0058914111523153 -0.459599536157917
1461244000.16508  -2.32366318689487 -0.809184037101774   4.99521131355481 -0.358741400333104 0.833992402065649 -0.0122397982922019 -0.419060220399859
1461244000.28505  -2.34396571432279 -0.819255039368997    4.9435644073346 -0.366587226893905 0.846875052799889 -0.0079840013117174 -0.385165815911116
1461244000.40721 -2.36162032840895 -0.83738293967094  4.88947666787005 -0.369235401521086 0.860849497463208 -0.012088282090922 -0.349938900977006
1461244000.52508  -2.37754092346526 -0.858029440093674    4.8381688374767 -0.370837030809755 0.871249841392718 -0.0192334493810189 -0.320988605527169
1461244000.66541  -2.39748144697796 -0.877730349682511   4.77665234739858 -0.374572932379973 0.877761275369754 -0.0125924306724518 -0.29844881048396
1461244000.78507  -2.41468572079868 -0.888114068764438   4.71408061895827 -0.376137230918934 0.885728912221556 -0.0112724728421202 -0.271805093637849
1461244000.94499  -2.44339792811724 -0.896501087646938   4.62225692151289 -0.390422331951356 0.884976027372637 -0.00670777911558271 -0.253658903626005
1461244001.08538  -2.46691691062783 -0.911670843640421   4.53767619817386 -0.395853671694722 0.885030668231016 0.000943162171216294 -0.244989178008922
1461244001.18549  -2.47870051945513 -0.931695340592814   4.47799295709051 -0.404272907098028 0.880721766650889 -0.00506188460359765 -0.246712309498543
1461244001.30529  -2.49692952355757 -0.953848014206576   4.40444823656234 -0.389744472598359 0.888748766632485 -0.0133664826214742 -0.240927817054389
1461244001.42511  -2.52223482575697 -0.967163676335795   4.32604956485312 -0.387897018736137 0.890005741915434 -0.00987119656052301 -0.239433167484455
1461244001.52507 -2.54305217996618  -0.9765073242654  4.25875231283953 -0.390546694949803 0.891016749525636 -0.0112624052786316 -0.23116139244237
1461244001.6069  -2.55844547932099 -0.985501507485356    4.2033649321712 -0.390508651294366 0.893551163009426 -0.0102851735981908 -0.221277038015274
1461244001.68501  -2.57097344495138 -0.998099460803947    4.1480690822451 -0.388759551458946 0.897572751922286 -0.0103745168017294 -0.207657255007436
1461244001.78493 -2.58194902537664 -1.01491900363304  4.07974463583019 -0.387057711391485 0.9020188451212 -0.00329411472228921 -0.191147795976826
1461244001.8668 -2.58865830623407 -1.02879726245533  4.02736305012018 -0.389289252559146 0.90353297021192 0.0028719376882735 -0.17909160101993
1461244001.96493 -2.59756591688059 -1.04442751777786  3.96192418891046 -0.392687410322976 0.90396329017558 0.00222229611023624 -0.169239561535634
1461244002.04486 -2.60592024237707 -1.05395024413234  3.90678013578778 -0.394133083013682 0.904532452415715 -0.00201377541829004 -0.162714781472084
1461244002.12496 -2.61589299119011 -1.06231050754908  3.84934612731165 -0.397022122436837 0.903233011095569 -0.0111462252319801 -0.162540221563954
1461244002.18498  -2.6243835430327 -1.06868135937408  3.80500911614633 -0.3982175895332 0.902053311044501 -0.0176519636471568 -0.165562627423643
1461244002.26527 -2.63390760212156 -1.07899316938012  3.74719742636665 -0.401034280310779 0.899706823136521 -0.0253920113204854 -0.170453466313554
1461244002.34507 -2.64312806440431 -1.08970774631831  3.69091312928887 -0.399627739293335 0.899188347785203 -0.0195389499992825 -0.177133324441055
1461244002.4253 -2.64990563525413 -1.10276968516957  3.63361967354935 -0.39571810846369 0.900350593295202 -0.0202073332827079 -0.179910120528274
1461244002.5074 -2.65521139143544 -1.11455713424629  3.57662914512737 -0.39358165225074 0.902408422881546 -0.0134876279203638 -0.174844517263482
1461244002.58515 -2.66267604654378 -1.12606282671065  3.52032263568504 -0.392997218398961 0.902135376391399 -0.0211475141789277 -0.176798562318476
1461244002.66512 -2.67273338564023 -1.13070473278957  3.46131432828729 -0.388401940740337 0.905175260397467 -0.0209741346596955 -0.17135275331548
1461244002.74522 -2.68383245889812 -1.13431928056906  3.40042053786845 -0.392359928042453 0.903879433202374 -0.018570694862187 -0.169442575501588
1461244002.82523 -2.69353393190872 -1.14123581904381  3.33890456705028 -0.395012974171917 0.903391174893915 -0.0160079667443501 -0.166111048279034
1461244002.90699 -2.69918301584163 -1.15107356735481  3.27632780331348 -0.393706052570428 0.90647624633228 -0.0107499970217561 -0.152252410715837
1461244002.98511 -2.70285335480991 -1.16316420991558  3.21587683372553 -0.394522577300416 0.907619908856742 -0.007407920168136 -0.143259065213689
1461244003.04509 -2.70468708285136 -1.17128186389684  3.17204621199067 -0.395378514598417 0.908556312400652 -0.00138818610907747 -0.1349048936481
1461244003.12483 -2.70740618531908 -1.18093453568266  3.11309309066834 -0.394687639440253 0.90991485083797 -0.00169371217391788 -0.12756865930419
1461244003.20691  -2.7119056899713 -1.18628861296698  3.05220600907137 -0.395753316140119 0.910632837205963 -0.00333653806105271 -0.118810841593195
1461244003.285 -2.71715720140247 -1.18973397881496  2.98888165129039 -0.402637003927137 0.908315324847906 -0.00754977501409014 -0.113091620433428
1461244003.36499 -2.72420106079913 -1.19411759236606   2.9242603827529 -0.406050518854752 0.906618256463227 -0.0115823273753539 -0.114158498929933
1461244003.44482 -2.72929184306893 -1.20289378608737  2.86135307676274 -0.40598466579143 0.906173625132265 -0.0142968138829734 -0.117564507270116
1461244003.52484 -2.73449267302804 -1.21561560452733  2.80082238497871 -0.402879581846875 0.906671269295803 -0.0127584410878901 -0.124388400365276
1461244003.60675 -2.73869690321659 -1.22789387951824  2.73868569640761 -0.397093060455892 0.90982058211954 -0.00642235596123007 -0.12042575735009
1461244003.68486 -2.74147603230301 -1.24141302509496  2.67872969267204 -0.402806336604205 0.908001626569798 -0.00619314448591382 -0.115072786963194
1461244003.80506 -2.75074070431384 -1.25738598858574  2.58857546560648 -0.402504964168096 0.908820957080486 -0.018763119803384 -0.108084074343044
1461244003.94476 -2.76646302426366 -1.27109996759034  2.48273675263368 -0.404037725786772 0.909160312738339 -0.0245386033011383 -0.0978718490200711
1461244004.06477 -2.77467191205023 -1.28784213293644  2.39741005277241 -0.402039272152403 0.911492204681634 -0.0228400408138669 -0.083813584742581
1461244004.16489 -2.77768499114834 -1.30406970666812  2.32916342368283 -0.405519321424469 0.911177439533434 -0.0196646666233024 -0.0701644819216125
1461244004.26495 -2.78256461370028 -1.31721736530203  2.26402674071213 -0.407976410340709 0.910785006436041 -0.0165379078686323 -0.0612569853987165
1461244004.36469 -2.79056999994022  -1.3233353957348  2.19531366024424 -0.40726455920145 0.911907122387585 -0.018657549094374 -0.047041203418214
1461244004.46498 -2.80252282946192 -1.32737047380057  2.12085965100823 -0.412121078695813 0.90996918372326 -0.0201471980665551 -0.0413084928155192
1461244004.56484 -2.81483774445165 -1.33749769026078  2.04612380689953 -0.420703637526386 0.905877338864957 -0.0271567094287963 -0.0407088373207836
1461244004.66534 -2.82612763920683  -1.3496482397926  1.97214196269662 -0.418348595142053 0.907547422488963 -0.0153358789186759 -0.0332707032402664
1461244004.7654 -2.83867799223222 -1.36628968130862  1.90021847937512 -0.413440650776554 0.90978735337848 -0.00758011699934452 -0.0360047461359914
1461244004.8648 -2.85096729603378 -1.38373961470257  1.83018266813786 -0.416445266228325 0.908441981392492 -0.0109671904322252 -0.0344416523082851
1461244004.96504 -2.86857378564142 -1.39453867793657   1.7578106212525 -0.407997112363133 0.912435629545046 -0.011700916760291 -0.0293711897452115
1461244005.06515 -2.88618788202066 -1.40448389455562  1.68552854379298 -0.411675134425367 0.911012923846433 -0.0129221735469794 -0.020299106173687
1461244005.1847 -2.90286382557435 -1.42022337531935  1.60226917534287 -0.418096575453579 0.908367407845783 -0.00798662828356735 0.000346014714686191
1461244005.28516 -2.91049597018638 -1.43516478831933  1.53792637978392 -0.415932721918744 0.908987446086664 -0.00182278215017624 0.0271748258382953
1461244005.38599 -2.91575819854627 -1.44998563270996  1.47791966074562 -0.422016888598301 0.905232836051371 0.00576871313435724 0.049213618247131
1461244005.48484 -2.92233946271518 -1.46102147498676  1.41710902002309 -0.415037777079617 0.906915284929475 -0.00206690322209151 0.0724157266701774
1461244005.58475 -2.93024283936059 -1.46295096983316  1.35298753784893 -0.423629214603501 0.900975323075441 -0.00437763678331559 0.0936087177549104
1461244005.68476 -2.93796608444503  -1.4636085873516  1.28521036199316 -0.435122393388694 0.894149361974422 -0.00772843013380027 0.105383550045037
1461244005.7848 -2.93765012189597 -1.46656354408924  1.21904333270289 -0.434705499568619 0.892080193265019 -0.00314374517160102 0.123345751022645
1461244005.8852 -2.93016426471249 -1.47451513111993  1.15756001437207 -0.43673248340877 0.887141290590353 -0.00488088118023969 0.149067922317967
1461244005.98468 -2.92343447161074 -1.48529236091904  1.10158329919371 -0.435454655971707 0.884143901357877 -0.0066243287092486 0.169189014281029
1461244006.10683 -2.91946313253408 -1.48923304057373  1.03511344395883 -0.42738287988724 0.883049344114783 -0.00114274067861333 0.193820597412872
1461244006.20693 -2.91471526466836 -1.48742112018962  0.97934124966007 -0.434100167207173 0.872688130805368 -0.00293084737273253 0.223526019326195
1461244006.30657 -2.90764928185763  -1.4861936581395 0.926954710640183 -0.434776405012914 0.86402613893036 5.01567978184498e-05 0.253827316050572
1461244006.4073 -2.89772075826741 -1.48892161132836 0.879911435248857 -0.427392747042791 0.858899852646362 0.00450637232677306 0.282145663634457
1461244006.50662 -2.88325885929188 -1.48743952838774 0.838976630185703 -0.428221546537735 0.847427454489562 0.0176222958165485 0.313340822664915
1461244006.60466 -2.86463393431123 -1.48322318425572 0.801524862196053 -0.423626169863975 0.837005229448709 0.0184978401066157 0.345862608550393
1461244006.72458 -2.84477995076344 -1.47022874672836 0.756301695128854 -0.422834932700622 0.823686910950793 0.0205681687942629 0.377263094999831
1461244006.84497 -2.82388182012599 -1.45338219242474  0.71033390396576 -0.426863950893923 0.814464657905437 0.0190730961978105 0.392518414156126
1461244006.96464  -2.7934012231701 -1.43507146489217 0.672224918949916 -0.429987160426695 0.800007751133845 0.0190319836668964 0.418014860491417
1461244007.08488 -2.75912142432343 -1.42269090528336 0.638159278577345 -0.423567638876098 0.795439313718899 0.0212028434453074 0.432917073949697
1461244007.18462 -2.72742315842821 -1.41103604515786 0.616657259497205 -0.422239826739296 0.784464137537563 0.0202207813965005 0.453784823051996
1461244007.28466 -2.69634356640662 -1.39382511927373 0.598001189984396 -0.422732096755823 0.772674042034228 0.0253832684966202 0.472893316530634
1461244007.38465 -2.66464262553534 -1.37646899810097 0.582158002303597 -0.423531999531335 0.762493784223534 0.0247160303691305 0.488480288482818
1461244007.48459 -2.63148198869283 -1.35808073963428 0.565622822807694 -0.412836507905796 0.762696400784527 0.0286112206751739 0.497032811816234
1461244007.56463 -2.60240867918691 -1.34314456939658 0.552755731499856 -0.405109633835384 0.764144917991343 0.0320091493752196 0.500943253510854
1461244007.64489   -2.572663158238 -1.32808486305693 0.543121461606726 -0.403690319858547 0.756793588950702 0.0449675399826449 0.512128411361377
1461244007.76484 -2.52993920199444 -1.31079761104068 0.528275107602284 -0.396340971669284 0.764202062291272 0.0488207096959879 0.506483544126357
1461244007.88478 -2.48722694831491 -1.28778595127809 0.518222813012501 -0.393219035522983 0.763485335703199 0.0594308616591243 0.508858433113772
1461244008.04477 -2.43252596906373 -1.25106401788986 0.498024924421474 -0.399126122758554 0.770639014765462 0.0676026803167097 0.492182613129556
1461244008.1646 -2.39135681917513 -1.22706216294537 0.477242688071165 -0.403068664796914 0.785393340841144 0.064972807223533 0.465264963158321
1461244008.30651 -2.34468133753501 -1.20584222905014 0.450205283001062 -0.409891065701838 0.800534116914477 0.0618979058459135 0.432785271428755
1461244008.42529 -2.30808488620683 -1.19072983117053 0.422085666429588 -0.403124768316649 0.817086036851122 0.0578912230029298 0.408055677391947
1461244008.52472 -2.27875766890624 -1.17282362351587 0.396449672740783 -0.415435023685836 0.816077336992395 0.05365768117347 0.398186356362993
1461244008.62509 -2.25463824322863 -1.15344622345341 0.366007794476109 -0.428244323067503 0.816032889135844 0.0530097909287677 0.384560899825699
1461244008.70697 -2.23728357888036 -1.14194221835293 0.339075055033169 -0.430177881999475 0.822958567801688 0.0489920112599463 0.36781240918836
1461244008.78484 -2.21949618296861 -1.13052509443517  0.31068836790061 -0.426632038933842 0.832302582937848 0.0501105779478944 0.350351885634811
1461244008.90655 -2.19464735506242 -1.11400264940083 0.271793793869643 -0.431645285240884 0.836657002436065 0.068041127354288 0.330239024030127
1461244009.04473 -2.16860427764329 -1.10083322489393 0.235375356358859 -0.432386819246906 0.845336045010393 0.0746379084531361 0.304758580140859
1461244009.28442 -2.12299853962237 -1.07710324366898 0.177696912618507 -0.434593172227669 0.852827704179785 0.0891722894969446 0.275430543735443
1461244009.48449 -2.08388960223334 -1.05617546157891 0.122505044830211 -0.451774964984556 0.853190986453636 0.0841073013296267 0.24675997145105
1461244009.68464  -2.04067398063928  -1.04134385647323 0.0670486428177596 -0.466597892466599 0.851968382602714 0.0784926326465534 0.22422129339395
1461244009.90445   -1.99855004534348   -1.01342196376027 0.00414869218924605 -0.475207108658335 0.843558867368808 0.0946541858395922 0.231575530372021
1461244010.10447   -1.95123987307006  -0.980012717296051 -0.0642120064417319 -0.49171189805866 0.828723731245593 0.102550248228799 0.246819434336408
1461244010.22449  -1.91201770593792 -0.959431515853733 -0.113791249623489 -0.494587399800817 0.817117822965603 0.113449531622375 0.273552501587692
1461244010.34568   -1.8678968059268 -0.952314159086589 -0.168172416504912 -0.506574870238755 0.804642023576631 0.109951219646238 0.289558014973506
1461244010.44511  -1.82860133380158  -0.95319988365956 -0.210921732934082 -0.525111178444157 0.787399304677222 0.104054456146543 0.30566853849041
1461244010.56455  -1.78185991511708 -0.953423561096777 -0.258366768548386 -0.526169024455268 0.781101246623452 0.0933279102963046 0.322981270953606
1461244010.70475 -1.72647473762852 -0.93942178595099 -0.30910927257143 -0.533262463526531 0.765798615917939 0.0945566932823672 0.346760229275631
1461244010.80447  -1.68233106544716 -0.915382813953775  -0.34399812855273 -0.529666459895026 0.750446297078955 0.098494600260544 0.382861084706021
1461244010.90438  -1.63499604866299 -0.890247701387264 -0.380773595093075 -0.529311364103658 0.733284977767202 0.0914625989032461 0.416841953519007
1461244011.00455  -1.58651890999197 -0.869710463848538 -0.422976527359816 -0.531951139728988 0.728239617597416 0.0723317165762076 0.425984937620733
1461244011.10476  -1.53602487063437   -0.8522764745292 -0.461463510801914 -0.527415993104996 0.721122262460123 0.0646804977039817 0.444557629580496
1461244011.20445  -1.48723595704704 -0.836435245878648 -0.498101617296699 -0.510654934925061 0.715481718803241 0.0721070613279003 0.471293983837792
1461244011.24439  -1.46963001048698 -0.830082965902544 -0.513464126310935 -0.508876220439435 0.710933378077339 0.0812811588198289 0.478552084341636
1461244011.34447  -1.42587411288703  -0.81548787535381 -0.551620382113913 -0.507514834077134 0.697205974633293 0.0832310833265361 0.499404754578479
1461244011.4443  -1.38368122146572 -0.800567060399416 -0.592035698485794 -0.487131418075939 0.689570530618669 0.0813379390185625 0.529697653857202
1461244011.54435  -1.34372430122132 -0.788243303764565 -0.635576521801959 -0.47982814064443 0.673735423960342 0.0639838728043413 0.558347201987836
1461244011.64434  -1.30616460269256 -0.782152297020267 -0.680357206013952 -0.467180597491079 0.655613085047329 0.046883984597553 0.591367621730222
1461244011.74429  -1.27292379860341 -0.785266218071795 -0.724937190650077 -0.451183969689522 0.640321835625101 0.0340693312773897 0.620693364700492
1461244011.84474  -1.24016732630371 -0.798524654677946  -0.76934366515801 -0.439051689658212 0.621156391083603 0.0139228263198222 0.64900270148246
1461244011.96431   -1.2039162192345 -0.815419693418517 -0.828386350274057 -0.416433344531463 0.611287571567896 -0.00184843736949479 0.672983920824454
1461244012.08441  -1.17349801349126 -0.830117608687723 -0.895687837935399 -0.393096039560808 0.608761438126655 -0.015406459387574 0.688946773082444
1461244012.20632  -1.15496182813184 -0.828372038755637 -0.968045035237119 -0.382367467134518 0.597558810420161 -0.028732897833563 0.704196711685351
1461244012.32505  -1.14123251377842 -0.820538826680085  -1.04596807988823 -0.384835016438928 0.57881080389643 -0.0416004440221031 0.717739135391391
1461244012.44437  -1.13101123345163 -0.818342873526285   -1.1288734734539 -0.389458633532807 0.561399908758407 -0.036922656047795 0.729238529346322
1461244012.54456  -1.12259911403563 -0.823586046659132  -1.20799494148703 -0.397937611206938 0.567368978489548 -0.0358846129484037 0.720034995252443
1461244012.64432  -1.11721600655631 -0.831188139902219  -1.28917804545767 -0.408676538829612 0.572528915421183 -0.0201715382344318 0.710483804644518
1461244012.74436 -1.11814144965554 -0.83040409028744 -1.36836589234645 -0.408405802529651 0.573616794521034 -0.00849527282650928 0.709997397067855
1461244012.84447  -1.12407305034863 -0.826871366060296  -1.44926462133865 -0.415901585096167 0.56906759749231 -0.00927713446172109 0.709296747331471
1461244012.94422  -1.13348636719032 -0.826294104168524  -1.53290343255556 -0.425261078305126 0.571767804478499 -0.0151034429853674 0.701431735132212
1461244013.04426  -1.14275317038092 -0.828616351380377  -1.60972208273871 -0.421019571681787 0.573644637583595 0.00280542823396175 0.702614033168207
1461244013.14424  -1.14672486738082 -0.829739832762804  -1.68150198973936 -0.438429935838159 0.56520342741495 0.0202526564482409 0.6985084873544
1461244013.26427  -1.14569409416958 -0.831261256647256  -1.75791915860686 -0.431255637512562 0.559289007257546 0.04170948674578 0.706735240517908
1461244013.38423  -1.14533483809248 -0.821069464751249  -1.83490314540246 -0.431522198909238 0.552509499048381 0.0513441813110216 0.711256367532371
1461244013.48423  -1.14375049215261 -0.801267664369618  -1.89816089638023 -0.447910561942227 0.53124405063405 0.0480024483840569 0.717531638407437
1461244013.60787  -1.13122058587904 -0.778841025041095  -1.97314269377761 -0.458418991926322 0.520386369230624 0.0320175074471286 0.719739490216492
1461244013.72483  -1.10938615754696 -0.770004139640476   -2.0358416557539 -0.459430045060794 0.509460343964816 0.0300786586302954 0.726959053810936
1461244013.86434  -1.07250518877765 -0.774801250344503  -2.09243286747555 -0.45109821862285 0.505438418932849 0.027017913651049 0.735059476616619
1461244013.98421 -1.03663610079723 -0.78087458246726 -2.12709172284772 -0.426909001250811 0.498796859480682 0.0157854725247929 0.754122812597798
1461244014.10666  -1.00407425894439 -0.772315914238235  -2.15239583517278 -0.40974580372165 0.46904475995128 0.00305669015166737 0.78236567290498
1461244014.24419 -0.972285665521058 -0.759528878296648   -2.1748508123853 -0.384396292272849 0.437838460842411 -0.00745090936127807 0.812700102524741
1461244014.38424 -0.945921599729261 -0.742557203498066   -2.1809362516298 -0.372805010768211 0.38828621094921 -0.00259916549885414 0.84275944769046
1461244014.52445   -0.9145063195952 -0.733988191090109   -2.1716510110433 -0.342424565912371 0.356597432677554 -0.000367255995748238 0.869243091885426
1461244014.66418 -0.877627376733142  -0.71355385210865  -2.14864388295964 -0.321978355919763 0.327957184650689 -0.00301269305122999 0.888124398401361
1461244014.78431 -0.839354325816015 -0.684954737075698  -2.11201697112463 -0.291134481632435 0.315940121318762 0.00578909063767544 0.902988947759211
1461244014.90644 -0.795281794746894 -0.649956043457049  -2.06692638395091 -0.276860429321641 0.305734352360593 0.00831107753818474 0.910936734604901
1461244015.02442 -0.749343592474849 -0.622848163835034  -2.01539208679534 -0.270609153005378 0.295867015053815 -0.000194653192108635 0.916096805923366
1461244015.12425  -0.71090333328553 -0.609492689728935   -1.9712627256657 -0.245008710737441 0.301196416501897 -0.00107180774218812 0.921547774983672
1461244015.22418 -0.679472498507367 -0.590343802825442  -1.92417802462817 -0.237580698888041 0.290080691980058 0.00740609820144802 0.927013351233773
1461244015.32412 -0.654227326815895 -0.567543611151813  -1.87142402534748 -0.238929115854326 0.263827437646075 0.00477280518526782 0.934497287889505
1461244015.42418 -0.629362644002168 -0.544721783001497  -1.81409534371887 -0.222427292449202 0.247926892746344 0.00992825605001091 0.942846639257237
1461244015.5243 -0.604737875684074 -0.523330699970301  -1.75407807819634 -0.200491277731484 0.228580827641996 0.0215993906907647 0.952411423235717
1461244015.64405 -0.572223439595187 -0.507943262269559   -1.6826378730135 -0.176515635233059 0.211081478431142 0.0132651756388728 0.961306857926678
1461244015.74432 -0.553794247555381  -0.50410845136362  -1.62281109167025 -0.155369092107418 0.167968802201684 0.0152624007777918 0.973351933180978
1461244015.86419 -0.530968371484818 -0.494367482338964  -1.55043975354708 -0.144651853809916 0.144084738620902 0.0189159995489448 0.978753091564448
1461244015.96478 -0.517683549290957 -0.481560825839064  -1.48668922517934 -0.126680666114478 0.122394582164154 0.0292494878029713 0.983928880840947
1461244016.08432 -0.504588241704469 -0.461862895195122  -1.40592802181137 -0.108615349184842 0.105429120373672 0.0180297247017252 0.988312873297656
1461244016.18408 -0.494153792382853 -0.447592167768122  -1.33536376866434 -0.0867514555586447 0.0909903468784062 0.0151639875953971 0.991950097138768
1461244016.28449 -0.478816205803152 -0.440323354079163   -1.2674142150765 -0.0633101224789567 0.0933415860023635 0.0102871807978585 0.99356597698668
1461244016.40744 -0.457909843761345 -0.430255741037179  -1.18871611153555 -0.0549594443556011 0.0838905032900956 0.0224817211444024 0.994704184744511
1461244016.52444 -0.439227456344347 -0.415793221223126  -1.11252427043112 -0.0592399744807949 0.0661177557826479 0.0255520520454519 0.995723937861317
1461244016.6444  -0.42463965141437 -0.390572083468894  -1.03343123702897 -0.0602221976765 0.0494467372395442 0.0317871603497182 0.996452649913822
1461244016.76408 -0.409194629486672 -0.363092004485393 -0.950656568686482 -0.0558149372049404 0.0372266807514578 0.0327439309143322 0.997209457442776
1461244016.88408  -0.38564607135436 -0.342903710384244 -0.864206958150401 -0.042695357862127 0.0277299253574208 0.0336682346887187 0.998135565757298
1461244017.00643 -0.361844315810354 -0.329870927062367 -0.779585359333234 -0.0310974088266756 0.00453099728091111 0.0355925021744442 0.998872161498592
1461244017.144 -0.331366570278908 -0.309912021995768 -0.686852375665561 -0.0397767476162254 -0.00712649637101587 0.0393925982364482 0.998406353446697
1461244017.28487 -0.303697933415692 -0.281787778151252  -0.59557089937167 -0.0370667514513589 -0.00298977864343701 0.0473440139061316 0.998186185792892
1461244017.40625  -0.28323183725911 -0.245020374419885  -0.50950321209856 -0.0392286530118669 -0.000179114645395269 0.041818472881237 0.998354794663049
1461244017.50622 -0.263867925278718 -0.219248593065676 -0.438459065210424 -0.0194549669291528 0.0117256406833386 0.034115768703867 0.999159710926184
1461244017.60626 -0.246851842014709 -0.195400260808628 -0.364616579218025 -0.0219217953200358 0.000707677972311529 0.0340732764234968 0.999178635638093
1461244017.70632 -0.230432461805893 -0.177722171951391 -0.295049343507551 -0.0308366326285995 -0.0218004638541604 0.0199176383659417 0.999088149036808
1461244017.82511 -0.211461784928421 -0.156934552976575 -0.221454889825336 -0.0409914051607916 -0.0404563112823682 0.0286543752329538 0.997928814275035
1461244017.94402 -0.195417377910453  -0.13145591333306 -0.157216150442909 -0.044652812004642 -0.0649190658062485 0.0425905128852492 0.995980767629121
1461244018.06402  -0.175800236388124 -0.0996573963506169  -0.101575308028092 -0.0414103898704721 -0.0866990851535611 0.0475164178156865 0.994238722984715
1461244018.16472  -0.158064238846648 -0.0702411548869757 -0.0598885771541834 -0.0383253784296375 -0.112987951471354 0.0524888313004365 0.991468512247992
1461244018.28471   -0.13237557877794 -0.0360920886485557 -0.0129071089369849 -0.0263580906513183 -0.140764838135486 0.0612132931161458 0.987797268748899
1461244018.40433    -0.10383803483041 -0.00303709782414392   0.0288423912827189 -0.042048688166468 -0.162094473108787 0.0508249372249815 0.984567984126612
1461244018.54415 -0.0703848309417121   0.025444302561104   0.072624454509064 -0.050380569089413 -0.165910926345032 0.0551566202225383 0.983307230738789
1461244018.68449 -0.0445531052424454  0.0530013310033975   0.110123918546831 -0.0584466028939983 -0.152191747309213 0.0656318287505718 0.984435944953238
1461244018.8239 -0.0315159585912792  0.0817628518735174   0.139925407689907 -0.0846450874594886 -0.146553071814927 0.0616319397056808 0.983645723987402
1461244019.0249 -0.0209080892070096  0.0989727444527606   0.174622040677084 -0.0980463400861578 -0.120056154283106 0.0786411057727811 0.98477866117077
1461244019.24389 -0.0155635570986156   0.111188103614735    0.19607057785577 -0.116414336846108 -0.0885005677129184 0.0780547453165889 0.986165710428392
