3.630286 0.0000000 0.0000000 0.0000000 0.0000000 0.0000000 0.0000000 1.0000000
3.837524 -0.0018421 -0.0002855 0.0319209 0.0005622 0.0310542 0.0031831 0.9995125
3.941290 0.0071879 -0.0007042 0.0418025 0.0011072 0.0328033 0.0063853 0.9994408
4.148625 0.0127705 -0.0012347 0.0717175 0.0007713 0.0495161 0.0118473 0.9987028
4.355974 0.0223438 -0.0019036 0.1015038 -0.0000781 0.0589325 0.0151137 0.9981475
4.563217 0.0265290 -0.0020336 0.1307601 -0.0006647 0.0711161 0.0152857 0.9973507
4.666947 0.0303459 -0.0017150 0.1458745 0.0012779 0.0752820 0.0149753 0.9970490
4.770559 0.0337524 -0.0016861 0.1610152 0.0030770 0.0793174 0.0151471 0.9967296
4.874319 0.0369624 -0.0015550 0.1763088 0.0047214 0.0832731 0.0156491 0.9963927
4.977967 0.0403508 -0.0013459 0.1917157 0.0057475 0.0861045 0.0153884 0.9961507
5.185269 0.0471079 -0.0010568 0.2232121 0.0079157 0.0900270 0.0154329 0.9957883
5.392622 0.0547618 -0.0007729 0.2558286 0.0104208 0.0923219 0.0141192 0.9955746
5.600026 0.0619036 -0.0006055 0.2887377 0.0106327 0.0934611 0.0133835 0.9954762
5.807340 0.0690003 -0.0006550 0.3225648 0.0119485 0.0944341 0.0132087 0.9953718
6.014715 0.0763236 -0.0004659 0.3565890 0.0141635 0.0935317 0.0132476 0.9954274
6.221927 0.0828776 0.0001233 0.3906725 0.0179568 0.0922787 0.0112579 0.9955077
6.429280 0.0896842 -0.0003174 0.4258026 0.0190043 0.0894824 0.0098058 0.9957588
6.636673 0.0966412 -0.0008979 0.4611272 0.0218904 0.0861185 0.0085086 0.9960080
6.844097 0.1035806 -0.0019575 0.4968290 0.0238031 0.0826956 0.0089644 0.9962502
7.051471 0.1106427 -0.0033636 0.5327579 0.0234052 0.0784209 0.0114403 0.9965799
7.258923 0.1173062 -0.0047908 0.5688748 0.0261868 0.0743568 0.0137119 0.9967935
7.466210 0.1234167 -0.0047010 0.6044821 0.0289478 0.0704705 0.0145914 0.9969870
7.673572 0.1296524 -0.0055283 0.6414658 0.0307385 0.0661726 0.0160079 0.9972062
7.881024 0.1351822 -0.0071775 0.6790864 0.0320427 0.0616767 0.0166333 0.9974430
8.088400 0.1396186 -0.0086800 0.7176026 0.0352107 0.0581636 0.0162535 0.9975535
8.295863 0.1425836 -0.0107274 0.7571037 0.0366444 0.0557114 0.0154195 0.9976551
8.503235 0.1454981 -0.0153008 0.7971876 0.0347763 0.0510031 0.0149264 0.9979812
8.710698 0.1473345 -0.0206054 0.8390865 0.0338193 0.0470631 0.0161134 0.9981892
8.918107 0.1490267 -0.0236724 0.8804707 0.0358290 0.0419866 0.0185760 0.9983027
9.125548 0.1488797 -0.0274387 0.9234350 0.0369080 0.0358129 0.0194783 0.9984868
9.229148 0.1480079 -0.0296486 0.9458120 0.0387185 0.0317595 0.0212562 0.9985191
