0.999998928 0.000419104189 0.0014031519 0.00091826113 -0.000419598369 0.99999985 0.000351917087 0.00179632389 -0.0014030042 -0.00035250547 0.999998954 0.0023492739
0.999116777 0.00565345694 -0.0416377824 0.0322215266 -0.00557878977 0.999982616 0.0019092325 -0.00454994091 0.0416478523 -0.00167525778 0.999130947 0.248533337
0.999089025 0.0023780223 -0.0426082701 0.0313250876 -0.00214459785 0.999982447 0.00552325607 -0.00494835502 0.0426206566 -0.00542684692 0.999076588 0.274432415
0.999045766 -0.00126246557 -0.0436573359 0.0303063519 0.00143366622 0.999991405 0.00389037588 -0.00528555511 0.0436520492 -0.0039492536 0.999038989 0.300064419
0.99899896 -0.00497978613 -0.044455366 0.0292618083 0.00497764299 0.999987599 -0.000158905697 -0.00552880418 0.044455606 -6.25363142e-05 0.999011359 0.325503518
0.998949631 -0.00632386556 -0.0453832945 0.0281051637 0.00625446196 0.999979044 -0.00167111208 -0.00596268821 0.0453929113 0.00138550871 0.99896825 0.350717326
0.998900281 -0.00757632283 -0.0462690715 0.0269697043 0.00757506861 0.999971288 -0.000202449128 -0.00638705228 0.0462692768 -0.0001482649 0.998928992 0.375817528
0.99885545 -0.00919098273 -0.0469394984 0.0257800041 0.0093394086 0.999952054 0.00294372795 -0.00682351973 0.0469101921 -0.00337874586 0.998893397 0.400552458
0.998807893 -0.0110700185 -0.0475420593 0.0246038973 0.011409791 0.999911228 0.00688134786 -0.00715285524 0.0474616622 -0.00741558951 0.998845533 0.425127617
0.998743622 -0.013645079 -0.0482181452 0.0234802536 0.014118043 0.999855377 0.00948190513 -0.00748093524 0.0480817904 -0.0101507381 0.998791822 0.449143919
0.99867609 -0.0160182048 -0.048882349 0.0223417338 0.016475188 0.999824127 0.00896005878 -0.00776204085 0.0487302279 -0.00975354236 0.998764353 0.472678758
0.998622136 -0.0171753427 -0.0495866562 0.0211859855 0.0175444694 0.999821451 0.00701841037 -0.00800314985 0.049457259 -0.00787871153 0.998745165 0.495831061
0.998624936 -0.0154561075 -0.0500933699 0.0199692847 0.0156954168 0.999867193 0.00438740147 -0.00829894341 0.050018905 -0.00516760483 0.998734902 0.518602214
0.998630632 -0.0147897312 -0.0501809107 0.0187763876 0.0149057974 0.999887021 0.00193949412 -0.00862389771 0.0501465568 -0.00268482473 0.998738261 0.541111577
0.998669977 -0.0134065766 -0.0497849412 0.0168550571 0.0135011431 0.999907633 0.0015636851 -0.00890633461 0.0497593791 -0.00223375898 0.998758737 0.563362439
0.998763859 -0.0111279191 -0.0484450513 0.0159886671 0.0112763267 0.999932525 0.0027911899 -0.00927772499 0.0484107223 -0.00333402182 0.998821949 0.585594868
0.998880882 -0.00851498842 -0.0465239609 0.0149624954 0.00866013298 0.99995824 0.0029191074 -0.00963159574 0.0464971619 -0.00331874426 0.998912909 0.607428008
0.998977442 -0.00865884664 -0.0443744799 0.0139961926 0.00871220806 0.999961539 0.00100926749 -0.00993095915 0.0443640341 -0.00139483516 0.999014458 0.628815286
0.999081292 -0.00959596535 -0.0417670945 0.0131254009 0.00963427311 0.999953333 0.000715981843 -0.0102580427 0.0417582748 -0.00111771966 0.999127118 0.649946245
0.999189057 -0.00931645289 -0.0391718315 0.0123156919 0.00937566255 0.999955166 0.00132810296 -0.0106245113 0.039157702 -0.00169428782 0.999231607 0.670714928
0.999265104 -0.0114255659 -0.0365883722 0.0107597236 0.0115157361 0.99993115 0.00225464912 -0.0109522091 0.0365600925 -0.00267433423 0.999327878 0.691011842
0.999315703 -0.0130353763 -0.034615089 0.0104658358 0.0131533995 0.999908421 0.00318405057 -0.0113012825 0.0345704137 -0.00363717783 0.999395646 0.71096193
0.999379022 -0.0141174762 -0.0322841536 0.00990510282 0.0142573917 0.99988992 0.00410777201 -0.0116206676 0.0322226084 -0.00456550899 0.99947029 0.730450067
0.999396389 -0.017476281 -0.0300239386 0.00952845942 0.0176751203 0.99982349 0.00637008934 -0.0118953236 0.0299073136 -0.00689692101 0.999528882 0.749529872
0.999463793 -0.0167916376 -0.0281099042 0.0084102637 0.0170468846 0.999815387 0.00886542734 -0.0121185711 0.0279558497 -0.00933985994 0.999565524 0.76810901
0.999534908 -0.0162041773 -0.025833923 0.00815842503 0.0164645114 0.999815472 0.00989655113 -0.0124022786 0.0256687905 -0.0103172912 0.99961726 0.786157971
0.999597177 -0.0155264067 -0.0237574246 0.00781979659 0.0157068992 0.999849035 0.00742965084 -0.01268027 0.0236384823 -0.00779981348 0.999690145 0.803554118
0.999656909 -0.0145953055 -0.0217494972 0.00742059628 0.0146442142 0.999890581 0.00209114963 -0.0129395637 0.0217165965 -0.00240893647 0.999761265 0.820334214
0.999713099 -0.0135992203 -0.0197175475 0.00706833584 0.0135775688 0.999907062 -0.00123154556 -0.0132037314 0.019732463 0.000963475867 0.999804832 0.836670282
0.999746326 -0.0134451574 -0.0180696264 0.0068823213 0.0134455698 0.999909599 -9.86712131e-05 -0.0134255452 0.0180693195 -0.00014431024 0.999836726 0.852555438
0.999771288 -0.0128702756 -0.0170800636 0.00623126875 0.0129413716 0.99990802 0.00405852774 -0.0137114819 0.0170262582 -0.00427863895 0.999845888 0.868141106
0.999792915 -0.0124994013 -0.0160590437 0.00606162885 0.012591117 0.999904919 0.00562279495 -0.0140696067 0.0159872352 -0.00582383185 0.999855235 0.882788861
0.999785765 -0.0108347814 -0.0176360617 0.00581790356 0.0108831107 0.999937274 0.00264670546 -0.0143418721 0.017606279 -0.00283807366 0.999840969 0.896849124
0.999711671 -0.00971247486 -0.0219600044 0.00528860098 0.0096881654 0.999952333 -0.00121310831 -0.0145589939 0.0219707399 0.00100000638 0.999758114 0.910347391
0.999581824 -0.00843675098 -0.0276586155 0.00490722786 0.00836385522 0.99996124 -0.00275018531 -0.0147901655 0.0276807461 0.00251770259 0.999613644 0.923205854
0.999406893 -0.00401883593 -0.0342010404 0.00435909396 0.00392443275 0.999988304 -0.00282692517 -0.0150698035 0.0342120013 0.00269102881 0.999410975 0.935588692
0.99910876 -0.000444407015 -0.0422076848 0.00331366223 0.000344670735 0.999997132 -0.00237023637 -0.0153029698 0.0422086171 0.00235357616 0.999106047 0.947903426
0.998571501 0.00286072574 -0.0533551709 0.00254000403 -0.00294822303 0.999994435 -0.00156126712 -0.0156293933 0.0533504076 0.0017163398 0.998574378 0.959177891
0.997587369 0.00154051846 -0.0694051078 0.00166357402 -0.00154762022 0.999998801 -4.85522084e-05 -0.0158862413 0.0694049498 0.000155847818 0.997588557 0.970267115
0.995886133 0.000843185147 -0.090609597 0.000275957688 -0.000860399545 0.999999618 -0.000150923858 -0.0160556435 0.0906094352 0.000228263434 0.995886479 0.981271483
0.993022881 -0.00138453312 -0.117913698 -0.00129749568 0.00142207207 0.999998961 0.000234225702 -0.0162925588 0.117913251 -0.000400273258 0.993023819 0.991508216
0.98794739 -0.00171530528 -0.154780527 -0.00345845644 0.00201426698 0.999996397 0.00177471104 -0.0164859149 0.154776925 -0.00206509044 0.987947286 1.00154651
0.979879939 -0.000765179421 -0.19958637 -0.00629187776 0.00189357973 0.999983286 0.00546286884 -0.0165418694 0.199578854 -0.0057308883 0.97986501 1.01159108
0.968258112 -0.000557956418 -0.249951828 -0.00954807775 0.00292271213 0.999954416 0.00908978648 -0.0165928076 0.249935362 -0.00953179674 0.968215606 1.02097551
0.951600528 0.000580486041 -0.307337109 -0.013370648 0.00371213252 0.999903562 0.0133823648 -0.0166238032 0.307315238 -0.0138755415 0.951506602 1.03028734
0.929777639 0.00300456802 -0.368109379 -0.0178241003 0.00436563131 0.999806374 0.0191873748 -0.0166814933 0.368095753 -0.0194470219 0.929584493 1.03887832
0.902514 0.00819922427 -0.430582458 -0.0228540993 0.00308766098 0.999669857 0.025507715 -0.0165960699 0.430649448 -0.0243505625 0.902190725 1.04739332
0.870299719 0.0158550307 -0.492267221 -0.0284550465 0.000667742203 0.999442818 0.0333707623 -0.0165569178 0.492522033 -0.0293712727 0.869804217 1.05525321
0.833222731 0.0220119302 -0.55249919 -0.0346777274 -4.46609463e-05 0.99920998 0.039741828 -0.0163348032 0.5529375 -0.0330891194 0.832565452 1.0631315
0.791823345 0.0256968848 -0.610209358 -0.0413744747 0.000654193816 0.999078226 0.0429216689 -0.0162341219 0.610749836 -0.0343855747 0.791076652 1.0702105
0.744936311 0.0262162133 -0.666620283 -0.0484959264 0.00611637251 0.998917209 0.0461194107 -0.0159122391 0.667107549 -0.0384333216 0.743969353 1.07666565
0.691147972 0.0296469198 -0.722104938 -0.0565445342 0.00810320111 0.998777562 0.048761873 -0.0155785328 0.722667849 -0.0395530312 0.690062851 1.0830931
0.633065144 0.0344349435 -0.773332243 -0.0651602789 0.00716880054 0.998706464 0.050338931 -0.0151046416 0.774065327 -0.0374116872 0.631999394 1.08847954
0.569604948 0.0416121371 -0.820864564 -0.0745851974 0.00554712732 0.998500205 0.0544662305 -0.0146751797 0.821899892 -0.0355776747 0.56851983 1.09363536
0.502506479 0.0414883197 -0.863577418 -0.0846873983 0.0164270783 0.998209479 0.0575151066 -0.0142111515 0.86441737 -0.0430877676 0.500925199 1.0983172
0.430093125 0.0360823719 -0.902063172 -0.0949535002 0.0295453164 0.998103154 0.0540108145 -0.0138110797 0.902300935 -0.0498814218 0.42821124 1.10249771
0.354463742 0.0315269659 -0.934538124 -0.105773631 0.0358486775 0.998238513 0.0472730718 -0.0135598149 0.934382324 -0.0502585458 0.352709159 1.10558177
0.276582759 0.02542021 -0.960653835 -0.11705816 0.0391937315 0.99851994 0.0377065032 -0.0133037233 0.960190517 -0.0480805771 0.275177087 1.10784175
0.200586001 0.0215518286 -0.97943901 -0.129149509 0.0397701918 0.998754733 0.0301216658 -0.0128311762 0.978868524 -0.0449944618 0.199479098 1.10926914
0.129078487 0.0189526565 -0.991453247 -0.141213503 0.0426489281 0.998786101 0.0246453467 -0.0122193039 0.990716818 -0.0454656023 0.128113488 1.10994096
0.0642357494 0.0224056705 -0.997683193 -0.154368371 0.0403588165 0.998871674 0.02503086 -0.0118105665 0.997118315 -0.041873189 0.0632590043 1.10992824
0.00773396006 0.0317110444 -0.999467156 -0.167427213 0.0375614646 0.998782468 0.0319799744 -0.0116787214 0.999264391 -0.037788782 0.00653343045 1.10917279
-0.0395707188 0.0393850095 -0.998440273 -0.18075376 0.0335618248 0.998711478 0.0380655674 -0.0115744911 0.998652974 -0.0320031957 -0.0408415638 1.1077326
-0.0776486904 0.0401825979 -0.996170688 -0.19394131 0.0316505511 0.99878317 0.0378209068 -0.0113406834 0.99647826 -0.0285926074 -0.0788260065 1.10599835
-0.107493083 0.0361926016 -0.993546845 -0.207547234 0.0263434459 0.999089984 0.0335443947 -0.0109202272 0.99385676 -0.0225676571 -0.108348701 1.10383063
-0.129062156 0.0372161311 -0.990937899 -0.221225357 0.0214806925 0.999165944 0.0347274499 -0.0104822888 0.991403823 -0.0168040327 -0.12975394 1.10137566
-0.143216672 0.042649278 -0.988771978 -0.235539782 0.0183015101 0.999014336 0.0404402224 -0.00991855734 0.989522127 -0.0123043063 -0.143856054 1.09887307
-0.150870589 0.0470913552 -0.987431248 -0.249941215 0.0169147193 0.998841474 0.0450511011 -0.0094063958 0.988408801 -0.00990523623 -0.151492339 1.0963779
-0.153481366 0.0481802707 -0.986976257 -0.264759929 0.016431585 0.998796961 0.04620209 -0.00901514327 0.988014916 -0.0091264244 -0.1540884 1.09391163
-0.154585465 0.0426242697 -0.987059525 -0.279780297 0.0149537261 0.999055412 0.0408003546 -0.00863341691 0.987866246 -0.00845307604 -0.155076837 1.09141332
-0.155016349 0.0314749045 -0.987410382 -0.295115743 0.0162200129 0.999438704 0.0293118962 -0.00796256949 0.987778742 -0.011471986 -0.155439863 1.08898165
-0.154394748 0.024083676 -0.987715667 -0.310924473 0.020147404 0.999571732 0.021223424 -0.00736697171 0.987803798 -0.0166231214 -0.154813849 1.08657336
-0.153598288 0.0236920686 -0.987849306 -0.327417527 0.023732855 0.999512585 0.0202816307 -0.00691362193 0.987848327 -0.0203292606 -0.154085703 1.08415018
-0.151866222 0.0274592234 -0.988019555 -0.344476982 0.0264093891 0.999369865 0.0237153467 -0.00664990488 0.988048174 -0.0224914328 -0.152495707 1.08158492
-0.149281713 0.0285897105 -0.988381302 -0.36199359 0.023850367 0.9993952 0.0253060188 -0.00629559934 0.988507021 -0.0197955309 -0.149873302 1.07882837
-0.145145483 0.0291780274 -0.988979995 -0.379921401 0.0202163088 0.999443847 0.0265197418 -0.00587833889 0.989203765 -0.0161443042 -0.145654632 1.07607165
-0.13903748 0.0285870506 -0.989874416 -0.398324886 0.0150625884 0.999528662 0.0267501732 -0.00542129158 0.990172559 -0.0111907943 -0.139402542 1.07331058
-0.13154259 0.0265206555 -0.990955701 -0.417104822 0.00747665502 0.999640181 0.0257606009 -0.00504304099 0.991282324 -0.00402041776 -0.131693544 1.07056726
-0.121944608 0.0255711667 -0.992207452 -0.436434464 0.0031334524 0.999673004 0.0253784603 -0.0045635775 0.992531961 -1.4268447e-05 -0.121984858 1.06796827
-0.111925342 0.0280172115 -0.993321576 -0.456217705 -0.00100252016 0.999598767 0.0283072251 -0.00403263233 0.993716113 0.00416412076 -0.111852346 1.06560555
-0.101761306 0.0319181539 -0.99429667 -0.476549105 -0.00669350647 0.99944056 0.0327683261 -0.00348129998 0.994786326 0.00998987886 -0.101490732 1.06326406
-0.0915253404 0.0346154962 -0.995200924 -0.497255901 -0.0107825111 0.999302602 0.0357497944 -0.00295505303 0.99574437 0.0140027771 -0.0910882688 1.06121061
-0.0819136237 0.033380968 -0.996080252 -0.5183978 -0.0132155791 0.999314684 0.0345761572 -0.00231927421 0.996551808 0.0159960357 -0.0814163382 1.05933615
-0.0727741021 0.0317782491 -0.99684205 -0.539799515 -0.0108624974 0.999407717 0.0326530525 -0.00161952403 0.997289294 0.0132044907 -0.0723858081 1.05779253
-0.0657998905 0.0335682212 -0.997268043 -0.561750867 -0.00861576643 0.999377607 0.034207699 -0.00086826163 0.997795642 0.0108430914 -0.0654697212 1.05639986
-0.060538467 0.037280291 -0.997469435 -0.584117547 -0.00692750443 0.999262531 0.0377677522 -0.000212483904 0.998141825 0.00919637575 -0.0602355624 1.05505771
-0.0574488097 0.0424344065 -0.997446217 -0.606987589 -0.00562201594 0.999066678 0.042827151 0.000561319095 0.998332624 0.00806802738 -0.0571566246 1.0537087
-0.0556443614 0.0452002536 -0.997427011 -0.630071793 -0.00352305381 0.998959663 0.0454662523 0.00145175537 0.998444437 0.00604392961 -0.0554272296 1.05247613
-0.054217465 0.0452801762 -0.997501966 -0.653529272 -0.00389808545 0.998954091 0.045557967 0.00237952931 0.998521543 0.00635838538 -0.0539842525 1.0510947
-0.0530456144 0.0420319245 -0.997707111 -0.677079624 -0.00849065881 0.999058673 0.0425402911 0.00324996942 0.998555993 0.0107277666 -0.0526388024 1.04960277
-0.0521544365 0.0383517787 -0.997902328 -0.701030036 -0.0103909851 0.999187357 0.0389442406 0.00411555853 0.99858497 0.0124003031 -0.0517135407 1.04817696
-0.0509495915 0.0366853661 -0.998027216 -0.725206738 -0.011288373 0.99924012 0.0373062248 0.00489594548 0.998637428 0.0131668404 -0.0504967579 1.04682449
-0.0495579718 0.0363968554 -0.998107848 -0.749651502 -0.0122682797 0.999238206 0.0370472186 0.00565385245 0.998695898 0.0140810512 -0.049073692 1.04547242
-0.0476637627 0.0373360991 -0.998165408 -0.77444886 -0.0120234155 0.999207333 0.0379492066 0.00635384536 0.998791071 0.0138101594 -0.0471770737 1.0442166
-0.0456475878 0.0376211275 -0.998248941 -0.799500452 -0.0131574828 0.999181271 0.0382579252 0.00712954406 0.998870952 0.0148808253 -0.0451152154 1.04297002
-0.0436237101 0.0393367782 -0.998273304 -0.824543631 -0.0157092946 0.999073986 0.040054812 0.00786113124 0.998924517 0.017429509 -0.0429653609 1.0416903
-0.0417434221 0.0404356785 -0.998309793 -0.849785088 -0.0176166902 0.998995598 0.0412000824 0.00862193879 0.998973042 0.0193067468 -0.0409891521 1.04042817
-0.0398533019 0.0417866844 -0.998331402 -0.875021252 -0.0167597396 0.998956655 0.0424819027 0.00937816201 0.999064976 0.0184248184 -0.0391113872 1.03933824
-0.0392703792 0.0414643152 -0.998367942 -0.900311273 -0.0180623358 0.998945951 0.0421987954 0.0101724257 0.999065358 0.0196900197 -0.0384800439 1.03819187
-0.0392734431 0.0392926838 -0.998455648 -0.925603044 -0.0174230083 0.999047714 0.0400013035 0.010891837 0.999076591 0.0189670899 -0.0385514468 1.03708868
-0.0398353695 0.0388711053 -0.998449889 -0.951034139 -0.0176199432 0.999060332 0.0395978574 0.0116660762 0.99905089 0.0191700256 -0.0391130308 1.03600494
-0.0400621189 0.0427160603 -0.99828371 -0.976708825 -0.0185563417 0.998881675 0.0434863315 0.0124872409 0.999024869 0.0202666482 -0.0392246626 1.03480382
-0.0406670683 0.0463210743 -0.998098466 -1.00236328 -0.0195696469 0.998696284 0.047146175 0.0132292137 0.99898109 0.0214497313 -0.0397075629 1.0336362
-0.0416247153 0.0463339804 -0.998058388 -1.02798899 -0.0231730993 0.99861066 0.0473260693 0.0141227303 0.998864551 0.0250980403 -0.0404931825 1.03235759
-0.0426426064 0.0448046961 -0.998085241 -1.05348989 -0.0226169393 0.998694641 0.045798348 0.0149977583 0.998834362 0.0245265942 -0.0415735974 1.03112316
-0.0446200246 0.0406484425 -0.998176717 -1.07874086 -0.0187624433 0.998961528 0.041519112 0.0158384786 0.998827825 0.0205808179 -0.0438110238 1.02996967
-0.0466780634 0.0386970776 -0.998160155 -1.10434345 -0.0182925876 0.999048674 0.0395869605 0.01658876 0.998742479 0.0201067747 -0.0459257877 1.02869289
-0.0483120276 0.0422783773 -0.997937116 -1.12993037 -0.0175931771 0.998912763 0.0431714304 0.0173298941 0.998677339 0.0196425837 -0.04751569 1.02736409
-0.0496198718 0.043975045 -0.997799611 -1.15539607 -0.0158477044 0.998869805 0.0448103057 0.0180141578 0.998642438 0.0180363149 -0.0488668881 1.02605492
-0.0507734082 0.0417089049 -0.997838879 -1.18060266 -0.0157247213 0.998970316 0.042556325 0.0189313714 0.998586398 0.017851468 -0.0500652667 1.02464188
-0.0515872883 0.0410145693 -0.997825915 -1.20593871 -0.0187030525 0.998941388 0.0420273615 0.0196315579 0.998493339 0.0208304681 -0.0507655797 1.02313932
-0.0512382918 0.0414425663 -0.997826213 -1.23129187 -0.0211492478 0.998869532 0.0425719104 0.0203317218 0.998462491 0.0232845858 -0.0503038894 1.02160304
-0.0500012519 0.0438781311 -0.997784839 -1.25651819 -0.0224701249 0.99873218 0.0450458196 0.0210409762 0.998496354 0.0246726973 -0.0489519122 1.02016029
-0.048038754 0.0459529099 -0.997787857 -1.2817336 -0.0233554825 0.998616367 0.0471155224 0.0219353083 0.998572381 0.0255671878 -0.0468990337 1.01872288
-0.0454612115 0.0473451811 -0.997843531 -1.30680639 -0.0230843288 0.998559745 0.0484308732 0.0226512822 0.99869935 0.0252362744 -0.044302804 1.0174951
-0.0424487123 0.0466574181 -0.998008613 -1.33167047 -0.0228579139 0.998602167 0.0476573922 0.0234490743 0.998837135 0.0248353899 -0.0413228849 1.01634723
-0.0388816106 0.0444579121 -0.998254334 -1.35656326 -0.0231469818 0.998701621 0.0453793981 0.024210654 0.998975694 0.0248709989 -0.0378020611 1.0152797
-0.0352007135 0.0419628731 -0.998498887 -1.38135652 -0.0250636666 0.998766754 0.0428577158 0.0249514579 0.999065925 0.0265346654 -0.0341055589 1.01424049
-0.0314787232 0.0409420337 -0.99866553 -1.40600482 -0.0261074174 0.998786102 0.0417699031 0.0257682183 0.999163396 0.0273874411 -0.0303716205 1.01333321
-0.0276884383 0.0423141339 -0.998720614 -1.43063303 -0.0275775651 0.998691049 0.0430774392 0.0264017302 0.999236122 0.0287350297 -0.0264852747 1.01249131
-0.0237858776 0.0452113289 -0.998694231 -1.45503305 -0.0290299688 0.998524364 0.045895045 0.0270917865 0.999295498 0.0300837163 -0.0224382949 1.01180376
-0.0199769692 0.0495240444 -0.998573127 -1.47926127 -0.029175777 0.998318214 0.0500950785 0.0278265315 0.999374652 0.0301348947 -0.0184984698 1.01123063
-0.016293961 0.0515028443 -0.998539916 -1.50306446 -0.0286948176 0.998237065 0.0519554597 0.0286799068 0.999455409 0.029499481 -0.0147873711 1.0108418
-0.0125132719 0.0506555233 -0.99863779 -1.52648248 -0.0272069467 0.998328975 0.0509807711 0.0293392437 0.999551499 0.0278078214 -0.0111141798 1.01047321
-0.0094254091 0.0464546823 -0.99887593 -1.54945308 -0.0254438959 0.998585733 0.0466812752 0.0300758729 0.999631817 0.0258552853 -0.00823009096 1.01025851
-0.00673147873 0.0442924209 -0.99899593 -1.57202086 -0.0224637501 0.998759761 0.0444333161 0.0307261543 0.999724996 0.0227402969 -0.00572815621 1.01010854
-0.00484426511 0.0431300863 -0.99905772 -1.59423838 -0.0192507381 0.998880276 0.0432157696 0.0314053171 0.999802952 0.0194419472 -0.00400855487 1.01017024
-0.00342361765 0.0413892135 -0.999137234 -1.61599288 -0.0163961634 0.999006453 0.0414399786 0.0318165263 0.999859712 0.016523892 -0.00274159181 1.01006068
-0.00242238735 0.0398345371 -0.999203354 -1.63732379 -0.0141273804 0.999105204 0.0398648736 0.0323033577 0.999897269 0.0142126941 -0.00185746215 1.01000263
-0.00163679425 0.0402531307 -0.999188174 -1.65820635 -0.0124615988 0.999111105 0.0402704396 0.0327741397 0.999921012 0.0125173965 -0.00113372095 1.00994077
-0.00181324641 0.0408073669 -0.999165387 -1.67901421 -0.00956314765 0.999120632 0.0408228939 0.0332088582 0.999952628 0.00962918809 -0.00142140502 1.00987329
-0.00398171323 0.0394009242 -0.999215549 -1.69956175 -0.00678917359 0.999199375 0.0394273402 0.0336175354 0.999969026 0.00694083618 -0.00371102566 1.00981404
-0.00787153628 0.0389415842 -0.999210484 -1.72012069 -0.00141374344 0.99924001 0.038953872 0.0341758018 0.99996802 0.00171925408 -0.00781050058 1.00987272
-0.0149547579 0.0404513469 -0.999069589 -1.74066578 0.00247428454 0.999179764 0.040418771 0.0346856492 0.99988511 -0.00186752951 -0.0150425796 1.00950887
-0.0245452654 0.0430657793 -0.998770679 -1.76117698 0.00631390167 0.999058431 0.0429230197 0.0352381517 0.999678781 -0.00525258295 -0.0247940675 1.00895003
-0.0362976118 0.0437256239 -0.998383971 -1.78152034 0.0063863147 0.999032064 0.0435218249 0.0357744841 0.999320618 -0.00479625592 -0.0365417236 1.00804163
-0.0492165302 0.0402139429 -0.997978242 -1.80166179 0.00595147493 0.999183196 0.0399689927 0.0362900524 0.998770401 -0.00397230735 -0.0494156622 1.00682213
-0.0625528963 0.0340568284 -0.997460409 -1.82167621 0.00561681498 0.999413804 0.0337712817 0.0368818603 0.998025845 -0.00349005909 -0.062707519 1.00546501
-0.0754753733 0.0287451148 -0.996733257 -1.84167438 0.00434694498 0.999584393 0.028498177 0.0372778524 0.997138191 -0.00218183408 -0.0755689586 1.00364909
-0.0865711566 0.0254447945 -0.995920678 -1.86182572 0.000208974511 0.999674225 0.0255225286 0.037630814 0.996245648 0.00200139279 -0.0865482712 1.00154472
-0.0950881331 0.0241292155 -0.99517638 -1.88213929 -0.00308516021 0.999694247 0.0245335405 0.0381015965 0.995464077 0.00540312714 -0.0949846172 0.999393877
-0.100662663 0.0244740976 -0.994619549 -1.9027218 -0.00498358347 0.999672453 0.0251028064 0.0383199585 0.994908133 0.00748368487 -0.100507722 0.997071083
-0.10393652 0.0234941514 -0.994306404 -1.92345503 -0.00907437229 0.999656948 0.0245691371 0.0386100679 0.994542536 0.0115763371 -0.103687669 0.994635648
-0.104613891 0.0220894999 -0.994267563 -1.94434917 -0.0127834698 0.999640833 0.023553916 0.038944099 0.99443075 0.0151742562 -0.104293937 0.992146094
-0.103875803 0.0207055275 -0.994374727 -1.96559441 -0.0147566979 0.999641144 0.0223567237 0.039347432 0.994480798 0.0169960101 -0.103532981 0.989767644
-0.101950982 0.0208758343 -0.994570358 -1.98686113 -0.013664879 0.99965607 0.0223833358 0.0396639736 0.994695566 0.0158726866 -0.101630653 0.987502206
-0.0998678365 0.0247822743 -0.99469204 -2.00856949 -0.0130598524 0.999571014 0.0262150507 0.0401828076 0.994914999 0.0156085716 -0.0995013417 0.985279517
-0.097970345 0.0338060144 -0.994614983 -2.03072326 -0.0147183279 0.999264346 0.0354138085 0.0406558868 0.99508049 0.0181085725 -0.0974007047 0.98293667
-0.0948490141 0.0486346804 -0.994302938 -2.05342591 -0.0187778586 0.998540769 0.0506332332 0.0414584199 0.995314552 0.0234733922 -0.0937973523 0.980591456
-0.0899479016 0.053658457 -0.994499947 -2.07628252 -0.0218196228 0.998201747 0.055831672 0.0424592372 0.995707426 0.0267215554 -0.0886153452 0.978350828
-0.0842020659 0.0454570543 -0.995411306 -2.0991499 -0.0309108125 0.998358985 0.0482064173 0.0433392068 0.995969143 0.0348280522 -0.0826587746 0.976080703
-0.0767774555 0.0338103563 -0.996474828 -2.12234485 -0.0330299461 0.998790067 0.0364338388 0.0444928226 0.996501001 0.0357108073 -0.0755678057 0.973996859
-0.0712037201 0.0351742758 -0.996841412 -2.14619365 -0.0343963599 0.998697077 0.0376966634 0.0456157177 0.996868557 0.0369718586 -0.0699010801 0.972249316
-0.0653841591 0.0461377553 -0.996792967 -2.17087221 -0.0306410887 0.99836662 0.0482204813 0.0463910829 0.997389611 0.0336956773 -0.0638636509 0.970644112
-0.0604878789 0.0493918431 -0.996946168 -2.19577058 -0.0279771641 0.998298708 0.0511563153 0.047496794 0.997776776 0.0309860636 -0.0590031277 0.969143088
-0.0559143627 0.0392991507 -0.997661847 -2.22058746 -0.0268438879 0.998804683 0.040848645 0.0484091288 0.998074641 0.0290651487 -0.0547925853 0.967750649
-0.0524335862 0.0299780628 -0.998174351 -2.24576319 -0.0299055642 0.999053878 0.0315754015 0.0493781418 0.998176526 0.0315065786 -0.0514874668 0.966259336
-0.0484592541 0.0313166274 -0.998334097 -2.2717831 -0.036917251 0.998769259 0.0331222457 0.0502949371 0.998142684 0.0384608298 -0.0472434895 0.964626626
-0.0433982676 0.0375442569 -0.998352152 -2.29805849 -0.0427910701 0.998306743 0.0394026727 0.0509295174 0.998141029 0.0444305646 -0.0417182243 0.963147964
-0.0378627659 0.0327967887 -0.998744603 -2.32435016 -0.046479364 0.998321749 0.0345449524 0.051673651 0.998201422 0.0477289814 -0.0362748488 0.96178986
-0.0321395314 0.020156895 -0.999280116 -2.35079294 -0.042737648 0.998854474 0.0215228667 0.0523230232 0.998569248 0.0433986167 -0.0312412565 0.960904457
-0.0271912201 0.0135462154 -0.999538462 -2.37765582 -0.0358938784 0.999250136 0.0145187569 0.052792603 0.998985619 0.0362720947 -0.0266846042 0.960315482
-0.021846181 0.019846528 -0.999564335 -2.4053125 -0.0301365328 0.999335536 0.0205006403 0.0533064426 0.999307027 0.0305712641 -0.0212335594 0.959836663
-0.015731894 0.0322434228 -0.999356227 -2.43307537 -0.0273875729 0.999091013 0.0326660018 0.0536657513 0.99950109 0.0278838396 -0.0148345248 0.959355847
-0.00943449896 0.0383666121 -0.999219192 -2.46100551 -0.0274629437 0.99887679 0.0386127666 0.0543667438 0.9995783 0.0278057925 -0.00837024193 0.958911792
-0.00429338702 0.0377361505 -0.999278515 -2.48873609 -0.0290030513 0.998862641 0.0378450569 0.0551572942 0.999570103 0.0291446095 -0.00319404039 0.958578088
-0.000510858926 0.035701292 -0.999362375 -2.51656211 -0.0286823623 0.998950821 0.0357012516 0.0560328455 0.999588446 0.028682312 0.000513674447 0.958412437
0.00252615713 0.0343972734 -0.999405046 -2.54424191 -0.0254341823 0.999087133 0.0343220426 0.0565945356 0.999673307 0.0253323473 0.00339871761 0.958467687
0.00442915536 0.0340804857 -0.999409277 -2.57211589 -0.0235731179 0.99914491 0.0339669999 0.0572432793 0.999712304 0.0234087475 0.00522875134 0.958557301
0.00517533767 0.0376425184 -0.999277868 -2.59987216 -0.0240386989 0.999007159 0.0375078226 0.0578376199 0.999697633 0.0238272242 0.00607507655 0.958558662
0.00499905851 0.0419266662 -0.999108184 -2.62764297 -0.024147209 0.998834393 0.0417943558 0.0585887257 0.999695915 0.0239167417 0.00600564355 0.958563142
0.00404232806 0.0395800187 -0.999208227 -2.65523713 -0.0220322338 0.998977363 0.0394817418 0.0592430681 0.999749089 0.0218551911 0.00491023045 0.958576805
0.00125130658 0.0310915749 -0.999515757 -2.68256885 -0.014947185 0.999405459 0.0310694313 0.0599682671 0.999887502 0.0149010696 0.00171529415 0.958676072
-0.00434488721 0.0257840651 -0.999658094 -2.71001543 -0.0063190334 0.999646862 0.0258112403 0.0604855393 0.999970595 0.00642901981 -0.0041804225 0.958783148
-0.0115703437 0.028920549 -0.999514747 -2.73758633 -4.62898327e-05 0.999581641 0.0289230204 0.0609608678 0.99993306 0.000380916656 -0.0115641644 0.958639926
-0.0186011572 0.0353842778 -0.999200655 -2.76515415 0.00232266645 0.999372396 0.0353471207 0.0613835309 0.999824286 -0.00166331249 -0.018671669 0.958145591
-0.0251856225 0.0364852977 -0.99901677 -2.79259908 -0.00150806318 0.999331243 0.0365348015 0.0620245137 0.999681654 0.00242673212 -0.0251137574 0.957198692
-0.0305289038 0.0340042894 -0.998955301 -2.8198124 -0.007902197 0.999381702 0.0342603017 0.0625972868 0.999502647 0.00893987104 -0.0302413192 0.956062462
-0.0347879451 0.0301578074 -0.998939591 -2.84702025 -0.0133193216 0.999441835 0.0306368138 0.0631999695 0.999305956 0.0143709894 -0.0343668461 0.954736793
-0.0376504568 0.0282567328 -0.998891386 -2.87411641 -0.0153789432 0.999465364 0.0288526364 0.0636109972 0.999172623 0.0164482088 -0.0371957688 0.953505937
-0.0395831808 0.0302737338 -0.998757565 -2.90145534 -0.0149763628 0.999410675 0.03088708 0.0641744052 0.999104039 0.0161803645 -0.0391064631 0.952223637
-0.0413808612 0.0371517521 -0.998452488 -2.92867393 -0.0112567002 0.999227692 0.0376471308 0.0646802093 0.999080032 0.012797151 -0.0409306963 0.951119805
-0.0433812354 0.0440386833 -0.998087503 -2.95599147 -0.00849943796 0.998975574 0.0444472904 0.0653981408 0.999022436 0.0104113612 -0.0429624905 0.949893148
-0.0445722713 0.0462050279 -0.997937076 -2.98302562 -0.00956548907 0.998864319 0.0466751966 0.0661652537 0.998960367 0.0116261757 -0.0440796777 0.948587173
-0.044592105 0.0407757583 -0.998172771 -3.00991096 -0.0135356453 0.999050288 0.041416293 0.0670441346 0.998913575 0.0153577523 -0.0439978292 0.94710077
-0.0450596447 0.0325244962 -0.998454699 -3.03652481 -0.0153842761 0.999328747 0.033247251 0.0677139776 0.998865833 0.0168586121 -0.0445290325 0.945707413
-0.0452352339 0.0320571984 -0.998461872 -3.06341702 -0.0120511785 0.999394741 0.0326331273 0.0684036643 0.99890367 0.0135088094 -0.0448215278 0.944403075
-0.0471326859 0.0364899382 -0.998221916 -3.09033486 -0.00924355204 0.999273815 0.0369648397 0.0689088565 0.998845867 0.0109693684 -0.0467611622 0.943148047
-0.0502338282 0.0422492236 -0.997843457 -3.1172568 -0.00495440169 0.999082008 0.0425510809 0.0696701253 0.998725196 0.00708122101 -0.0499783944 0.941839687
-0.0533009226 0.0460447183 -0.997516364 -3.1440145 -0.00155822527 0.998931305 0.0461932927 0.0704457396 0.99857728 0.00401650033 -0.0531722121 0.940469664
-0.0559114476 0.0484420706 -0.997259884 -3.17075246 -0.00232935511 0.998813263 0.0486481217 0.0713615672 0.998433014 0.00504295932 -0.0557322566 0.93885057
-0.058360855 0.0471943251 -0.997179375 -3.19724264 -0.00495682598 0.998855904 0.0475637744 0.0721941765 0.998283247 0.00771870717 -0.0580601505 0.937124168
-0.0610133736 0.0446534744 -0.997137621 -3.22368386 -0.0101104312 0.998919907 0.0453519305 0.0731037874 0.998085742 0.0128485656 -0.0604960076 0.935191258
-0.0634407616 0.040451321 -0.997165463 -3.24986488 -0.012863857 0.999062047 0.0413466711 0.0738175124 0.997902696 0.0154504582 -0.0628608972 0.933277481
-0.0649125262 0.0366841184 -0.997216446 -3.27599166 -0.0113914081 0.999231707 0.037499762 0.0744913029 0.997825937 0.0137939038 -0.0644447706 0.931410331
-0.0662466324 0.0361212237 -0.997149257 -3.30212814 -0.011087036 0.999256197 0.0369341251 0.0751668161 0.997741681 0.0135021912 -0.0657968807 0.929558266
-0.0678745966 0.0415282218 -0.996829196 -3.32842542 -0.00911205819 0.999065862 0.0422418466 0.0759026313 0.997652249 0.0119503139 -0.0674327848 0.927754579
-0.0690550818 0.0483409418 -0.996440941 -3.35452936 -0.00693765521 0.998777865 0.048935106 0.0766322752 0.997588725 0.0102921814 -0.0686353144 0.925913336
-0.0695168854 0.0502019151 -0.996316802 -3.38043828 -0.0079128576 0.998673794 0.0508727887 0.0775210481 0.997549392 0.0114202308 -0.0690274511 0.923917007
-0.069132894 0.0481050476 -0.996446962 -3.40606427 -0.00827898038 0.998774658 0.0487918115 0.0783630472 0.997573106 0.011622684 -0.0686499219 0.921956682
-0.0691867467 0.0444113041 -0.996614685 -3.43165438 -0.0100116368 0.998927364 0.0452093875 0.0792516151 0.997553488 0.0131056346 -0.0686679047 0.91992139
-0.0693105142 0.0444711508 -0.996603416 -3.4571532 -0.012347049 0.99889113 0.0454319318 0.0800435802 0.997518723 0.0154540218 -0.0686845703 0.917974479
-0.0695175904 0.0468660414 -0.996479242 -3.48274317 -0.0123324226 0.998779138 0.0478345587 0.08084882 0.997504494 0.0156143464 -0.0688547472 0.916049098
-0.0695043764 0.0448725896 -0.99657192 -3.50795387 -0.00760552985 0.998934957 0.0455094259 0.0815414689 0.997552654 0.0107425617 -0.0690890714 0.914325397
-0.0697739138 0.0366224451 -0.996890364 -3.53299694 -0.00732851384 0.999280105 0.0372231704 0.0823564979 0.997535911 0.00990293111 -0.0694552959 0.912483322
-0.069552528 0.0333268815 -0.997021447 -3.55798823 -0.00341880333 0.999427972 0.0336458199 0.0829884308 0.997572432 0.00574877207 -0.0693988039 0.910707994
-0.0706794397 0.0384473511 -0.996757853 -3.58322574 -0.00178687613 0.99925043 0.038670202 0.0836011361 0.997497481 0.00451427102 -0.0705577598 0.909002938
-0.0703529634 0.0416106803 -0.996653908 -3.60840385 -0.0033184056 0.999114299 0.041947646 0.0841887409 0.997516641 0.00625844311 -0.0701525706 0.907046907
-0.0690221286 0.0373736431 -0.996914819 -3.63335088 -0.00631258053 0.999261648 0.0378986803 0.0849416346 0.997595157 0.00890895266 -0.0687352418 0.905149135
-0.0669954433 0.0304073756 -0.997289829 -3.65819574 -0.014078725 0.999407183 0.0314177074 0.0855492814 0.997653948 0.0161454124 -0.0665276301 0.903037995
-0.0638775606 0.0295188694 -0.997521074 -3.68324189 -0.0205129831 0.999312417 0.0308854548 0.086094975 0.997746899 0.0224350205 -0.0632281193 0.90102741
-0.0606095045 0.0328586596 -0.997620567 -3.70856088 -0.0241872068 0.999116196 0.0343773923 0.0866865814 0.997868462 0.0262132517 -0.0597611784 0.899228037
-0.0563475804 0.0352258303 -0.997789603 -3.73383135 -0.0242492932 0.999034305 0.036639189 0.0872091311 0.998116688 0.0262602223 -0.0554389643 0.897626936
-0.0516928868 0.0346966247 -0.998060113 -3.75907244 -0.0217942814 0.999119067 0.0358622373 0.0878076672 0.998425187 0.0236058255 -0.0508911608 0.896220604
-0.0470136002 0.0335411952 -0.998330962 -3.78437958 -0.0189807771 0.999225644 0.0344651006 0.0884265307 0.998713899 0.0205694259 -0.046340557 0.895006903
-0.0424869453 0.0311805829 -0.99861035 -3.80978806 -0.0141465725 0.999393913 0.0318069299 0.0890752625 0.998996864 0.015478293 -0.0420200961 0.893997526
-0.0384298973 0.0291717199 -0.998835399 -3.83515973 -0.00941538879 0.999518842 0.0295539346 0.0894856257 0.99921694 0.0105401783 -0.0381367433 0.893059412
-0.0344679113 0.0276429198 -0.999023439 -3.86065893 -0.00463856561 0.999602215 0.0278189724 0.0900392141 0.99939504 0.00559289764 -0.034325977 0.89222756
-0.0310208036 0.0331670149 -0.998968297 -3.88640207 0.000978399382 0.999449822 0.03315262 0.0905296434 0.99951826 5.10309481e-05 -0.0310361872 0.891466946
-0.0286722774 0.0391560591 -0.998821658 -3.9123411 0.0066767676 0.999217687 0.0389799204 0.091229435 0.999566567 -0.00555125699 -0.0289112827 0.89084786
-0.0271504522 0.0409718385 -0.99879135 -3.93802907 0.00753250756 0.999139701 0.0407813699 0.0918837811 0.999602978 -0.00641617076 -0.0274357154 0.890051158
-0.0254214856 0.0393346812 -0.998902663 -3.96376453 0.0104504879 0.999181447 0.0390797004 0.0926503501 0.999622196 -0.00944555619 -0.0258117433 0.889424639
-0.0244222362 0.0392704404 -0.998930121 -3.98978507 0.00752759397 0.999207054 0.0390972898 0.0935049885 0.999673392 -0.00656469711 -0.0246984827 0.888690357
-0.0219853529 0.0418386049 -0.998882463 -4.01573136 0.00298779448 0.999122246 0.0417828871 0.0942154816 0.999753828 -0.00206584399 -0.0220910604 0.887850509
-0.0186901241 0.0417002483 -0.998955339 -4.0418407 -0.00442033618 0.999116651 0.0417896852 0.0949704443 0.999815553 0.00519677283 -0.0184892851 0.887061566
-0.0144220142 0.0392209445 -0.99912648 -4.06787783 -0.0105669304 0.999168624 0.0393751285 0.0957233614 0.99984016 0.0111255686 -0.0139955791 0.886327761
-0.00996067383 0.0376543892 -0.999241178 -4.09421968 -0.0150830842 0.999171407 0.0378021118 0.0965665517 0.999836629 0.0154481734 -0.00938447616 0.885904096
-0.00532011389 0.038788422 -0.999233283 -4.12051836 -0.0185843043 0.999071012 0.0388810693 0.0972645912 0.999813143 0.0187769072 -0.00459431573 0.885426145
-0.000677585249 0.0400927066 -0.999195734 -4.14702565 -0.0193858706 0.999007665 0.0400983064 0.0980532272 0.999811847 0.0193974492 0.000100319165 0.885240463
0.00339863715 0.0419555789 -0.999113697 -4.17356685 -0.0195441692 0.998931414 0.0418814419 0.098814294 0.999803218 0.0193845073 0.00421499235 0.885176945
0.00689693083 0.0437749823 -0.999017609 -4.20037868 -0.0187344423 0.998871682 0.0436392508 0.0996789303 0.999800707 0.0184150609 0.00770924877 0.885315294
0.00943782122 0.045491867 -0.998920126 -4.22713616 -0.0171091322 0.99882573 0.0453259206 0.100491975 0.999809084 0.0166628785 0.010205065 0.885443601
0.0111844377 0.0455533228 -0.998899296 -4.25393155 -0.0162317606 0.998838426 0.0453688038 0.101368867 0.9998057 0.0157064697 0.0119108568 0.885656162
0.0127415149 0.0446766898 -0.998920241 -4.28070087 -0.0164264725 0.998875878 0.0444651812 0.102220979 0.999783889 0.0158421821 0.0134610723 0.885807434
0.0142527674 0.0461946534 -0.998830773 -4.30759 -0.0164205204 0.998808344 0.0459593043 0.103112748 0.999763585 0.0157462738 0.0149943233 0.886081404
0.0158536524 0.0482175093 -0.998711036 -4.33439999 -0.0167358323 0.998709437 0.0479517656 0.103971609 0.999734252 0.0159540498 0.0166401524 0.886344819
0.0174012971 0.0484775128 -0.998672682 -4.3611001 -0.0166036921 0.998700198 0.0481895387 0.104835445 0.999710714 0.0157430933 0.0181835845 0.886693843
0.0187321237 0.0462203692 -0.998755618 -4.38768237 -0.0153367179 0.998826646 0.045936009 0.105734878 0.999706903 0.0144571542 0.019419013 0.887077805
0.0202869343 0.0457632451 -0.998746297 -4.41432722 -0.0129563015 0.998880033 0.0455061994 0.106658321 0.999710245 0.0120168768 0.020857136 0.887559917
0.0217654865 0.0460018781 -0.998704206 -4.4408966 -0.0132675313 0.998866176 0.0457201897 0.10744241 0.999675065 0.0122552172 0.0223511397 0.888072104
0.0241867076 0.0438407966 -0.998745707 -4.46741007 -0.012145535 0.998977121 0.0435568253 0.108265851 0.999633677 0.0110768048 0.0246944374 0.888674574
0.0268939679 0.0414708826 -0.998777693 -4.4938261 -0.0105362925 0.999095349 0.0412003627 0.109049918 0.999582763 0.00941537272 0.0273065876 0.889395795
0.0302229576 0.0419568793 -0.998662202 -4.52026787 -0.0112398355 0.999069712 0.0416338439 0.109856816 0.999479984 0.00996650097 0.03066643 0.89014475
0.0341077745 0.0451624642 -0.998397221 -4.54661407 -0.0109218484 0.998935656 0.0448137023 0.110563252 0.999358481 0.00937584747 0.0345647297 0.890918917
0.0384029903 0.0483205552 -0.998093349 -4.57276909 -0.0109247224 0.998790761 0.0479339754 0.111331371 0.999202612 0.00906308481 0.0388844406 0.891839758
0.043794348 0.0500998353 -0.997783575 -4.59869361 -0.0132357893 0.998683242 0.0495640682 0.112138543 0.998952886 0.0110358271 0.0443997923 0.892789175
0.0500709352 0.0509243473 -0.997446546 -4.62423595 -0.0164221316 0.998606214 0.0501591774 0.113041909 0.998610642 0.0138686815 0.0508374333 0.893813654
0.0568404336 0.0495767457 -0.997151599 -4.6495972 -0.0175667224 0.998661376 0.048650457 0.113779136 0.998228719 0.0147513723 0.0576352465 0.89511882
0.0637226007 0.0477134077 -0.996826395 -4.67450879 -0.0185642965 0.998740258 0.0466182839 0.11455715 0.997794967 0.0155347425 0.0645280925 0.896560087
0.0703370266 0.0473525547 -0.996398735 -4.69907409 -0.0178951525 0.998771811 0.046202091 0.115273191 0.997362756 0.0145809896 0.0710980206 0.898207394
0.0754211877 0.0476357548 -0.996013293 -4.72331518 -0.0161961315 0.998785031 0.0465418962 0.115992275 0.997020225 0.0126213172 0.0761010682 0.899995265
0.0789019221 0.0468308052 -0.995781785 -4.74694467 -0.0138830576 0.998850708 0.045875094 0.116553287 0.996785708 0.0102048628 0.0794613955 0.901855463
0.0817683331 0.0457250299 -0.995601909 -4.77023552 -0.0117860806 0.998921531 0.0449095048 0.117166247 0.996581672 0.00806206896 0.0822190673 0.903724775
0.0844111815 0.0474186508 -0.995302077 -4.79334334 -0.0113114798 0.998848264 0.0466282777 0.117810977 0.996366801 0.00732239135 0.0848503372 0.905569227
0.0866484544 0.0525211237 -0.994853545 -4.81655908 -0.00758068209 0.998615214 0.0520594604 0.118623786 0.996210108 0.00303079667 0.0869266108 0.907775397
0.0885520246 0.054477747 -0.994580672 -4.83898061 -0.00497858337 0.998514974 0.0542499809 0.119215441 0.996059111 0.000147657155 0.0886917445 0.909661755
0.090690079 0.0465955613 -0.994788502 -4.86073252 -0.0040386687 0.998913818 0.0464206037 0.119767928 0.995870975 -0.000192267033 0.0907797571 0.911541768
0.0933232573 0.0360646542 -0.994982467 -4.88198743 -0.00306288467 0.999349412 0.0359356609 0.120385781 0.995631151 -0.000306116388 0.0933730042 0.91345426
0.0955833066 0.0379813457 -0.994696561 -4.90353484 -0.00746249951 0.999271053 0.0374389239 0.121193822 0.995393461 0.00384438646 0.0957970673 0.915847926
0.101078213 0.0503445292 -0.993603856 -4.92429577 -0.0111439677 0.99871345 0.0494697618 0.12156078 0.994816067 0.00607237415 0.101509208 0.917384431
0.107047358 0.0592103719 -0.992489292 -4.94439198 -0.015957481 0.998198911 0.0578298657 0.122028373 0.994125858 0.00964709467 0.107799405 0.919226937
0.115358335 0.0563999517 -0.991721483 -4.96387677 -0.0193409818 0.998325033 0.0545257324 0.122632508 0.993135631 0.0128908694 0.116255944 0.921248556
0.123528789 0.0542093844 -0.990859213 -4.98304493 -0.0210508028 0.998425247 0.0519989491 0.123539811 0.992117686 0.0144350147 0.124475413 0.924031777
0.134188608 0.0544186979 -0.989460471 -5.0013268 -0.0196946611 0.99844025 0.0522416213 0.124090575 0.990760081 0.0124768582 0.135051065 0.926310611
0.146561583 0.0528736932 -0.987787465 -5.01894232 -0.0186496586 0.998540689 0.0506821683 0.124413143 0.989025729 0.0109938402 0.14733378 0.928944639
0.1617197 0.0438670976 -0.985861256 -5.03578953 -0.0178484702 0.998978118 0.041522903 0.124736525 0.986675312 0.0108810438 0.162337402 0.931787777
0.178510695 0.0353906462 -0.983301294 -5.05210728 -0.0160605555 0.999324594 0.0330516826 0.125264179 0.983806887 0.00989228617 0.178958521 0.934918872
0.194505548 0.0322796223 -0.980370143 -5.0678591 -0.011206004 0.999466282 0.0306851085 0.125667638 0.980837406 0.00501760791 0.194763462 0.93833416
0.209440586 0.0371494377 -0.977115428 -5.08339148 -0.00440553732 0.999303749 0.0370487181 0.126016668 0.97781145 -0.00345478676 0.209458427 0.942306617
0.224400695 0.0416423573 -0.973606821 -5.09829462 0.00152954048 0.999070283 0.0430839952 0.126138306 0.974495761 -0.0111572495 0.224128372 0.945969358
0.237466122 0.0421958807 -0.970478928 -5.11257846 0.00795201907 0.99893819 0.04537905 0.126380139 0.971363272 -0.018493254 0.236878435 0.949801077
0.247269013 0.0405054254 -0.968099864 -5.12636601 0.0147087903 0.998853811 0.0455490474 0.12666769 0.968835222 -0.0255024459 0.24638981 0.953667078
0.253456461 0.0382675886 -0.966589579 -5.1396704 0.0196991502 0.998805834 0.0447084974 0.127089527 0.967146197 -0.0303726508 0.252399953 0.957572813
0.257158149 0.0352671668 -0.965725589 -5.15261099 0.0232403818 0.998819125 0.0426642669 0.127363482 0.966089836 -0.0334152953 0.256034855 0.961120338
0.25881697 0.0335374105 -0.96534399 -5.16520112 0.0267439446 0.998765121 0.0418687876 0.127712021 0.965556077 -0.0366534589 0.257600439 0.964604375
0.258493273 0.0339580788 -0.965416012 -5.17774855 0.0290556891 0.998656473 0.0429070523 0.12812215 0.965575991 -0.0391420119 0.257159305 0.96804695
0.255569944 0.0348340168 -0.96616282 -5.1895895 0.0311048351 0.998537068 0.0442291062 0.128412041 0.966290067 -0.0413559654 0.254112556 0.971154546
0.250089916 0.036298459 -0.967541966 -5.20117736 0.0314528932 0.998465024 0.0455885064 0.128671203 0.967711604 -0.0418332199 0.248564343 0.974054707
0.243659146 0.0377202133 -0.969127136 -5.21236516 0.0301312789 0.998466643 0.0464378044 0.12899065 0.969392762 -0.0405160358 0.242148971 0.976461843
0.235118225 0.0387534525 -0.971193899 -5.22316501 0.0293608822 0.998465655 0.0469497078 0.129210342 0.971523216 -0.0395538416 0.233619637 0.979004009
0.225216956 0.0375483566 -0.973584842 -5.23351053 0.0291516273 0.998550043 0.0452547656 0.12949048 0.973872428 -0.038573723 0.223795805 0.98122169
0.213899462 0.0361386114 -0.976186981 -5.24349262 0.0312699714 0.998550022 0.043818287 0.129787614 0.976355063 -0.039898047 0.212459259 0.983246594
0.199010699 0.0346716701 -0.979383795 -5.25335781 0.0337255704 0.998539686 0.0422028506 0.130085137 0.97941683 -0.0414290959 0.197550759 0.985063114
0.179600151 0.0334584896 -0.983170542 -5.26303627 0.0350426818 0.998569551 0.0403839397 0.130303566 0.983115352 -0.0417058942 0.178170767 0.98655477
0.157983962 0.0344296759 -0.986841256 -5.27277729 0.0340422189 0.998607951 0.040290039 0.130518969 0.986854698 -0.0399594461 0.156591978 0.987694694
0.137233588 0.0359614468 -0.989885709 -5.28246122 0.0312328351 0.998686759 0.040611168 0.130801128 0.990046187 -0.0364901534 0.135930189 0.988344667
0.116084201 0.037868405 -0.992517225 -5.29216051 0.0290648889 0.998715487 0.0415043043 0.130996171 0.992814026 -0.0336653969 0.114834449 0.989140312
0.0952980684 0.0389996616 -0.994684525 -5.30174644 0.0274687432 0.998748719 0.0417907177 0.131212761 0.995069719 -0.0313053085 0.094107552 0.98961729
0.0752202423 0.0400465322 -0.996362479 -5.31120672 0.0260773479 0.998772518 0.0421121039 0.131466727 0.996825906 -0.0291501736 0.0740836035 0.98991188
0.0561859246 0.0404392736 -0.997601026 -5.32065514 0.0249952448 0.998809272 0.0418960098 0.131700792 0.998107399 -0.0272892479 0.0551082329 0.990020266
0.0390512836 0.0406655109 -0.998409392 -5.33009871 0.0227835604 0.998875555 0.0415756426 0.131968215 0.99897743 -0.0243709029 0.0380808675 0.989650628
0.0232933478 0.0404381666 -0.998910494 -5.33945044 0.0195718062 0.99897166 0.0408970328 0.13220077 0.999537075 -0.0205031114 0.0224779464 0.989653784
0.0118209249 0.0389928342 -0.999169567 -5.34893583 0.0156895129 0.99910914 0.0391760947 0.132446991 0.999807034 -0.0161395815 0.0111986156 0.989392783
0.00409878787 0.0377762968 -0.999277815 -5.35863807 0.0102682997 0.999231935 0.0378166804 0.132873628 0.999938879 -0.0104158866 0.0037077414 0.989242377
-2.53270812e-05 0.0382751841 -0.999267236 -5.36857641 0.00608407009 0.999248748 0.0382743217 0.133112472 0.999981492 -0.00607864253 -0.000258176957 0.988818263
-0.00192327282 0.0391354722 -0.999232063 -5.37867552 0.00353216855 0.999227944 0.0391285123 0.133382221 0.999991912 -0.00345420126 -0.00206002103 0.988601309
-0.000810139847 0.0399618595 -0.999200877 -5.38889514 0.00129774305 0.999200406 0.0399607884 0.133640478 0.99999883 -0.00126433216 -0.000861352289 0.988492423
0.00241188357 0.0406032094 -0.999172439 -5.39917854 -0.00187403611 0.999173774 0.04059874 0.133918587 0.999995335 0.0017745658 0.00248598269 0.988371548
0.00595801098 0.0407191708 -0.999152867 -5.40942937 -0.00392019883 0.999163874 0.040696243 0.134146165 0.999974567 0.00367440924 0.00611265658 0.988320399
0.008991568 0.0404373641 -0.999141617 -5.41974702 -0.00778626594 0.999154549 0.0403678166 0.134640005 0.99992926 0.00741661238 0.00929882215 0.988881166
0.017679137 0.0399834932 -0.999043927 -5.42991942 -0.0120167559 0.999136419 0.0397745457 0.134774484 0.999771497 0.0113020874 0.0181443415 0.988587624
0.028137397 0.0395828108 -0.998820048 -5.44005845 -0.0157089268 0.999109788 0.0391517626 0.135001084 0.999480623 0.0145887624 0.0287341522 0.98870831
0.0392920074 0.0399815466 -0.998427571 -5.45014501 -0.0178124732 0.999068435 0.0393062196 0.135255438 0.999068994 0.0162400441 0.0399675746 0.989094529
0.0503992495 0.0413259058 -0.997873782 -5.46019505 -0.0191171086 0.999000405 0.0404070229 0.135494067 0.998546169 0.0170399779 0.0511389025 0.989657556
0.0612333199 0.0429535892 -0.997198812 -5.47021554 -0.0195732926 0.998933151 0.0418263901 0.135721541 0.997931544 0.0169572953 0.0620087363 0.990311381
0.0688357079 0.044995734 -0.996612778 -5.4805612 -0.0230899967 0.998786606 0.0434990612 0.13621859 0.997360766 0.0200174971 0.0697911344 0.99209171
0.0823829338 0.0497433787 -0.995358553 -5.49038597 -0.0262708595 0.998514897 0.0477267554 0.136362059 0.996254432 0.0222170545 0.0835673879 0.992202028
0.0945864517 0.0519087999 -0.994162401 -5.50016333 -0.0284634416 0.998372396 0.0494205543 0.136556756 0.99510966 0.0236227686 0.0959100055 0.992965625
0.103550018 0.0497365137 -0.993379924 -5.50998802 -0.0258443716 0.998546278 0.0473011627 0.136921666 0.99428842 0.0207752436 0.104684894 0.995083839
0.11571756 0.0479883832 -0.992122251 -5.51912875 -0.0230914844 0.99869227 0.0456128638 0.1369689 0.993013711 0.0176313662 0.116674356 0.995805981
0.126613782 0.0469595123 -0.990839924 -5.52802803 -0.0232502318 0.998744881 0.0443631425 0.137171445 0.991679574 0.0174202727 0.127546686 0.996951055
0.136257256 0.0456896679 -0.989619328 -5.53659199 -0.0259932028 0.998756892 0.0425326255 0.137421728 0.990332426 0.019927997 0.137275495 0.998038844
0.144357042 0.0437989758 -0.988555863 -5.54474835 -0.0285352185 0.998788717 0.040085406 0.137671505 0.989114142 0.0224220469 0.145431998 0.999195487
0.148713763 0.0395854326 -0.988087653 -5.55282639 -0.0283449372 0.998958535 0.0357548476 0.138155915 0.988473966 0.0226900446 0.14968093 1.00105413
0.154685114 0.0357461296 -0.987316935 -5.56025298 -0.0236852426 0.999192182 0.0324652578 0.138218519 0.98767987 0.018362949 0.155406812 1.00204419
0.157720738 0.0344366826 -0.986883116 -5.56776239 -0.0168828364 0.99933971 0.0321731829 0.138231515 0.987339424 0.011587008 0.158197985 1.00345693
0.156235382 0.0347501912 -0.987108368 -5.57575751 -0.0130183593 0.999366552 0.0331212373 0.138411842 0.987634056 0.00767582218 0.156588806 1.00510677
0.152226022 0.0351185975 -0.987721581 -5.58310535 -0.0119719753 0.999360714 0.0336873275 0.138504146 0.988273196 0.00669689051 0.152549145 1.00602093
0.142654415 0.0352161347 -0.989145865 -5.59050672 -0.012098292 0.999354211 0.0338347649 0.138655742 0.989698615 0.00714029687 0.142988345 1.00693323
0.127753175 0.0359623731 -0.991153789 -5.59793325 -0.013830792 0.999309833 0.0344756039 0.138781481 0.991709552 0.00930407405 0.128162392 1.00766681
0.108198845 0.0357690015 -0.993485575 -5.60551936 -0.0144798261 0.999303194 0.0344014828 0.138963575 0.994023815 0.0106632977 0.10864138 1.00839509
0.08542308 0.0351443846 -0.995724746 -5.61275558 -0.0143408595 0.999317546 0.0340408933 0.139030063 0.996241556 0.0113716708 0.0858687833 1.00862437
0.0585259745 0.0323018594 -0.997763148 -5.62007228 -0.012022177 0.999426691 0.0316505284 0.139159036 0.998213493 0.0101429071 0.0588807597 1.0087662
0.0286485406 0.0291636487 -0.999164022 -5.62761674 -0.0111209215 0.999521736 0.0288552249 0.139306081 0.999527682 0.0102849646 0.0289591657 1.00861091
-0.00388592739 0.0278254096 -0.999605245 -5.63551545 -0.0109686443 0.999551471 0.027866553 0.139610756 0.999932292 0.0110726018 -0.00357897742 1.00816787
-0.0398332427 0.0290071641 -0.998785211 -5.64368461 -0.0132687771 0.999475042 0.0295563797 0.139840481 0.999118237 0.0144299847 -0.0394274424 1.00715572
-0.0795052334 0.0315702855 -0.996334399 -5.65216261 -0.0151019643 0.999345506 0.0328707994 0.140115588 0.996720045 0.0176600072 -0.0789764244 1.00579401
-0.120924728 0.0336781037 -0.992090215 -5.66061949 -0.012723793 0.99928962 0.0354733875 0.140445442 0.99258013 0.0169127603 -0.120410312 1.00402664
-0.1654875 0.0334880655 -0.985643159 -5.66959479 -0.00975001578 0.999318923 0.0355897192 0.140615882 0.986163691 0.01549969 -0.165048281 1.00192315
-0.211300572 0.0339016267 -0.97683302 -5.67832838 -0.00691157896 0.999321491 0.0361771603 0.140907168 0.977396694 0.0143957132 -0.210922889 0.999104171
-0.259909729 0.0354622479 -0.964981534 -5.68775819 -0.00575048169 0.999250871 0.0382704611 0.141158513 0.965615796 0.0154959738 -0.259511098 0.995813293
-0.307878636 0.0354729428 -0.950764122 -5.69670924 -0.00582599337 0.999215684 0.0391672539 0.141442611 0.951407801 0.0175979062 -0.307430497 0.991816108
-0.357750356 0.0331825692 -0.933227518 -5.70631069 -0.00281872146 0.999325531 0.0366133515 0.14179517 0.93381301 0.0157289479 -0.357415532 0.987345672
-0.407184353 0.0307507002 -0.912828186 -5.71515532 0.000890477898 0.999445957 0.0332714028 0.142133924 0.913345559 0.0127347413 -0.406986138 0.982305232
-0.458842278 0.0291870124 -0.888038221 -5.72517729 0.00621904177 0.999541338 0.0296384385 0.142678133 0.888495969 0.00807662184 -0.45881334 0.976469203
-0.509787356 0.0314500528 -0.85972539 -5.73457978 0.0111103058 0.999488906 0.0299747869 0.142942661 0.860228698 0.00572895535 -0.509876226 0.969882751
-0.560893948 0.034838871 -0.827154298 -5.74464681 0.0169430923 0.999387975 0.0306040492 0.143353594 0.827714269 0.00315107441 -0.561140945 0.962367056
-0.609351213 0.0371880058 -0.792027873 -5.75325527 0.0193707237 0.999299597 0.0320170365 0.143642217 0.792663784 0.00416746699 -0.609644781 0.95444747
-0.658583431 0.0385735984 -0.751518424 -5.76318401 0.0214543597 0.999241853 0.0324873846 0.144101262 0.752201818 0.00527230658 -0.6589117 0.944787007
-0.704051425 0.0412008552 -0.708952806 -5.77204739 0.0254497005 0.999138152 0.0327912496 0.144508172 0.709692824 0.00504408941 -0.704493189 0.934600544
-0.747588937 0.04523545 -0.66261945 -5.78142482 0.0306503547 0.998964717 0.0336162067 0.144882198 0.663454095 0.00482158305 -0.748201454 0.92326125
-0.786520417 0.0492587369 -0.61559663 -5.78932624 0.0359705593 0.998775604 0.0339619231 0.145174154 0.616515817 0.00456839084 -0.787329268 0.911526842
-0.822609202 0.0508790423 -0.566326253 -5.79793197 0.0385982262 0.99868782 0.0336573197 0.145642206 0.567295583 0.00582763203 -0.823493631 0.898190804
-0.85291679 0.0521797618 -0.519432597 -5.80530875 0.040351052 0.998604947 0.034058083 0.146097172 0.520485103 0.00808905915 -0.853832434 0.884452165
-0.878838168 0.051977429 -0.474280319 -5.81279233 0.0402812395 0.998582326 0.0347959856 0.146611835 0.47541655 0.0114754411 -0.879685977 0.869328318
-0.899146537 0.0527178494 -0.434460969 -5.81916907 0.0412664258 0.998508178 0.0357561233 0.147026401 0.435697817 0.0142213431 -0.899980647 0.853880537
-0.9166823 0.0535631977 -0.396010789 -5.82604861 0.0426160201 0.998428326 0.0363971458 0.147549525 0.397337937 0.0164882156 -0.917524224 0.83708225
-0.931634042 0.0556152779 -0.359116907 -5.83214302 0.0451337783 0.998276404 0.0375121723 0.148071063 0.360584184 0.0187393139 -0.932538409 0.819935456
-0.944155323 0.0564246664 -0.324633612 -5.8380138 0.0469275197 0.998212181 0.0370168749 0.14863149 0.326141891 0.0197154293 -0.945115215 0.801686636
-0.953988235 0.0584953331 -0.294082886 -5.84315796 0.0506156264 0.998127625 0.0343409845 0.149161574 0.29554104 0.0178757057 -0.955162789 0.783235404
-0.962093741 0.0619166118 -0.265597377 -5.84843258 0.0565034942 0.998010222 0.0279812751 0.149621353 0.266801403 0.0119134298 -0.963677893 0.763702375
-0.968770757 0.0639022735 -0.239582385 -5.85322534 0.0605865758 0.997938065 0.0211869011 0.150124211 0.240442273 0.00600977387 -0.970644835 0.743583747
-0.974628002 0.0669592263 -0.213580709 -5.85766639 0.0645808049 0.997748287 0.0181017869 0.15060025 0.214311868 0.00384929434 -0.976757701 0.722558489
-0.979365897 0.0731381259 -0.188396532 -5.8617172 0.070788868 0.997306955 0.0191774146 0.150995293 0.189291772 0.00544532855 -0.981905786 0.701009085
-0.983362236 0.0779053449 -0.16410201 -5.86548215 0.0752921135 0.996916716 0.0220943032 0.151282281 0.165317301 0.00937111622 -0.98619591 0.678389433
-0.986703543 0.0782572303 -0.142449726 -5.86853551 0.0755234377 0.996842842 0.0245063044 0.15171266 0.143917786 0.0134221644 -0.989498619 0.655435484
-0.989123386 0.0778674608 -0.124786157 -5.8713965 0.0756017584 0.996877442 0.0227977837 0.152088087 0.12617171 0.0131157681 -0.991921709 0.631579238
-0.991101169 0.0714865198 -0.112286017 -5.8738098 0.0696832915 0.997370504 0.0199076844 0.152483578 0.113413892 0.0119060701 -0.993476489 0.607146901
-0.992360047 0.0637421101 -0.10563371 -5.87594368 0.0624169687 0.99792498 0.0158068666 0.152951397 0.106422081 0.00909276693 -0.994279469 0.582008304
-0.992995895 0.0599775053 -0.101793177 -5.87830507 0.0587907065 0.998163239 0.0146219106 0.153319433 0.102483193 0.00853500448 -0.99469812 0.556339676
-0.992996808 0.0621560654 -0.100468719 -5.88092361 0.0608617712 0.998019561 0.0158997206 0.153668782 0.101258011 0.0096736676 -0.994813166 0.529980836
-0.993033822 0.0634276928 -0.0993013422 -5.8835909 0.0620315034 0.997927896 0.0170882186 0.153976152 0.100179446 0.0108093674 -0.994910667 0.503110387
-0.992994535 0.0655772782 -0.0982928007 -5.88625908 0.0641469483 0.997784449 0.0176454354 0.154430892 0.0992321677 0.0112166377 -0.995001087 0.475399185
-0.993140197 0.065506705 -0.0968577377 -5.88892595 0.0640526462 0.997783279 0.0180495364 0.15483786 0.0978253968 0.0117217257 -0.99513456 0.447540432
-0.993251803 0.0655505743 -0.0956764252 -5.89157381 0.0639573257 0.997759582 0.019628498 0.155276868 0.0967487292 0.0133768328 -0.995218943 0.418836948
-0.993446012 0.0646575862 -0.0942571933 -5.8942023 0.0629585273 0.997797436 0.0208925799 0.155693212 0.0954004496 0.0148213561 -0.99532863 0.390027256
-0.993687996 0.0630498749 -0.0927840492 -5.89672301 0.0612816238 0.997882685 0.0217878453 0.156175116 0.093961317 0.0159643631 -0.995447844 0.360640227
-0.993909688 0.0617447861 -0.0912749367 -5.89929959 0.0597415332 0.99791264 0.0245216697 0.15666099 0.0925984983 0.0189194204 -0.995523769 0.331042472
-0.994112261 0.0611549461 -0.0894476704 -5.9018564 0.0590859204 0.997924558 0.0256013898 0.157140222 0.0908276785 0.0201655576 -0.995662434 0.301204851
-0.994308253 0.0608386531 -0.0874628867 -5.90433725 0.0589570147 0.997973406 0.0239405731 0.157701974 0.0887421472 0.0186477587 -0.995880059 0.27107551
-0.994493821 0.0613637471 -0.0849501619 -5.90691479 0.0597272836 0.99797937 0.021675523 0.158124435 0.0861086004 0.0164823312 -0.996149407 0.240699628
-0.994661489 0.0623705541 -0.0822097127 -5.90935895 0.0608355419 0.997925841 0.021048814 0.158598571 0.0833520229 0.0159351723 -0.996392749 0.209903717
-0.994836936 0.0634551643 -0.0792017276 -5.91182395 0.0618615029 0.997832945 0.0224180144 0.159007523 0.0804526319 0.0174027309 -0.996606502 0.178734075
-0.995052849 0.0640887431 -0.0759108779 -5.91410775 0.0623618824 0.997742771 0.0249069888 0.159519596 0.0773357873 0.0200498249 -0.996803481 0.147180063
-0.995168147 0.0662632636 -0.0724537089 -5.91642212 0.0642597761 0.997492803 0.029644393 0.160087457 0.0742363874 0.0248452965 -0.996931126 0.11528591
-0.995350153 0.0678647152 -0.0683553403 -5.91861605 0.0654823362 0.997185473 0.0365129448 0.160803997 0.070640893 0.0318670978 -0.996992654 0.0831893425
-0.995402794 0.0708526566 -0.0644451532 -5.92078005 0.0683960044 0.996873539 0.0395617733 0.161603872 0.0670467247 0.0349721087 -0.997136745 0.050906987
-0.995614159 0.0704926267 -0.0615080115 -5.92267918 0.0685670086 0.997104621 0.0328776557 0.162381773 0.0636475548 0.0285160392 -0.997564947 0.0188216972
-0.995942377 0.0671025501 -0.059966909 -5.92444249 0.0660540983 0.997629361 0.0193006203 0.162872698 0.06111987 0.0152612456 -0.998013755 -0.0130116153
-0.99626719 0.0632129486 -0.0587861296 -5.92602914 0.0628503594 0.99799091 0.0079984367 0.163043356 0.0591736278 0.00427385068 -0.998238557 -0.0448635933
-0.996676897 0.0592259169 -0.0559236432 -5.92759205 0.0588420729 0.998231226 0.0084870187 0.16298871 0.0563273784 0.00516815237 -0.998398977 -0.0769951602
-0.996937373 0.0583257375 -0.0520959005 -5.92913873 0.0574046375 0.99817005 0.0190067904 0.162973172 0.0531091527 0.0159580334 -0.998461196 -0.109460168
-0.997199588 0.0578006266 -0.0474559716 -5.93056052 0.0564607357 0.997980461 0.0291064234 0.163199205 0.0490425019 0.0263455144 -0.998449171 -0.141720307
-0.997505521 0.0566195128 -0.0421540786 -5.93175701 0.0553046769 0.997965204 0.0317308123 0.163721525 0.0438648868 0.0293203427 -0.998607125 -0.17383454
-0.997709748 0.0567983849 -0.0367314866 -5.93285088 0.0556927819 0.997983406 0.0304538246 0.164267672 0.0383871421 0.028338399 -0.998861033 -0.205730395
-0.997888603 0.0568465561 -0.0314134681 -5.93372935 0.0559433682 0.998015026 0.0289196847 0.164823938 0.0329950976 0.0271012486 -0.999088007 -0.237543303
-0.998063933 0.0566100706 -0.0257620908 -5.93446944 0.0558486143 0.998007035 0.0293749883 0.16528496 0.027373668 0.0278793393 -0.999236421 -0.269478327
-0.998122957 0.0578580313 -0.020075123 -5.93503811 0.0572492406 0.997918649 0.0296798731 0.165761366 0.0217505586 0.0284748772 -0.999357841 -0.301240756
-0.998191402 0.0583816063 -0.0143357349 -5.9354319 0.0579239249 0.997855035 0.0304983348 0.166241988 0.016085527 0.0296127935 -0.999432008 -0.333048495
-0.99811984 0.0606616207 -0.00877232667 -5.93571345 0.0603554104 0.997672053 0.0317442693 0.166757707 0.010677564 0.0311551276 -0.999457527 -0.364672331
-0.998089005 0.0617274445 -0.00283929077 -5.93580442 0.0616026939 0.997569533 0.0325597201 0.167280741 0.00484221828 0.0323225907 -0.999465759 -0.396301389
-0.998023441 0.06276601 0.00310456698 -5.93570437 0.0628331258 0.99751653 0.0318240463 0.167825598 -0.00109938847 0.0319562139 -0.999488665 -0.427758734
-0.997801134 0.0657096578 0.00866824831 -5.93549574 0.0659500049 0.997335042 0.0311995336 0.168357462 -0.00659503712 0.031702601 -0.999475588 -0.459158405
-0.997750559 0.0655389484 0.0140878487 -5.93496549 0.0659500204 0.997340621 0.0310206557 0.168897311 -0.0120173226 0.0318799705 -0.999419457 -0.490545159
-0.997607521 0.0664150657 0.0191904232 -5.93435773 0.0669916599 0.997267094 0.0311522198 0.169378056 -0.0170690008 0.0323632871 -0.999330409 -0.521930552
-0.997422704 0.0676719918 0.0238422104 -5.93359767 0.0683579448 0.997232377 0.0292365884 0.169826861 -0.021797726 0.0307910415 -0.999288132 -0.553060726
-0.997062959 0.0712878109 0.027991122 -5.93279829 0.0720364989 0.997044109 0.0267167868 0.170229806 -0.0260038021 0.0286547009 -0.999251075 -0.584132818
-0.996818771 0.0727007535 0.0326640109 -5.93169631 0.0735785438 0.996936604 0.0265255634 0.170746755 -0.0306355196 0.0288445499 -0.999114336 -0.615428374
-0.99643546 0.075337624 0.0379554489 -5.93064513 0.0764289622 0.996676976 0.0281712612 0.171035982 -0.0357069662 0.0309717392 -0.998882257 -0.646429215
-0.996049069 0.0776189064 0.0431457668 -5.92930034 0.0788061253 0.996536875 0.0265301883 0.171447679 -0.0409371034 0.0298255201 -0.998716472 -0.677400826
-0.995647727 0.0798302067 0.0480909786 -5.92791004 0.0811244677 0.99637548 0.0255875702 0.171857286 -0.0458740108 0.0293775611 -0.998515165 -0.70826689
-0.995323162 0.0809177792 0.0527647338 -5.92623087 0.0824519737 0.996213483 0.0275747916 0.172263578 -0.0503336484 0.0317963852 -0.998226184 -0.739210592
-0.994927677 0.0829475724 0.0569088494 -5.92455414 0.0846867405 0.995989653 0.0288576936 0.172644254 -0.0542869495 0.033530743 -0.997962232 -0.770074996
-0.994670199 0.0833379187 0.0607123207 -5.922574 0.0851487678 0.995978329 0.0278721146 0.173098763 -0.0581453518 0.0328931411 -0.997766084 -0.800991062
-0.994508434 0.0826477644 0.0642053163 -5.92057667 0.0844226614 0.99610531 0.0254367051 0.173508365 -0.0618529697 0.0307174014 -0.997612476 -0.831745714
-0.994437016 0.0809299932 0.0674192728 -5.91837286 0.0826859212 0.996294513 0.0236702711 0.173863351 -0.0652538167 0.0291132184 -0.997443913 -0.862537057
-0.994234534 0.0809489467 0.0703204093 -5.91612893 0.0827452136 0.99630498 0.0230133759 0.174221793 -0.0681976655 0.0286993703 -0.997258956 -0.893439827
-0.993980495 0.0814362873 0.0732864691 -5.91376448 0.0833288582 0.996253327 0.0231432568 0.174519042 -0.0711271878 0.0291108236 -0.997042368 -0.924408284
-0.993640015 0.082550907 0.0765824296 -5.91138718 0.0845020833 0.996167155 0.0225919857 0.174824381 -0.074423912 0.0289196759 -0.99680727 -0.955412683
-0.993224573 0.0842796241 0.0800118316 -5.9088775 0.0862067612 0.996057209 0.0209387335 0.175113979 -0.0779316531 0.0276944255 -0.996573969 -0.986432753
-0.992919937 0.0845254757 0.0834592222 -5.90626329 0.0864836073 0.996049963 0.0201260081 0.175409365 -0.0814283948 0.0272013693 -0.996307935 -1.01761088
-0.992701937 0.0836801809 0.0868360007 -5.9033909 0.0857528588 0.9961073 0.020413077 0.17566203 -0.0847898042 0.0277105363 -0.996013461 -1.04906052
-0.992598974 0.0811850874 0.0903120053 -5.90039549 0.0833713739 0.996303555 0.0206987865 0.175871544 -0.0882977392 0.0280750302 -0.995698399 -1.08031724
-0.992401012 0.0797567938 0.0936967762 -5.89733095 0.0820394584 0.996412795 0.0207622055 0.176100981 -0.0917047397 0.0282912665 -0.99538427 -1.11161178
-0.992088222 0.0795582608 0.097115617 -5.89420632 0.0819082442 0.996430057 0.0204494604 0.176320094 -0.0951419963 0.0282422385 -0.995063001 -1.14294644
-0.991716662 0.0798681315 0.10059396 -5.89098771 0.0822940268 0.996403464 0.0201947969 0.176552499 -0.0986192499 0.0283057986 -0.994722587 -1.17445535
-0.99126365 0.0809011642 0.10416995 -5.88766694 0.0833973172 0.996319119 0.0198267576 0.176818147 -0.102182505 0.0283410385 -0.994361866 -1.20585589
-0.990814603 0.0816567387 0.107789611 -5.88422673 0.0843422556 0.99622414 0.0205875523 0.17708272 -0.1057015 0.0294896663 -0.993960539 -1.2374662
-0.990466072 0.0808845289 0.111510773 -5.88058717 0.0837571879 0.996258216 0.0213143211 0.177367348 -0.109369525 0.0304509407 -0.993534623 -1.26898167
-0.990102879 0.0803007118 0.115100322 -5.87684153 0.0833475602 0.996279871 0.021899821 0.177650562 -0.112913563 0.0312764068 -0.993112438 -1.30073471
-0.989845361 0.0783762885 0.118588862 -5.87291644 0.0815299445 0.996428668 0.021972187 0.177924514 -0.116443243 0.0314176107 -0.99270031 -1.33256235
-0.989555958 0.0769464444 0.121894428 -5.86882263 0.0800885886 0.99656474 0.0210840371 0.178245065 -0.119853348 0.0306261872 -0.992319108 -1.36453337
-0.989292312 0.0747746247 0.125337448 -5.86465302 0.0778008013 0.996779788 0.0194187774 0.178498862 -0.123481803 0.0289622011 -0.991924108 -1.39636615
-0.989021129 0.0725251408 0.128752908 -5.86033621 0.0754445253 0.996988653 0.0179373587 0.178743838 -0.127064279 0.0274541287 -0.991514468 -1.42836181
-0.98877369 0.0693050894 0.132375956 -5.85582965 0.072241056 0.997233649 0.017500825 0.178959043 -0.130796861 0.0268673341 -0.991045068 -1.46045749
-0.988380999 0.0671968896 0.136336274 -5.85126219 0.0704205012 0.997337276 0.0189555017 0.179147539 -0.134699497 0.0283361265 -0.990481251 -1.49265107
-0.987960142 0.0655651202 0.140128417 -5.84654324 0.0690337973 0.997413171 0.0200325233 0.179358373 -0.138452494 0.0294649313 -0.989930667 -1.52488022
