0.000000 -0.7432514 0.0260550 -0.8032300 -0.0024934 -0.0084616 -0.0007783 0.9999608
0.208477 -0.7445914 0.0253678 -0.7512831 -0.0013013 -0.0097004 0.0004269 0.9999520
0.312729 -0.7450466 0.0248662 -0.7250502 -0.0006814 -0.0107718 0.0006167 0.9999416
0.416979 -0.7457879 0.0246455 -0.6992202 0.0002886 -0.0117263 0.0015858 0.9999300
0.521227 -0.7463871 0.0242672 -0.6731547 0.0013493 -0.0124960 0.0027755 0.9999171
0.729727 -0.7481004 0.0233463 -0.6197118 0.0013805 -0.0139849 0.0033174 0.9998958
0.833976 -0.7490335 0.0225799 -0.5925726 0.0014429 -0.0145624 0.0036353 0.9998863
1.042605 -0.7511302 0.0211424 -0.5374110 0.0045911 -0.0157712 0.0025046 0.9998620
1.251125 -0.7537270 0.0203518 -0.4801672 0.0065053 -0.0169226 0.0010388 0.9998351
1.459603 -0.7565337 0.0196336 -0.4196095 -0.0020607 -0.0178267 -0.0006168 0.9998388
1.668106 -0.7595560 0.0184700 -0.3564597 -0.0050399 -0.0188300 -0.0020890 0.9998078
1.876603 -0.7628828 0.0184754 -0.2919784 0.0016386 -0.0196461 -0.0031366 0.9998007
2.085105 -0.7657211 0.0184613 -0.2225677 -0.0037422 -0.0205484 -0.0013367 0.9997810
2.293607 -0.7691411 0.0182040 -0.1499808 -0.0087523 -0.0208622 -0.0007405 0.9997438
2.606377 -0.7743533 0.0186701 -0.0355153 -0.0053540 -0.0205319 -0.0008525 0.9997745
2.919104 -0.7791401 0.0179081 0.0853474 0.0032483 -0.0191742 0.0015318 0.9998097
3.231728 -0.7845606 0.0158719 0.2137618 0.0041260 -0.0192532 -0.0000825 0.9998061
3.544357 -0.7907382 0.0127355 0.3469753 0.0054770 -0.0192421 -0.0041997 0.9997910
3.856982 -0.7961824 0.0093278 0.4843897 0.0048652 -0.0198801 -0.0051780 0.9997771
4.169606 -0.8022292 0.0061625 0.6248809 0.0037891 -0.0202367 -0.0059569 0.9997703
4.482232 -0.8090444 0.0035440 0.7683805 0.0026766 -0.0206541 -0.0062655 0.9997635
4.794755 -0.8159349 0.0014112 0.9157609 -0.0004704 -0.0214870 -0.0062848 0.9997492
5.107234 -0.8232253 -0.0011007 1.0650499 -0.0001888 -0.0223734 -0.0063654 0.9997294
5.419858 -0.8308384 -0.0033207 1.2145029 -0.0022860 -0.0231856 -0.0069548 0.9997044
5.732480 -0.8384460 -0.0059912 1.3634679 0.0016873 -0.0234107 -0.0084006 0.9996892
6.045107 -0.8462807 -0.0089006 1.5150201 -0.0014627 -0.0232476 -0.0082760 0.9996944
6.357731 -0.8535419 -0.0112288 1.6649368 0.0009834 -0.0228273 -0.0080326 0.9997067
6.566109 -0.8581548 -0.0133695 1.7648443 0.0039008 -0.0227295 -0.0066279 0.9997120
6.774485 -0.8629749 -0.0154608 1.8647200 0.0036253 -0.0224489 -0.0051493 0.9997281
6.982859 -0.8671151 -0.0171372 1.9643514 -0.0022785 -0.0224937 -0.0034251 0.9997385
7.191236 -0.8721129 -0.0183152 2.0648429 -0.0010594 -0.0221335 -0.0012635 0.9997537
7.399507 -0.8767569 -0.0202259 2.1651256 0.0024891 -0.0223051 -0.0016490 0.9997467
7.607858 -0.8819063 -0.0225008 2.2655730 0.0049351 -0.0218876 -0.0030519 0.9997436
7.816232 -0.8868834 -0.0248977 2.3659379 0.0020790 -0.0215267 -0.0056639 0.9997501
8.024607 -0.8914421 -0.0268406 2.4663346 0.0012191 -0.0215949 -0.0044949 0.9997560
8.232862 -0.8964059 -0.0287840 2.5671172 -0.0005325 -0.0217736 -0.0031464 0.9997578
8.441112 -0.9009154 -0.0306273 2.6671014 -0.0007691 -0.0224840 -0.0022170 0.9997444
8.649487 -0.9062707 -0.0324552 2.7667139 0.0022344 -0.0229699 -0.0027669 0.9997298
8.857735 -0.9116512 -0.0341281 2.8663740 -0.0006736 -0.0234629 -0.0044387 0.9997146
9.065987 -0.9174085 -0.0357816 2.9649017 -0.0030081 -0.0238649 -0.0056366 0.9996948
9.274360 -0.9222342 -0.0371319 3.0624321 -0.0015234 -0.0246289 -0.0053145 0.9996814
9.482610 -0.9272901 -0.0389252 3.1579189 -0.0017550 -0.0253426 -0.0040994 0.9996689
9.690863 -0.9323325 -0.0404375 3.2514708 -0.0038254 -0.0259363 -0.0035482 0.9996500
9.899109 -0.9377707 -0.0416551 3.3405166 -0.0043373 -0.0273080 -0.0026812 0.9996141
10.107490 -0.9432328 -0.0431061 3.4257758 -0.0034739 -0.0307149 -0.0023349 0.9995194
10.315740 -0.9493079 -0.0443841 3.5067852 -0.0042320 -0.0338411 -0.0030465 0.9994136
10.524110 -0.9558155 -0.0453817 3.5831673 -0.0054087 -0.0366612 -0.0037572 0.9993061
10.732490 -0.9622090 -0.0462207 3.6549191 -0.0058602 -0.0391741 -0.0056825 0.9991990
11.045010 -0.9719006 -0.0479057 3.7515604 -0.0014909 -0.0429519 -0.0084690 0.9990401
11.357760 -0.9804407 -0.0499622 3.8361359 0.0000641 -0.0440440 -0.0115526 0.9989628
11.670740 -0.9872250 -0.0514973 3.9108677 -0.0022851 -0.0360540 -0.0151639 0.9992322
11.983860 -0.9897471 -0.0527793 3.9770377 -0.0044420 -0.0187086 -0.0144764 0.9997103
12.401640 -0.9863067 -0.0544132 4.0550179 0.0018356 0.0206314 -0.0125200 0.9997070
12.819860 -0.9735182 -0.0566072 4.1257977 0.0052907 0.0837483 -0.0072305 0.9964467
13.133360 -0.9574028 -0.0585899 4.1743083 0.0066701 0.1455302 -0.0042372 0.9893222
13.446740 -0.9351549 -0.0600946 4.2188439 0.0056893 0.2164115 -0.0049864 0.9762729
13.760010 -0.9064152 -0.0621902 4.2579136 0.0090174 0.2892816 -0.0043505 0.9571916
14.073120 -0.8716015 -0.0636352 4.2942295 0.0132291 0.3655736 -0.0104146 0.9306301
14.386120 -0.8285172 -0.0655157 4.3239346 0.0128361 0.4412701 -0.0075584 0.8972507
14.594740 -0.7961885 -0.0666903 4.3409100 0.0107116 0.4914312 -0.0060331 0.8708296
14.803370 -0.7614027 -0.0683310 4.3547454 0.0080015 0.5407569 -0.0052516 0.8411245
15.011990 -0.7239242 -0.0697205 4.3656111 0.0099274 0.5856695 -0.0098370 0.8104295
15.220240 -0.6828809 -0.0712853 4.3725410 0.0135957 0.6218161 -0.0077799 0.7830066
15.428120 -0.6387028 -0.0726378 4.3772292 0.0180941 0.6475360 -0.0044746 0.7618068
15.636010 -0.5906612 -0.0744052 4.3825002 0.0127290 0.6678962 -0.0055835 0.7441247
15.843870 -0.5389264 -0.0763889 4.3854346 0.0097138 0.6851162 -0.0037513 0.7283594
16.051740 -0.4832937 -0.0785606 4.3855491 0.0149666 0.6987685 -0.0004811 0.7151911
16.259530 -0.4237773 -0.0800967 4.3854680 0.0176258 0.7076778 -0.0047234 0.7062996
16.467120 -0.3597149 -0.0820963 4.3843908 0.0193212 0.7108513 -0.0006278 0.7030766
16.674850 -0.2921913 -0.0844918 4.3838272 0.0188312 0.7099258 0.0003377 0.7040246
16.882610 -0.2215042 -0.0869519 4.3839483 0.0177921 0.7089985 -0.0018795 0.7049830
17.090490 -0.1468088 -0.0896147 4.3841810 0.0176737 0.7083930 -0.0023168 0.7055931
17.298620 -0.0694804 -0.0924347 4.3841577 0.0166620 0.7080117 -0.0015277 0.7060024
17.506740 0.0105603 -0.0952810 4.3842764 0.0145496 0.7086447 -0.0008627 0.7054150
17.715000 0.0919178 -0.0978039 4.3838997 0.0137346 0.7094811 0.0008043 0.7045902
18.027490 0.2167107 -0.1018831 4.3834567 0.0130850 0.7107943 -0.0015273 0.7032766
18.339870 0.3449306 -0.1065800 4.3827171 0.0137767 0.7120189 -0.0037793 0.7020149
18.652370 0.4741262 -0.1112387 4.3821630 0.0055256 0.7127275 -0.0012790 0.7014181
18.964900 0.6008114 -0.1152148 4.3807635 0.0125772 0.7119183 -0.0062618 0.7021217
19.277500 0.7275119 -0.1202430 4.3793488 0.0118743 0.7109135 -0.0011092 0.7031784
19.590340 0.8518684 -0.1244839 4.3791137 0.0107886 0.7112288 -0.0015694 0.7028760
19.902930 0.9744980 -0.1287319 4.3781033 0.0097027 0.7134790 -0.0031238 0.7006025
20.215660 1.0949608 -0.1331092 4.3761077 0.0079582 0.7156402 -0.0037198 0.6984138
20.424610 1.1737739 -0.1356490 4.3745823 0.0082930 0.7170285 -0.0043530 0.6969809
20.633120 1.2515233 -0.1386202 4.3724289 0.0086195 0.7177377 -0.0030523 0.6962535
20.841310 1.3283300 -0.1415617 4.3704987 0.0076573 0.7187935 -0.0031500 0.6951743
21.153990 1.4388455 -0.1452987 4.3675628 0.0061741 0.7198387 -0.0031089 0.6941070
21.362520 1.5096004 -0.1476946 4.3655772 0.0081614 0.7199995 -0.0049832 0.6939087
21.571010 1.5796576 -0.1502999 4.3635278 0.0083358 0.7200422 -0.0065803 0.6938490
21.779630 1.6485176 -0.1532489 4.3614650 0.0083302 0.7203010 -0.0057944 0.6935874
21.988560 1.7167346 -0.1559837 4.3598433 0.0064099 0.7204013 -0.0080981 0.6934805
22.196780 1.7842122 -0.1586590 4.3575072 0.0061624 0.7207602 -0.0067995 0.6931238
22.405410 1.8510233 -0.1608835 4.3550205 0.0035169 0.7236825 -0.0091226 0.6900638
22.614140 1.9170703 -0.1632341 4.3509679 0.0079211 0.7280006 -0.0093580 0.6854669
22.822680 1.9843256 -0.1661384 4.3465958 0.0064643 0.7326018 -0.0114120 0.6805311
23.031260 2.0529480 -0.1687356 4.3412514 0.0055038 0.7359969 -0.0122156 0.6768523
23.239660 2.1223872 -0.1711052 4.3354883 0.0037196 0.7382659 -0.0115636 0.6744004
23.448150 2.1938791 -0.1736355 4.3291125 0.0023471 0.7394100 -0.0086739 0.6731954
23.656510 2.2661028 -0.1758554 4.3225632 0.0036713 0.7400072 -0.0096903 0.6725191
23.865000 2.3395853 -0.1784543 4.3147879 0.0111912 0.7402327 -0.0080990 0.6722088
24.073430 2.4144974 -0.1814142 4.3078370 0.0102415 0.7406009 -0.0081035 0.6718183
24.281890 2.4887824 -0.1844724 4.3010111 0.0087607 0.7407391 -0.0045300 0.6717204
24.490410 2.5632877 -0.1871898 4.2941909 0.0082543 0.7416648 -0.0054135 0.6706980
24.698880 2.6377785 -0.1898688 4.2869039 0.0088918 0.7431810 -0.0054866 0.6690088
24.907380 2.7119536 -0.1923356 4.2789555 0.0089216 0.7444372 -0.0053698 0.6676113
25.115970 2.7871971 -0.1950431 4.2716355 0.0087084 0.7455072 -0.0071105 0.6664027
25.428740 2.8991551 -0.1987675 4.2591987 0.0082165 0.7464971 -0.0070489 0.6653006
25.637140 2.9757104 -0.2014118 4.2512879 0.0047155 0.7475581 -0.0076366 0.6641358
25.950030 3.0925560 -0.2052224 4.2371969 0.0060228 0.7495442 -0.0074205 0.6618853
26.262800 3.2106380 -0.2098923 4.2223582 0.0111436 0.7505071 -0.0099692 0.6606932
26.471270 3.2909889 -0.2133488 4.2119541 0.0130592 0.7502017 -0.0079079 0.6610327
26.784000 3.4141304 -0.2184884 4.1973376 0.0107384 0.7494098 -0.0060617 0.6619916
27.096690 3.5388305 -0.2228643 4.1828952 0.0084169 0.7477283 -0.0037739 0.6639408
27.305190 3.6220474 -0.2261742 4.1733198 0.0125726 0.7465591 -0.0069376 0.6651642
27.513640 3.7061296 -0.2292286 4.1645856 0.0114116 0.7455855 -0.0090028 0.6662514
27.722410 3.7878597 -0.2331330 4.1557169 0.0107243 0.7449492 -0.0066196 0.6670021
27.930640 3.8718495 -0.2365073 4.1470470 0.0100625 0.7446359 -0.0070741 0.6673576
28.139150 3.9557600 -0.2399794 4.1380591 0.0108430 0.7440497 -0.0042857 0.6680225
28.347630 4.0387173 -0.2431754 4.1293454 0.0129292 0.7435824 -0.0045734 0.6685036
28.660380 4.1622224 -0.2482446 4.1176662 0.0070576 0.7432396 -0.0075526 0.6689455
28.869010 4.2435389 -0.2515213 4.1102057 0.0066657 0.7441075 -0.0118434 0.6679216
29.077510 4.3240323 -0.2552346 4.1017995 0.0074601 0.7444987 -0.0129663 0.6674563
29.286110 4.4039087 -0.2590086 4.0932684 0.0083335 0.7448552 -0.0121492 0.6670635
29.494560 4.4821916 -0.2628797 4.0849338 0.0102025 0.7451731 -0.0134178 0.6666580
29.703090 4.5596743 -0.2669092 4.0768428 0.0086754 0.7463428 -0.0144824 0.6653475
29.911660 4.6356320 -0.2711270 4.0679059 0.0097862 0.7483726 -0.0158824 0.6630162
30.224420 4.7481384 -0.2772962 4.0537996 0.0098696 0.7514398 -0.0160601 0.6595324
30.537140 4.8590961 -0.2835002 4.0398793 0.0121365 0.7533462 -0.0229984 0.6571098
30.850030 4.9697399 -0.2900229 4.0240054 0.0115577 0.7563322 -0.0189878 0.6538100
31.162620 5.0784931 -0.2969547 4.0091047 0.0115008 0.7586575 -0.0221946 0.6510100
31.475390 5.1846614 -0.3043948 3.9929755 0.0163436 0.7606607 -0.0251030 0.6484582
31.788620 5.2891989 -0.3117989 3.9758816 0.0164731 0.7638008 -0.0222333 0.6448586
31.997070 5.3580704 -0.3170193 3.9642601 0.0158241 0.7678940 -0.0206337 0.6400489
32.205560 5.4259019 -0.3221317 3.9512644 0.0152078 0.7740808 -0.0216412 0.6325341
32.414310 5.4925051 -0.3269729 3.9365716 0.0162380 0.7820002 -0.0219093 0.6226813
32.622920 5.5586424 -0.3319221 3.9205372 0.0179249 0.7896428 -0.0195018 0.6129949
32.831540 5.6235833 -0.3364602 3.9020550 0.0210294 0.7956381 -0.0159049 0.6051981
33.040040 5.6882086 -0.3412392 3.8833067 0.0223182 0.8001474 -0.0139585 0.5992256
33.248440 5.7517605 -0.3453067 3.8637371 0.0240766 0.8024058 -0.0076028 0.5962444
33.456640 5.8147993 -0.3493322 3.8441377 0.0259537 0.8030327 -0.0026046 0.5953639
33.665120 5.8761096 -0.3527672 3.8260996 0.0293364 0.8027956 -0.0054348 0.5955074
33.873500 5.9370522 -0.3568075 3.8075361 0.0299443 0.8019713 -0.0028618 0.5966047
34.081820 5.9972038 -0.3606854 3.7901046 0.0301562 0.8012003 -0.0007512 0.5976355
34.289910 6.0561581 -0.3640724 3.7730932 0.0323364 0.7991472 -0.0013468 0.6002635
34.498170 6.1143074 -0.3677022 3.7567086 0.0325230 0.7956616 0.0010382 0.6048668
34.602300 6.1433415 -0.3692055 3.7489774 0.0323092 0.7940993 0.0020506 0.6069252
34.810660 6.2001009 -0.3721609 3.7343938 0.0320763 0.7917180 0.0032230 0.6100355
34.914790 6.2280564 -0.3736747 3.7271614 0.0327974 0.7905283 0.0053382 0.6115234
35.123490 6.2832961 -0.3767107 3.7131791 0.0320825 0.7882267 0.0068273 0.6145102
35.227510 6.3099699 -0.3781793 3.7067103 0.0314719 0.7870066 0.0052863 0.6161187
35.436220 6.3634973 -0.3808302 3.6939518 0.0346763 0.7837002 0.0035793 0.6201603
35.644150 6.4165807 -0.3836275 3.6830740 0.0331881 0.7790687 0.0019395 0.6260565
35.852390 6.4688988 -0.3865368 3.6732495 0.0325755 0.7717049 0.0031512 0.6351381
36.060640 6.5209804 -0.3896237 3.6650164 0.0319320 0.7622561 0.0034091 0.6464785
36.372770 6.5987544 -0.3939949 3.6575871 0.0299820 0.7418876 0.0018113 0.6698511
36.581010 6.6496243 -0.3974126 3.6558475 0.0268219 0.7271298 -0.0035174 0.6859668
36.789390 6.7005816 -0.4003338 3.6565251 0.0226932 0.7153855 -0.0083419 0.6983116
36.998010 6.7513986 -0.4033658 3.6576638 0.0153306 0.7111348 -0.0128414 0.7027712
37.207180 6.8020349 -0.4061064 3.6570256 0.0099585 0.7177573 -0.0139723 0.6960819
37.416200 6.8517704 -0.4087729 3.6540058 0.0094741 0.7267481 -0.0120109 0.6867337
37.625170 6.9004283 -0.4114161 3.6502261 0.0081056 0.7357820 -0.0124266 0.6770560
37.834140 6.9480772 -0.4134068 3.6450505 0.0067218 0.7471250 -0.0126740 0.6645287
38.043370 6.9942756 -0.4153696 3.6377108 0.0073332 0.7570193 -0.0104626 0.6532676
38.251530 7.0388265 -0.4173666 3.6296155 0.0060330 0.7660763 -0.0101219 0.6426417
38.460120 7.0823812 -0.4193724 3.6204863 0.0073981 0.7735628 -0.0088519 0.6336147
38.668540 7.1255383 -0.4212504 3.6105347 0.0103357 0.7790602 -0.0082314 0.6268099
38.876940 7.1684127 -0.4226201 3.6009350 0.0104421 0.7815781 -0.0075190 0.6236747
39.189420 7.2300987 -0.4254536 3.5865574 0.0112498 0.7827733 -0.0055112 0.6221808
39.502140 7.2918754 -0.4278414 3.5721014 0.0122457 0.7858780 -0.0080927 0.6182073
39.710790 7.3349781 -0.4297283 3.5612767 0.0109246 0.7893029 -0.0079504 0.6138554
40.023700 7.4001293 -0.4323125 3.5435565 0.0134132 0.7945740 -0.0072370 0.6069761
40.336550 7.4696274 -0.4350097 3.5235138 0.0163343 0.7996482 -0.0067172 0.6002091
40.649320 7.5408769 -0.4380695 3.5024903 0.0162285 0.8036804 -0.0048482 0.5948201
40.962050 7.6141162 -0.4411644 3.4797692 0.0161793 0.8060241 0.0006254 0.5916612
41.378780 7.7101712 -0.4445472 3.4503484 0.0175286 0.8059882 0.0002736 0.5916720
41.691270 7.7814341 -0.4475745 3.4296083 0.0175515 0.8039566 0.0003170 0.5944288
42.107930 7.8721886 -0.4515969 3.4035573 0.0198783 0.7997456 -0.0006690 0.6000096
42.420400 7.9345703 -0.4540071 3.3869023 0.0177903 0.7953362 0.0031593 0.6058992
42.836790 8.0083275 -0.4570074 3.3697300 0.0162097 0.7825248 0.0049106 0.6223889
43.148930 8.0596628 -0.4590438 3.3614454 0.0191965 0.7638793 0.0012532 0.6450723
43.460950 8.1102085 -0.4611771 3.3587441 0.0152195 0.7356091 -0.0002291 0.6772352
43.773070 8.1595173 -0.4629678 3.3615947 0.0075361 0.7030253 -0.0032503 0.7111175
44.085170 8.2081718 -0.4646157 3.3683178 0.0031643 0.6679145 -0.0014899 0.7442298
44.397150 8.2554798 -0.4655787 3.3804317 0.0038973 0.6265185 -0.0034604 0.7793891
44.709450 8.3027735 -0.4668076 3.3995454 0.0045072 0.5759025 -0.0075061 0.8174715
45.021230 8.3499422 -0.4687827 3.4269059 0.0070755 0.5160869 -0.0115985 0.8564285
45.229310 8.3823061 -0.4697889 3.4497056 0.0115792 0.4729683 -0.0089916 0.8809574
45.437440 8.4139376 -0.4712646 3.4782572 0.0081466 0.4293582 -0.0111816 0.9030283
45.853900 8.4760866 -0.4741668 3.5506644 0.0061372 0.3405878 -0.0118099 0.9401185
46.062500 8.5063705 -0.4757225 3.5948014 0.0056448 0.3001941 -0.0106143 0.9538024
46.271110 8.5353985 -0.4769186 3.6445162 0.0040174 0.2654925 -0.0109992 0.9640418
46.479940 8.5635033 -0.4780026 3.6995492 0.0007449 0.2377826 -0.0104588 0.9712618
46.688930 8.5913410 -0.4787917 3.7592015 -0.0010755 0.2174184 -0.0081910 0.9760435
46.897820 8.6188545 -0.4796867 3.8226821 -0.0005938 0.1996369 -0.0037815 0.9798625
47.106530 8.6451683 -0.4805844 3.8906772 -0.0000460 0.1820495 -0.0023137 0.9832866
47.315280 8.6699600 -0.4815488 3.9624012 -0.0002346 0.1666263 -0.0027452 0.9860163
47.524300 8.6936903 -0.4823830 4.0371695 -0.0019752 0.1601646 -0.0056572 0.9870721
47.733280 8.7187366 -0.4832557 4.1145401 -0.0026042 0.1591024 -0.0056213 0.9872426
47.942180 8.7448893 -0.4841737 4.1937461 -0.0012677 0.1590274 -0.0034587 0.9872673
48.150840 8.7718496 -0.4851409 4.2759733 -0.0009076 0.1593170 -0.0032012 0.9872219
48.359390 8.7998123 -0.4861692 4.3605442 -0.0030646 0.1600988 -0.0022647 0.9870936
48.567920 8.8278255 -0.4873740 4.4458084 -0.0035538 0.1609092 -0.0011334 0.9869622
48.776450 8.8565407 -0.4882331 4.5317545 -0.0034970 0.1611122 0.0005629 0.9869298
48.985000 8.8852062 -0.4892285 4.6174097 -0.0055845 0.1614738 0.0021816 0.9868588
49.297530 8.9287624 -0.4902304 4.7466526 -0.0040279 0.1610080 0.0039809 0.9869369
49.610180 8.9710121 -0.4916257 4.8754830 -0.0030867 0.1597695 0.0045222 0.9871392
49.922840 9.0130663 -0.4933143 5.0049100 -0.0039780 0.1578047 0.0040162 0.9874542
50.235330 9.0543394 -0.4945430 5.1343794 -0.0042664 0.1556758 0.0042041 0.9877900
50.547800 9.0948782 -0.4958138 5.2627459 -0.0051004 0.1531497 0.0050517 0.9881769
50.860320 9.1343527 -0.4966876 5.3885412 -0.0044362 0.1501794 0.0060898 0.9886301
51.172910 9.1710739 -0.4973686 5.5109320 -0.0083838 0.1466664 0.0066095 0.9891284
51.485450 9.2048235 -0.4984128 5.6264982 -0.0034220 0.1431435 0.0056812 0.9896797
51.693900 9.2251787 -0.4993827 5.6991062 -0.0037533 0.1406730 0.0050393 0.9900362
52.110910 9.2613506 -0.5012558 5.8328919 -0.0080152 0.1326355 0.0056700 0.9911163
52.423590 9.2844849 -0.5021533 5.9221749 -0.0053944 0.1282152 0.0028463 0.9917276
52.840660 9.3103256 -0.5036321 6.0245428 -0.0017795 0.1262941 0.0016627 0.9919899
53.361840 9.3374987 -0.5054822 6.1376762 -0.0021930 0.1180224 0.0028744 0.9930044
53.674060 9.3498039 -0.5065932 6.2024236 -0.0013835 0.0965441 0.0045586 0.9953173
53.985990 9.3553963 -0.5075127 6.2643275 -0.0022380 0.0573629 0.0029720 0.9983464
54.297670 9.3538370 -0.5083040 6.3243675 -0.0053861 0.0028325 0.0008476 0.9999811
54.505550 9.3479090 -0.5088322 6.3629694 -0.0067669 -0.0402173 -0.0040437 0.9991599
54.713450 9.3383913 -0.5085740 6.4006090 -0.0089248 -0.0872457 -0.0077680 0.9961166
54.921310 9.3251276 -0.5090840 6.4364014 -0.0132938 -0.1383345 -0.0090562 0.9902549
55.129370 9.3087111 -0.5087424 6.4702721 -0.0174541 -0.1924278 -0.0098065 0.9811069
55.337310 9.2882471 -0.5081141 6.5012622 -0.0189364 -0.2485084 -0.0122181 0.9683676
55.545500 9.2641401 -0.5071203 6.5294585 -0.0194827 -0.3045632 -0.0144388 0.9521834
55.753570 9.2372694 -0.5061968 6.5548449 -0.0235318 -0.3604799 -0.0118963 0.9323942
55.961860 9.2078743 -0.5047537 6.5768089 -0.0260794 -0.4149059 -0.0113457 0.9094197
56.170220 9.1755104 -0.5033077 6.5946345 -0.0281181 -0.4667050 -0.0122680 0.8838809
56.378550 9.1410351 -0.5017701 6.6083565 -0.0249318 -0.5159483 -0.0160107 0.8561071
56.587120 9.1051950 -0.5001622 6.6189566 -0.0227084 -0.5611852 -0.0161663 0.8272207
56.795690 9.0679512 -0.4988657 6.6262522 -0.0195551 -0.5991435 -0.0175264 0.8002109
57.004560 9.0299091 -0.4971316 6.6317472 -0.0179384 -0.6285117 -0.0164878 0.7774184
57.109200 9.0102081 -0.4962487 6.6348848 -0.0209106 -0.6403004 -0.0132994 0.7677248
57.422830 8.9460669 -0.4934101 6.6401410 -0.0216464 -0.6656576 -0.0169247 0.7457513
57.631790 8.8996534 -0.4919109 6.6423373 -0.0216425 -0.6759906 -0.0182372 0.7363666
57.840730 8.8497200 -0.4896870 6.6454897 -0.0209014 -0.6881941 -0.0117756 0.7251298
58.153820 8.7653761 -0.4861473 6.6451516 -0.0222238 -0.7056670 -0.0117991 0.7080967
58.362580 8.7035198 -0.4839526 6.6422381 -0.0203078 -0.7147269 -0.0163211 0.6989182
58.571560 8.6376619 -0.4810304 6.6391697 -0.0197132 -0.7191577 -0.0174632 0.6943476
58.780440 8.5679102 -0.4779490 6.6357355 -0.0184177 -0.7213528 -0.0194369 0.6920499
58.989420 8.4942904 -0.4745793 6.6314096 -0.0141880 -0.7209783 -0.0226758 0.6924412
59.302920 8.3764410 -0.4691801 6.6278176 -0.0099810 -0.7127671 -0.0272600 0.7007998
59.512300 8.2936773 -0.4655673 6.6273150 -0.0081668 -0.7058564 -0.0287698 0.7077233
59.720720 8.2074471 -0.4619034 6.6284642 -0.0061616 -0.6986068 -0.0304269 0.7148319
60.033570 8.0713053 -0.4562464 6.6341701 -0.0057454 -0.6872020 -0.0331829 0.7256854
60.242110 7.9787292 -0.4523316 6.6409802 -0.0067562 -0.6806417 -0.0346332 0.7317663
60.554790 7.8399034 -0.4464297 6.6526394 -0.0075628 -0.6724185 -0.0348924 0.7393096
60.763240 7.7479634 -0.4424588 6.6619511 -0.0080413 -0.6699870 -0.0334250 0.7415764
61.075690 7.6090622 -0.4366642 6.6758742 -0.0071455 -0.6686219 -0.0331787 0.7428276
61.388180 7.4690862 -0.4313310 6.6901007 -0.0065853 -0.6675336 -0.0340601 0.7437711
61.700910 7.3290968 -0.4257712 6.7045999 -0.0057506 -0.6678817 -0.0347084 0.7434354
61.909070 7.2362838 -0.4226491 6.7137895 -0.0048800 -0.6684490 -0.0333069 0.7429959
62.117440 7.1439309 -0.4189594 6.7228775 -0.0061337 -0.6688430 -0.0353823 0.7425359
62.221590 7.0979919 -0.4172814 6.7271199 -0.0072497 -0.6689747 -0.0360809 0.7423735
62.429920 7.0062623 -0.4134611 6.7359586 -0.0059614 -0.6691498 -0.0362682 0.7422180
62.638450 6.9152851 -0.4095100 6.7450776 -0.0057083 -0.6687801 -0.0363789 0.7425478
62.849550 6.8253140 -0.4059643 6.7543039 -0.0060235 -0.6674515 -0.0369609 0.7437111
63.159760 6.6931663 -0.4009643 6.7678685 -0.0053315 -0.6660690 -0.0362953 0.7449875
63.368170 6.6049709 -0.3976938 6.7773447 -0.0049194 -0.6656157 -0.0363843 0.7453910
63.576570 6.5180898 -0.3944724 6.7865267 -0.0050917 -0.6649820 -0.0366801 0.7459407
63.785050 6.4309502 -0.3908302 6.7964988 -0.0057493 -0.6645833 -0.0369085 0.7462800
64.097830 6.3017197 -0.3856523 6.8114028 -0.0046135 -0.6644058 -0.0346810 0.7465526
64.410540 6.1729650 -0.3808395 6.8256893 -0.0043446 -0.6634372 -0.0344645 0.7474251
64.723370 6.0427475 -0.3762803 6.8409681 -0.0051484 -0.6623136 -0.0343102 0.7484230
64.931710 5.9545197 -0.3726273 6.8522177 -0.0089755 -0.6614252 -0.0329510 0.7492332
65.140170 5.8664150 -0.3691539 6.8627453 -0.0070869 -0.6609491 -0.0323374 0.7497002
65.349010 5.7766104 -0.3657248 6.8739791 -0.0055284 -0.6607411 -0.0305781 0.7499704
65.661320 5.6413283 -0.3611070 6.8900189 -0.0063242 -0.6629699 -0.0311669 0.7479703
65.973960 5.5039310 -0.3562376 6.9043274 -0.0069799 -0.6678800 -0.0308898 0.7435949
66.286540 5.3643599 -0.3509878 6.9169130 -0.0068829 -0.6734564 -0.0326315 0.7384742
66.599380 5.2233224 -0.3455942 6.9277134 -0.0029995 -0.6754468 -0.0301584 0.7367857
66.911930 5.0813093 -0.3413658 6.9391952 -0.0067580 -0.6762688 -0.0282685 0.7360814
67.120480 4.9861288 -0.3378078 6.9472289 -0.0096462 -0.6769432 -0.0299114 0.7353639
67.433190 4.8458667 -0.3317946 6.9577317 -0.0095975 -0.6773697 -0.0318735 0.7348893
67.745940 4.7056885 -0.3266320 6.9679766 -0.0078830 -0.6778806 -0.0319454 0.7344354
68.058600 4.5665631 -0.3216910 6.9782906 -0.0065595 -0.6783583 -0.0319218 0.7340082
68.371230 4.4274282 -0.3170941 6.9884944 -0.0061543 -0.6784559 -0.0318466 0.7339247
68.683820 4.2887831 -0.3120575 6.9988427 -0.0065169 -0.6781228 -0.0325666 0.7341978
68.996320 4.1497154 -0.3069648 7.0091162 -0.0052228 -0.6779863 -0.0327075 0.7343279
69.308840 4.0117502 -0.3017785 7.0193381 -0.0072339 -0.6780151 -0.0339151 0.7342295
69.621360 3.8734674 -0.2965593 7.0293517 -0.0060724 -0.6785764 -0.0342433 0.7337061
69.933920 3.7377572 -0.2914396 7.0383282 -0.0031001 -0.6788890 -0.0358130 0.7333605
70.142350 3.6476974 -0.2885064 7.0444221 0.0016187 -0.6778948 -0.0361600 0.7342674
70.454920 3.5119185 -0.2838820 7.0550408 -0.0011502 -0.6753592 -0.0376553 0.7365261
70.663330 3.4212999 -0.2806650 7.0632219 -0.0030868 -0.6736851 -0.0377852 0.7380455
71.082350 3.2413723 -0.2736099 7.0801401 -0.0013597 -0.6708264 -0.0380483 0.7406365
71.392800 3.1065884 -0.2690651 7.0929508 0.0008957 -0.6696489 -0.0357021 0.7418186
71.809460 2.9256327 -0.2633241 7.1106873 -0.0026648 -0.6698844 -0.0344668 0.7416601
72.121920 2.7885807 -0.2580938 7.1232576 -0.0066620 -0.6707079 -0.0371112 0.7407627
72.538690 2.6066318 -0.2511005 7.1405811 -0.0026023 -0.6700657 -0.0307986 0.7416580
72.851340 2.4692647 -0.2462842 7.1538138 -0.0066947 -0.6702547 -0.0329015 0.7413712
73.163840 2.3319197 -0.2409873 7.1670008 -0.0072711 -0.6722816 -0.0324180 0.7395496
73.476280 2.1944010 -0.2361152 7.1786528 -0.0091088 -0.6758364 -0.0307597 0.7363532
73.788870 2.0573149 -0.2308544 7.1887517 -0.0080516 -0.6784239 -0.0306511 0.7339868
74.101330 1.9186301 -0.2248606 7.1979833 -0.0081730 -0.6801124 -0.0322833 0.7323511
74.414060 1.7798903 -0.2196416 7.2076368 -0.0067908 -0.6807982 -0.0325676 0.7317151
74.622500 1.6880797 -0.2161265 7.2142124 -0.0070923 -0.6812916 -0.0316331 0.7312940
74.830870 1.5962750 -0.2129791 7.2205725 -0.0081476 -0.6822784 -0.0321428 0.7303401
75.039180 1.5051665 -0.2096376 7.2262325 -0.0086208 -0.6832718 -0.0312559 0.7294439
75.247560 1.4141709 -0.2064227 7.2313342 -0.0084904 -0.6843367 -0.0312424 0.7284470
75.456060 1.3237206 -0.2033632 7.2360926 -0.0075703 -0.6859174 -0.0290141 0.7270613
75.664210 1.2338476 -0.2009321 7.2405095 -0.0057513 -0.6877633 -0.0259166 0.7254494
75.976580 1.0995047 -0.1969270 7.2465062 -0.0091617 -0.6900160 -0.0273325 0.7232199
76.185000 1.0109508 -0.1938157 7.2499309 -0.0089550 -0.6903885 -0.0278947 0.7228454
76.497460 0.8793608 -0.1895611 7.2549229 -0.0093150 -0.6901242 -0.0305964 0.7229838
76.706270 0.7923141 -0.1864230 7.2586250 -0.0089007 -0.6902304 -0.0311056 0.7228660
76.914470 0.7070476 -0.1832397 7.2607327 -0.0085203 -0.6906036 -0.0310607 0.7225160
77.122590 0.6221408 -0.1800956 7.2642217 -0.0084878 -0.6919818 -0.0324706 0.7211344
77.330800 0.5398201 -0.1770558 7.2662120 -0.0080178 -0.6931779 -0.0331293 0.7199602
77.539210 0.4575225 -0.1739221 7.2686973 -0.0075572 -0.6949607 -0.0327937 0.7182598
77.747630 0.3771721 -0.1710682 7.2706628 -0.0073204 -0.6962301 -0.0327729 0.7170327
77.955810 0.2985450 -0.1682533 7.2722311 -0.0073169 -0.6973032 -0.0329902 0.7159793
78.164320 0.2223420 -0.1654446 7.2733736 -0.0072543 -0.6980856 -0.0342620 0.7151573
78.372790 0.1485756 -0.1627371 7.2748146 -0.0062553 -0.6974931 -0.0349392 0.7157119
78.581420 0.0778652 -0.1604068 7.2765279 -0.0048457 -0.6955569 -0.0348465 0.7176090
78.789980 0.0091410 -0.1581680 7.2785454 -0.0046073 -0.6935923 -0.0342130 0.7195401
78.998610 -0.0579858 -0.1557660 7.2813807 -0.0045537 -0.6918278 -0.0332380 0.7212828
79.311290 -0.1570374 -0.1522423 7.2856503 -0.0050898 -0.6893425 -0.0325963 0.7236840
79.521320 -0.2218622 -0.1499955 7.2887974 -0.0059248 -0.6883362 -0.0327985 0.7246258
79.728360 -0.2852956 -0.1478125 7.2923002 -0.0059889 -0.6875926 -0.0323384 0.7253515
79.936810 -0.3457537 -0.1459039 7.2953038 -0.0063321 -0.6864608 -0.0328144 0.7263984
80.145310 -0.4052010 -0.1436849 7.2983880 -0.0076798 -0.6848726 -0.0332538 0.7278631
80.353800 -0.4602550 -0.1419198 7.3020139 -0.0080138 -0.6829162 -0.0329515 0.7297091
80.562510 -0.5138078 -0.1397733 7.3058462 -0.0086782 -0.6803547 -0.0322464 0.7321218
80.770930 -0.5637018 -0.1380836 7.3099933 -0.0100096 -0.6776229 -0.0322894 0.7346322
81.083960 -0.6333398 -0.1354651 7.3166056 -0.0104956 -0.6711707 -0.0320761 0.7405342
81.396840 -0.6979167 -0.1333758 7.3250103 -0.0095297 -0.6606961 -0.0294666 0.7500144
81.709820 -0.7567273 -0.1315752 7.3351831 -0.0088843 -0.6463703 -0.0270068 0.7624941
82.022820 -0.8106107 -0.1301328 7.3474698 -0.0089698 -0.6287344 -0.0251355 0.7771621
82.649060 -0.9010801 -0.1285004 7.3788195 -0.0091757 -0.5757114 -0.0172978 0.8174185
82.962170 -0.9413815 -0.1275141 7.3988905 -0.0131636 -0.5385713 -0.0191324 0.8422598
83.693230 -1.0239460 -0.1263360 7.4613047 -0.0028671 -0.4248530 -0.0138993 0.9051511
84.006450 -1.0550139 -0.1256308 7.4990382 -0.0027326 -0.3666549 -0.0088423 0.9303110
84.319310 -1.0840826 -0.1257627 7.5436106 -0.0036519 -0.3036561 -0.0085194 0.9527366
84.527960 -1.1015158 -0.1261332 7.5776777 -0.0026066 -0.2610052 -0.0077213 0.9653030
84.737260 -1.1181657 -0.1263039 7.6154165 0.0017137 -0.2193976 -0.0086920 0.9755953
84.944930 -1.1333811 -0.1265394 7.6581378 0.0029054 -0.1780354 -0.0119887 0.9839467
85.154250 -1.1457677 -0.1272603 7.7055612 0.0023660 -0.1350222 -0.0126587 0.9907589
85.361980 -1.1550747 -0.1280438 7.7575798 0.0040884 -0.0943394 -0.0139251 0.9954343
85.674100 -1.1628584 -0.1294911 7.8428535 0.0069316 -0.0453932 -0.0118632 0.9988747
85.881970 -1.1651490 -0.1309000 7.9043550 0.0077673 -0.0243112 -0.0080663 0.9996417
86.193550 -1.1665297 -0.1330012 8.0022106 0.0074292 -0.0076169 -0.0042284 0.9999344
86.505090 -1.1667038 -0.1358219 8.1070023 0.0067666 -0.0028928 0.0000145 0.9999729
86.712810 -1.1677474 -0.1376483 8.1802206 0.0058872 -0.0043937 0.0005121 0.9999729
86.920680 -1.1686480 -0.1395324 8.2567463 0.0058395 -0.0077118 0.0013226 0.9999523
87.128650 -1.1705157 -0.1414216 8.3348255 0.0087535 -0.0105899 0.0015132 0.9999045
87.336860 -1.1723874 -0.1435831 8.4139681 0.0072121 -0.0127235 0.0010898 0.9998925
87.544840 -1.1754718 -0.1460731 8.4935503 0.0031100 -0.0133358 -0.0000054 0.9999062
87.857180 -1.1796888 -0.1486931 8.6127443 0.0053071 -0.0146455 -0.0032724 0.9998733
88.169700 -1.1836507 -0.1518055 8.7339115 0.0032908 -0.0158820 -0.0031790 0.9998634
88.482060 -1.1884958 -0.1546207 8.8543015 0.0018843 -0.0184801 -0.0020385 0.9998254
88.794690 -1.1938480 -0.1568967 8.9742985 -0.0004918 -0.0213215 -0.0019773 0.9997706
89.107430 -1.1999578 -0.1591388 9.0933294 -0.0008359 -0.0239127 -0.0018145 0.9997120
89.419930 -1.2060852 -0.1612514 9.2082214 0.0029170 -0.0255489 -0.0016265 0.9996680
89.836930 -1.2140241 -0.1641175 9.3570538 -0.0007231 -0.0247975 -0.0020452 0.9996901
90.149600 -1.2198017 -0.1663650 9.4600410 0.0016937 -0.0259400 -0.0040104 0.9996540
90.566320 -1.2276204 -0.1685026 9.5855360 -0.0004463 -0.0307185 -0.0040691 0.9995197
90.879050 -1.2336860 -0.1700894 9.6688337 0.0009215 -0.0352881 -0.0039479 0.9993690
91.191720 -1.2398257 -0.1722170 9.7428017 0.0005909 -0.0361163 -0.0044208 0.9993376
91.504730 -1.2435251 -0.1733564 9.8088579 0.0012843 -0.0266746 -0.0055354 0.9996280
91.817860 -1.2437835 -0.1751119 9.8729200 0.0017715 -0.0036905 -0.0072824 0.9999651
92.026880 -1.2410350 -0.1762590 9.9145584 0.0039607 0.0176283 -0.0063783 0.9998164
92.235900 -1.2364674 -0.1776556 9.9546099 0.0081862 0.0453845 -0.0080936 0.9989033
92.444850 -1.2282211 -0.1789594 9.9938383 0.0090576 0.0792109 -0.0067174 0.9967941
92.654030 -1.2173014 -0.1803804 10.0310440 0.0089775 0.1171942 -0.0002788 0.9930684
92.968320 -1.1955283 -0.1828180 10.0827007 0.0076978 0.1772727 0.0088253 0.9840921
93.176360 -1.1785526 -0.1845042 10.1154060 0.0089206 0.2208974 0.0068119 0.9752325
93.489710 -1.1466737 -0.1861092 10.1605597 0.0168445 0.2886578 0.0060093 0.9572653
93.698450 -1.1208148 -0.1872239 10.1885481 0.0211529 0.3342193 0.0081755 0.9422225
93.907230 -1.0932279 -0.1887016 10.2169971 0.0166356 0.3823188 -0.0044374 0.9238701
94.115820 -1.0611968 -0.1912318 10.2416239 0.0152648 0.4277563 -0.0052783 0.9037498
94.324500 -1.0251148 -0.1925707 10.2617817 0.0221394 0.4740405 -0.0010714 0.8802240
94.533080 -0.9859004 -0.1944527 10.2816181 0.0189940 0.5201941 -0.0097439 0.8537812
94.741610 -0.9417508 -0.1972413 10.2991047 0.0120407 0.5629535 -0.0123091 0.8263092
94.949970 -0.8946930 -0.1999033 10.3111477 0.0144193 0.5989611 -0.0100461 0.8005853
95.158090 -0.8431675 -0.2017136 10.3210020 0.0183711 0.6275558 -0.0094707 0.7782972
95.365960 -0.7874877 -0.2038337 10.3294945 0.0166273 0.6494803 -0.0069059 0.7601652
95.573810 -0.7288859 -0.2066824 10.3356237 0.0132553 0.6692963 -0.0072297 0.7428422
95.885910 -0.6346641 -0.2099610 10.3397398 0.0171165 0.6929890 -0.0071148 0.7207099
96.093730 -0.5674672 -0.2126555 10.3402414 0.0141018 0.7051667 -0.0051115 0.7088829
96.301480 -0.4969361 -0.2154179 10.3391676 0.0127848 0.7138219 -0.0036999 0.7002008
96.509210 -0.4243149 -0.2174739 10.3359461 0.0180328 0.7176428 -0.0013633 0.6961765
96.820940 -0.3083278 -0.2211805 10.3325863 0.0154718 0.7202547 -0.0001292 0.6935372
97.132730 -0.1874511 -0.2253113 10.3274651 0.0150855 0.7211400 0.0023112 0.6926212
97.340580 -0.1070933 -0.2279798 10.3247480 0.0144575 0.7193729 0.0042571 0.6944606
97.548460 -0.0265459 -0.2306112 10.3226414 0.0164105 0.7169403 0.0039709 0.6969300
97.756480 0.0548667 -0.2330623 10.3214378 0.0155366 0.7146515 0.0046046 0.6992929
98.068570 0.1768838 -0.2373588 10.3199291 0.0166446 0.7114553 0.0019826 0.7025314
98.380720 0.3015805 -0.2410428 10.3206291 0.0113866 0.7096032 0.0006228 0.7045093
98.693070 0.4268460 -0.2451466 10.3209419 0.0113719 0.7082604 -0.0022244 0.7058562
99.005460 0.5527121 -0.2497527 10.3213968 0.0097763 0.7084130 -0.0014105 0.7057291
99.213720 0.6361375 -0.2526343 10.3211899 0.0102824 0.7087355 -0.0009499 0.7053988
99.422060 0.7195795 -0.2554388 10.3214102 0.0089391 0.7093843 -0.0017956 0.7047629
99.630630 0.8020384 -0.2581708 10.3212214 0.0068579 0.7108702 -0.0034296 0.7032815
99.838860 0.8844801 -0.2609188 10.3206463 0.0045903 0.7123830 -0.0036919 0.7017661
100.047200 0.9657135 -0.2631641 10.3198919 0.0006071 0.7137562 -0.0023464 0.7003900
100.359800 1.0857618 -0.2664714 10.3178167 0.0039260 0.7143038 -0.0036145 0.6998154
100.568000 1.1656648 -0.2685642 10.3166857 0.0057837 0.7143401 -0.0045162 0.6997603
100.776300 1.2441916 -0.2711734 10.3155165 0.0050383 0.7149588 -0.0052418 0.6991287
100.985100 1.3225766 -0.2732441 10.3142624 0.0033641 0.7160373 -0.0046051 0.6980388
101.193100 1.4003093 -0.2757524 10.3126888 0.0014625 0.7172000 -0.0043225 0.6968524
101.401500 1.4769332 -0.2778312 10.3108034 0.0030634 0.7175089 -0.0052860 0.6965226
101.714000 1.5913563 -0.2811927 10.3082151 0.0018439 0.7169732 -0.0042535 0.6970854
101.922300 1.6664062 -0.2832141 10.3070421 -0.0006960 0.7165740 -0.0043868 0.6974970
102.130600 1.7410352 -0.2850477 10.3056812 0.0010770 0.7165913 -0.0048050 0.6974759
102.339000 1.8146935 -0.2869717 10.3041143 0.0014118 0.7168078 -0.0065210 0.6972389
102.651500 1.9249243 -0.2905671 10.3017454 0.0031143 0.7170917 -0.0084012 0.6969212
102.859900 1.9958737 -0.2929954 10.2994967 0.0131365 0.7161357 -0.0118163 0.6977374
103.068200 2.0680194 -0.2962535 10.2983427 0.0084671 0.7154660 -0.0082796 0.6985472
103.276500 2.1385031 -0.2989660 10.2970514 0.0062607 0.7138770 -0.0058540 0.7002187
103.484800 2.2079232 -0.3015347 10.2965889 0.0036509 0.7131851 -0.0072365 0.7009289
103.693400 2.2773685 -0.3040070 10.2963572 0.0017263 0.7133987 -0.0103402 0.7006800
103.901800 2.3460553 -0.3066142 10.2954664 0.0007068 0.7144417 -0.0114422 0.6996011
104.110100 2.4134719 -0.3091078 10.2942915 0.0002901 0.7154161 -0.0100795 0.6986259
104.422700 2.5128722 -0.3121176 10.2922401 -0.0000108 0.7158008 -0.0096377 0.6982381
104.735000 2.6092544 -0.3153006 10.2911491 0.0007791 0.7149060 -0.0129152 0.6991009
105.047500 2.7040355 -0.3190689 10.2898359 0.0017159 0.7145872 -0.0127947 0.6994272
105.360200 2.7974961 -0.3226328 10.2885151 0.0001536 0.7147832 -0.0114990 0.6992516
105.568600 2.8589044 -0.3250338 10.2867994 0.0002250 0.7165774 -0.0112314 0.6974172
105.881400 2.9515114 -0.3282334 10.2844696 0.0009318 0.7195883 -0.0109450 0.6943141
106.194200 3.0453169 -0.3315141 10.2799702 0.0027789 0.7257030 -0.0147935 0.6878434
106.507000 3.1430302 -0.3357366 10.2735271 0.0033418 0.7313681 -0.0132853 0.6818452
106.819700 3.2451301 -0.3393967 10.2661972 0.0007881 0.7377566 -0.0132329 0.6749367
107.132400 3.3510139 -0.3426293 10.2552500 0.0031709 0.7430806 -0.0122305 0.6690826
107.340700 3.4242363 -0.3449146 10.2470350 0.0065884 0.7462040 -0.0121640 0.6655735
107.549200 3.4991000 -0.3474325 10.2374468 0.0064317 0.7490262 -0.0092370 0.6624448
107.757500 3.5779772 -0.3500651 10.2275915 0.0062972 0.7507102 -0.0053805 0.6605797
107.965800 3.6584725 -0.3522381 10.2173433 0.0070655 0.7513632 -0.0034510 0.6598420
108.174000 3.7415175 -0.3545449 10.2066698 0.0106420 0.7510756 -0.0034003 0.6601217
108.382200 3.8273163 -0.3571469 10.1956711 0.0136618 0.7501589 -0.0008943 0.6611159
108.590400 3.9157934 -0.3599449 10.1844101 0.0159720 0.7475016 0.0023752 0.6640638
108.798500 4.0064778 -0.3624767 10.1746864 0.0162280 0.7443061 0.0047704 0.6676244
109.006700 4.0989866 -0.3651814 10.1658783 0.0168789 0.7411915 0.0035140 0.6710722
109.214800 4.1939931 -0.3678521 10.1574306 0.0166351 0.7376732 0.0048089 0.6749359
109.423000 4.2892456 -0.3712624 10.1499233 0.0176153 0.7349097 0.0024961 0.6779316
109.735500 4.4329028 -0.3766303 10.1396341 0.0202563 0.7333013 -0.0000215 0.6796020
110.047800 4.5780053 -0.3822915 10.1289930 0.0178554 0.7321638 0.0070920 0.6808575
110.361100 4.7226653 -0.3870900 10.1195784 0.0187951 0.7313529 0.0058845 0.6817147
110.672600 4.8665886 -0.3919500 10.1107521 0.0185808 0.7303428 0.0055844 0.6828052
110.985200 5.0100331 -0.3971140 10.1027822 0.0202134 0.7282732 0.0025923 0.6849839
111.193300 5.1054268 -0.4006802 10.0978575 0.0168336 0.7264004 0.0047736 0.6870490
111.401600 5.1999917 -0.4038517 10.0934191 0.0166849 0.7245117 0.0050478 0.6890420
111.609900 5.2942142 -0.4069733 10.0903988 0.0139514 0.7234724 0.0030693 0.6902055
111.922300 5.4343681 -0.4116281 10.0858679 0.0093806 0.7227181 -0.0005896 0.6910790
112.130600 5.5253482 -0.4151037 10.0822430 0.0111148 0.7229484 -0.0037987 0.6908022
112.547100 5.7070322 -0.4223700 10.0747519 0.0095300 0.7238600 -0.0027372 0.6898757
112.755500 5.7967582 -0.4257608 10.0707941 0.0074964 0.7252432 -0.0036422 0.6884423
113.068100 5.9291334 -0.4304245 10.0638571 0.0058746 0.7291689 -0.0044723 0.6842940
113.380300 6.0611353 -0.4348330 10.0555296 0.0050787 0.7332405 -0.0074617 0.6799094
113.588800 6.1483998 -0.4379824 10.0488110 0.0065062 0.7370193 -0.0067896 0.6758063
113.901400 6.2805643 -0.4426659 10.0362196 0.0042328 0.7454304 -0.0051657 0.6665500
114.109700 6.3682146 -0.4453492 10.0252028 0.0031818 0.7514757 -0.0039337 0.6597414
114.423500 6.4985075 -0.4489781 10.0062361 0.0037878 0.7606395 -0.0030132 0.6491565
114.735000 6.6281395 -0.4527030 9.9828033 0.0062576 0.7706122 -0.0025020 0.6372687
115.047500 6.7578382 -0.4564260 9.9550686 0.0112255 0.7801533 0.0003624 0.6254876
115.359900 6.8873444 -0.4604386 9.9239740 0.0166191 0.7841766 0.0059884 0.6202863
115.568000 6.9734550 -0.4632782 9.9033594 0.0216993 0.7835958 0.0073886 0.6208479
115.879800 7.1037722 -0.4673897 9.8735580 0.0250372 0.7781602 0.0137660 0.6274157
116.087800 7.1907501 -0.4696626 9.8553104 0.0254181 0.7744199 0.0180374 0.6319038
116.295900 7.2771349 -0.4718607 9.8384113 0.0294300 0.7708020 0.0155748 0.6362040
116.504000 7.3636007 -0.4750628 9.8226652 0.0308260 0.7670335 0.0140505 0.6407121
116.712100 7.4507694 -0.4777295 9.8084335 0.0276817 0.7626263 0.0157831 0.6460540
116.920200 7.5368361 -0.4806190 9.7953157 0.0277855 0.7586495 0.0161175 0.6507066
117.128700 7.6219358 -0.4836063 9.7829618 0.0294038 0.7568742 0.0137495 0.6527540
117.441200 7.7453456 -0.4880902 9.7650375 0.0272958 0.7562719 0.0180838 0.6534376
117.649600 7.8237181 -0.4906653 9.7537603 0.0252809 0.7557738 0.0207755 0.6540146
117.962300 7.9376249 -0.4935183 9.7372322 0.0301205 0.7553838 0.0159122 0.6543965
118.275000 8.0531511 -0.4969989 9.7213068 0.0296808 0.7560641 0.0176451 0.6535861
118.483500 8.1297245 -0.4988826 9.7103004 0.0278507 0.7571205 0.0220236 0.6523095
118.692000 8.2050762 -0.5005549 9.6982832 0.0301914 0.7577643 0.0242882 0.6513768
118.900700 8.2792797 -0.5025772 9.6873913 0.0350320 0.7575647 0.0197315 0.6515206
119.109400 8.3526402 -0.5048921 9.6764927 0.0354374 0.7557797 0.0206457 0.6535403
119.317100 8.4253101 -0.5071701 9.6669388 0.0321493 0.7528502 0.0224671 0.6570222
119.629500 8.5332966 -0.5107416 9.6536160 0.0322377 0.7490545 0.0207620 0.6613978
119.837900 8.6040573 -0.5130330 9.6454096 0.0322116 0.7470509 0.0198388 0.6636896
120.150300 8.7097845 -0.5160782 9.6335926 0.0289856 0.7451112 0.0229924 0.6659132
120.671400 8.8724155 -0.5217388 9.6174288 0.0259412 0.7452558 0.0165528 0.6660681
120.879900 8.9333391 -0.5232250 9.6105165 0.0237532 0.7453863 0.0193840 0.6659274
121.505100 9.0863676 -0.5282879 9.5941648 0.0256754 0.7443827 0.0140334 0.6671119
122.026500 9.1897182 -0.5326064 9.5828114 0.0267656 0.7476902 0.0092304 0.6634439
122.339400 9.2480183 -0.5349217 9.5747261 0.0276605 0.7526295 0.0102189 0.6577836
122.652800 9.2990742 -0.5370136 9.5665188 0.0276888 0.7573099 0.0127820 0.6523432
123.278000 9.3837824 -0.5407414 9.5514784 0.0296937 0.7656346 0.0129931 0.6424586
123.695100 9.4376345 -0.5425961 9.5408812 0.0289150 0.7732633 0.0122423 0.6333072
124.008300 9.4767895 -0.5437540 9.5314159 0.0304415 0.7820249 0.0098496 0.6224254
124.321000 9.5173807 -0.5455750 9.5199528 0.0299963 0.7956798 0.0076489 0.6049259
124.634000 9.5602131 -0.5470016 9.5054436 0.0272749 0.8106507 0.0054413 0.5848691
124.947000 9.6041775 -0.5486463 9.4872608 0.0283438 0.8289921 0.0038461 0.5585284
125.260000 9.6512814 -0.5503916 9.4645128 0.0237310 0.8509142 0.0001167 0.5247683
125.573000 9.7002573 -0.5520441 9.4336681 0.0226387 0.8746931 0.0015828 0.4841456
125.781800 9.7331638 -0.5535086 9.4089565 0.0208661 0.8908404 0.0030228 0.4538268
125.990400 9.7657385 -0.5541859 9.3802881 0.0210059 0.9066021 0.0035600 0.4214483
126.198900 9.7977610 -0.5547510 9.3479691 0.0201317 0.9217942 0.0053346 0.3871197
126.511700 9.8437223 -0.5554081 9.2922668 0.0179307 0.9424261 0.0055517 0.3338873
126.824500 9.8853922 -0.5561261 9.2281017 0.0189743 0.9596514 0.0053023 0.2805013
127.032900 9.9103632 -0.5567653 9.1801071 0.0195776 0.9688526 0.0058234 0.2467943
127.345600 9.9444542 -0.5571465 9.1019688 0.0165791 0.9810513 0.0091683 0.1928195
127.658400 9.9703913 -0.5570456 9.0147877 0.0163488 0.9905404 0.0156458 0.1353424
127.867100 9.9822388 -0.5559096 8.9534197 0.0184530 0.9951056 0.0153861 0.0958519
128.075400 9.9889832 -0.5547465 8.8896503 0.0221594 0.9980952 0.0139797 0.0558520
128.387800 9.9906092 -0.5537525 8.7912817 0.0248380 0.9996631 0.0071713 0.0023121
128.700300 9.9831858 -0.5529019 8.6871433 0.0268747 0.9987731 0.0097155 -0.0404438
128.908300 9.9742937 -0.5519078 8.6161146 0.0266175 0.9975939 0.0111497 -0.0630359
129.220400 9.9556198 -0.5500258 8.5077095 0.0241919 0.9952735 0.0164573 -0.0925986
129.428500 9.9393158 -0.5474328 8.4334068 0.0218300 0.9932033 0.0214400 -0.1122990
129.636700 9.9201221 -0.5449165 8.3586559 0.0178837 0.9910805 0.0225239 -0.1301238
129.844800 9.8982801 -0.5427428 8.2840767 0.0169934 0.9893347 0.0158289 -0.1437966
130.156900 9.8613491 -0.5393440 8.1683941 0.0189047 0.9871454 0.0154388 -0.1579498
130.365000 9.8347874 -0.5374838 8.0905561 0.0231545 0.9861206 0.0143716 -0.1637787
130.573100 9.8077335 -0.5359055 8.0120230 0.0236080 0.9854842 0.0134008 -0.1675828
130.885300 9.7659168 -0.5334338 7.8930473 0.0260723 0.9852177 0.0131006 -0.1688038
131.197300 9.7240334 -0.5310735 7.7738895 0.0309152 0.9860095 0.0132019 -0.1632646
131.405400 9.6983757 -0.5295221 7.6944695 0.0318655 0.9869765 0.0142340 -0.1570331
131.717500 9.6621408 -0.5275124 7.5757856 0.0324043 0.9884599 0.0142720 -0.1472867
132.029800 9.6291027 -0.5250449 7.4592762 0.0326134 0.9897380 0.0151776 -0.1382918
132.342200 9.5990620 -0.5227064 7.3481503 0.0321016 0.9905065 0.0167735 -0.1326085
132.654900 9.5718193 -0.5209355 7.2452297 0.0298190 0.9906681 0.0160239 -0.1320258
132.967600 9.5456209 -0.5191120 7.1501532 0.0301661 0.9903802 0.0163508 -0.1340510
133.280500 9.5217304 -0.5180584 7.0617981 0.0291483 0.9894791 0.0164600 -0.1407500
133.698000 9.4861851 -0.5160940 6.9528861 0.0277927 0.9865948 0.0160954 -0.1599976
134.115500 9.4448776 -0.5139939 6.8526306 0.0276147 0.9786949 0.0162767 -0.2028025
134.429100 9.4080067 -0.5117337 6.7862229 0.0239644 0.9663523 0.0149519 -0.2556666
134.742800 9.3634291 -0.5105125 6.7276516 0.0237727 0.9467924 0.0117345 -0.3207510
135.056400 9.3112698 -0.5083842 6.6780534 0.0230908 0.9194963 0.0133000 -0.3921944
135.265300 9.2730989 -0.5072491 6.6503148 0.0205389 0.8974259 0.0156613 -0.4404084
135.473900 9.2325602 -0.5054167 6.6280031 0.0214048 0.8730657 0.0161291 -0.4868655
135.682600 9.1883402 -0.5036861 6.6085730 -0.0181188 -0.8463500 -0.0193491 0.5319671
135.787000 9.1653652 -0.5029482 6.6002021 -0.0170640 -0.8322183 -0.0214806 0.5537689
135.995500 9.1170607 -0.5011619 6.5866690 -0.0166951 -0.8030917 -0.0213086 0.5952402
136.308100 9.0397434 -0.4978613 6.5747085 -0.0163732 -0.7627343 -0.0243326 0.6460466
136.620200 8.9558411 -0.4943578 6.5686603 -0.0183396 -0.7313497 -0.0274056 0.6812050
137.035900 8.8341379 -0.4884226 6.5680175 -0.0104767 -0.7038249 -0.0266149 0.7097974
137.243700 8.7682943 -0.4858587 6.5703731 -0.0105736 -0.6946858 -0.0282382 0.7186811
137.555600 8.6628084 -0.4811022 6.5769076 -0.0101153 -0.6817991 -0.0294848 0.7308751
137.763500 8.5888863 -0.4777734 6.5830297 -0.0106027 -0.6769949 -0.0279247 0.7353814
140.158400 7.5639572 -0.4346321 6.6789665 -0.0063637 -0.6664225 -0.0325854 0.7448347
150.887800 2.5045483 -0.2482366 7.1653237 -0.0095398 -0.6722971 -0.0267323 0.7397372
157.658800 -0.4465877 -0.1433735 7.3384256 -0.0173824 -0.6484669 -0.0225505 0.7607102
158.075300 -0.5558146 -0.1392629 7.3549180 -0.0218977 -0.6545592 -0.0200157 0.7554284
158.908600 -0.7273096 -0.1330657 7.3749428 -0.0212359 -0.6679338 -0.0166052 0.7437324
159.638100 -0.8202541 -0.1303347 7.3827848 -0.0178474 -0.6754194 -0.0169156 0.7370237
160.159400 -0.8679823 -0.1290523 7.3861003 -0.0160007 -0.6789767 -0.0138514 0.7338547
160.680800 -0.9131601 -0.1279617 7.3887725 -0.0160143 -0.6826549 -0.0126815 0.7304553
161.201800 -0.9579278 -0.1268455 7.3904786 -0.0152755 -0.6871082 -0.0148341 0.7262431
161.722800 -1.0141100 -0.1257777 7.3916297 -0.0086962 -0.6932915 -0.0137185 0.7204742
162.244000 -1.0923553 -0.1239952 7.3923545 -0.0021535 -0.6971380 -0.0136037 0.7168046
162.765100 -1.1982603 -0.1212488 7.3943725 -0.0049089 -0.6948046 -0.0214644 0.7188615
163.182100 -1.2984389 -0.1181979 7.3991122 -0.0171668 -0.6939003 -0.0159852 0.7196889
163.598900 -1.4118081 -0.1131862 7.4031911 -0.0207048 -0.6969141 -0.0126028 0.7167449
164.015600 -1.5383806 -0.1093222 7.4040627 -0.0113282 -0.7005783 -0.0069841 0.7134514
164.432600 -1.6781596 -0.1053245 7.4048223 -0.0152525 -0.7016192 -0.0102224 0.7123155
164.849700 -1.8298290 -0.1012798 7.4048882 -0.0096632 -0.7032249 -0.0101610 0.7108292
165.162300 -1.9462991 -0.0993027 7.4056964 -0.0126331 -0.7040823 -0.0141079 0.7098658
165.475000 -2.0668395 -0.0966047 7.4054999 -0.0120426 -0.7034631 -0.0154250 0.7104623
165.787800 -2.1919184 -0.0932688 7.4065943 -0.0117468 -0.7016530 -0.0152262 0.7122593
166.100600 -2.3219824 -0.0903583 7.4080582 -0.0124244 -0.6998076 -0.0162378 0.7140387
166.413200 -2.4547842 -0.0872111 7.4098420 -0.0129017 -0.6991287 -0.0144053 0.7147343
166.725700 -2.5898294 -0.0833743 7.4113941 -0.0131503 -0.6997330 -0.0155917 0.7141132
166.934000 -2.6799102 -0.0811424 7.4126034 -0.0114168 -0.7004209 -0.0145012 0.7134914
167.142500 -2.7710135 -0.0789879 7.4132943 -0.0118301 -0.7007230 -0.0170613 0.7131313
167.351000 -2.8637462 -0.0768313 7.4142570 -0.0135717 -0.7005517 -0.0166294 0.7132788
167.455000 -2.9098895 -0.0756112 7.4151030 -0.0142901 -0.7005007 -0.0170753 0.7133043
167.663200 -3.0027511 -0.0731673 7.4160681 -0.0154666 -0.7003991 -0.0171680 0.7133772
167.871500 -3.0949538 -0.0706583 7.4165258 -0.0131007 -0.7002124 -0.0181970 0.7135824
168.079800 -3.1871288 -0.0683703 7.4172873 -0.0097890 -0.7001430 -0.0185485 0.7136945
168.288000 -3.2807214 -0.0656375 7.4178305 -0.0128802 -0.7000940 -0.0238399 0.7135364
168.496400 -3.3738391 -0.0621121 7.4189048 -0.0141867 -0.7002208 -0.0268108 0.7132816
168.704700 -3.4668660 -0.0594884 7.4197578 -0.0090066 -0.7002435 -0.0228942 0.7134800
168.913000 -3.5596352 -0.0569436 7.4208188 -0.0080581 -0.6997008 -0.0209891 0.7140822
169.121700 -3.6532960 -0.0542905 7.4222946 -0.0103308 -0.6994388 -0.0204393 0.7143254
169.225900 -3.6989737 -0.0530801 7.4230914 -0.0107479 -0.6995529 -0.0198320 0.7142247
169.329900 -3.7453635 -0.0519118 7.4237823 -0.0112138 -0.6996316 -0.0189718 0.7141638
169.434000 -3.7909713 -0.0506472 7.4242463 -0.0105566 -0.6998833 -0.0176829 0.7139602
169.538100 -3.8369606 -0.0495823 7.4251447 -0.0108479 -0.7003272 -0.0170955 0.7135347
169.642300 -3.8832145 -0.0485218 7.4257393 -0.0121405 -0.7005906 -0.0173888 0.7132482
169.850700 -3.9758964 -0.0459466 7.4265718 -0.0151900 -0.7010401 -0.0198284 0.7126843
170.059000 -4.0685401 -0.0431163 7.4274106 -0.0115178 -0.7017001 -0.0178804 0.7121549
170.267400 -4.1622705 -0.0406163 7.4281974 -0.0099614 -0.7020804 -0.0182434 0.7117942
170.475800 -4.2567377 -0.0374572 7.4285340 -0.0126179 -0.7022229 -0.0210500 0.7115340
170.788300 -4.3974967 -0.0335152 7.4288030 -0.0092908 -0.7033823 -0.0213067 0.7104316
171.100700 -4.5392284 -0.0299659 7.4283962 -0.0065135 -0.7056502 -0.0217578 0.7081963
171.413200 -4.6808972 -0.0261783 7.4278207 -0.0074009 -0.7085041 -0.0175189 0.7054504
171.621400 -4.7751861 -0.0246007 7.4264650 -0.0055053 -0.7101926 -0.0160085 0.7038039
171.829800 -4.8698468 -0.0227743 7.4245572 -0.0076284 -0.7116351 -0.0191443 0.7022469
172.038000 -4.9650011 -0.0204706 7.4222999 -0.0092912 -0.7130627 -0.0213069 0.7007148
172.247200 -5.0593762 -0.0182906 7.4196401 -0.0073214 -0.7147765 -0.0174000 0.6990981
172.454600 -5.1541567 -0.0163627 7.4167519 -0.0065334 -0.7167709 -0.0160990 0.6970923
172.662800 -5.2493076 -0.0148420 7.4126973 -0.0079642 -0.7185001 -0.0183177 0.6952400
172.871000 -5.3448286 -0.0128851 7.4083710 -0.0075440 -0.7202014 -0.0186662 0.6934729
173.079300 -5.4402528 -0.0109100 7.4037580 -0.0081711 -0.7220235 -0.0172522 0.6916051
173.287500 -5.5370760 -0.0089772 7.3988600 -0.0076985 -0.7237715 -0.0159279 0.6898129
173.495800 -5.6331382 -0.0074419 7.3935809 -0.0084028 -0.7250744 -0.0154310 0.6884464
173.808100 -5.7770920 -0.0048015 7.3848243 -0.0111209 -0.7267285 -0.0144775 0.6866822
174.120500 -5.9206018 -0.0016323 7.3757911 -0.0104837 -0.7284051 -0.0135709 0.6849321
174.433100 -6.0643139 0.0006134 7.3655343 -0.0110197 -0.7294399 -0.0115609 0.6838584
174.641400 -6.1610851 0.0024837 7.3591080 -0.0127585 -0.7298892 -0.0112894 0.6833532
174.953800 -6.3054333 0.0049390 7.3493218 -0.0133094 -0.7300599 -0.0098204 0.6831830
175.266300 -6.4509211 0.0074362 7.3385892 -0.0095979 -0.7296554 -0.0111822 0.6836562
175.578600 -6.5964918 0.0100370 7.3282051 -0.0119081 -0.7301365 -0.0137203 0.6830598
175.787300 -6.6929235 0.0121658 7.3213511 -0.0108401 -0.7307413 -0.0135645 0.6824335
176.099300 -6.8373303 0.0144268 7.3094363 -0.0083152 -0.7308332 -0.0145405 0.6823505
176.411600 -6.9826360 0.0169262 7.2991819 -0.0089917 -0.7310027 -0.0149616 0.6821513
176.723900 -7.1277227 0.0199090 7.2879109 -0.0098557 -0.7306862 -0.0133808 0.6825112
177.036200 -7.2731280 0.0219836 7.2772679 -0.0086453 -0.7306846 -0.0136135 0.6825247
177.348600 -7.4179811 0.0244588 7.2663784 -0.0114323 -0.7309480 -0.0118642 0.6822343
177.556900 -7.5144649 0.0259775 7.2591505 -0.0130922 -0.7313938 -0.0108907 0.6817427
177.869000 -7.6589074 0.0285212 7.2480192 -0.0129091 -0.7315344 -0.0106387 0.6815993
178.077300 -7.7546105 0.0309742 7.2406435 -0.0164122 -0.7314817 -0.0134505 0.6815307
178.285500 -7.8494554 0.0324934 7.2337680 -0.0112073 -0.7315373 -0.0086379 0.6816546
178.493800 -7.9438038 0.0331378 7.2261329 -0.0095128 -0.7311295 -0.0069019 0.6821374
178.702100 -8.0384560 0.0346573 7.2189794 -0.0159867 -0.7305918 -0.0117077 0.6825269
179.014500 -8.1783323 0.0371973 7.2085404 -0.0138328 -0.7304720 -0.0082780 0.6827524
179.222700 -8.2695723 0.0380525 7.2019782 -0.0135369 -0.7311285 -0.0023508 0.6821014
179.430800 -8.3622208 0.0396749 7.1959505 -0.0268582 -0.7314071 -0.0100827 0.6813374
179.744400 -8.4956923 0.0435163 7.1849017 -0.0179931 -0.7315025 -0.0088699 0.6815436
179.951300 -8.5833435 0.0447497 7.1782317 -0.0117578 -0.7319558 -0.0048767 0.6812332
180.159600 -8.6709290 0.0458345 7.1712689 -0.0170376 -0.7320113 -0.0121655 0.6809708
180.367800 -8.7570372 0.0479590 7.1641264 -0.0190308 -0.7322538 -0.0153726 0.6805923
180.576000 -8.8418121 0.0500458 7.1577301 -0.0188890 -0.7328773 -0.0134309 0.6799660
180.784300 -8.9252558 0.0518593 7.1504450 -0.0163848 -0.7327726 -0.0097706 0.6802062
180.992700 -9.0078192 0.0533795 7.1440344 -0.0173357 -0.7320908 -0.0099263 0.6809141
181.201300 -9.0895452 0.0547944 7.1378741 -0.0139489 -0.7312771 -0.0089765 0.6818787
181.409200 -9.1698189 0.0561679 7.1313095 -0.0128800 -0.7306734 -0.0096680 0.6825372
181.617500 -9.2480021 0.0572563 7.1251435 -0.0140856 -0.7310397 -0.0110818 0.6820995
181.825600 -9.3266411 0.0579187 7.1187201 -0.0125502 -0.7325267 -0.0109685 0.6805342
182.033900 -9.4043264 0.0595295 7.1119127 -0.0117635 -0.7348620 -0.0118092 0.6780118
182.241800 -9.4809361 0.0608777 7.1044636 -0.0141974 -0.7376056 -0.0127941 0.6749613
182.554000 -9.5932264 0.0629441 7.0922575 -0.0135772 -0.7428355 -0.0086960 0.6692798
182.762300 -9.6680012 0.0639751 7.0836372 -0.0151027 -0.7472079 -0.0078623 0.6643722
183.074700 -9.7783051 0.0657932 7.0678716 -0.0176653 -0.7538818 -0.0103945 0.6566902
183.387100 -9.8860188 0.0679637 7.0504522 -0.0113797 -0.7581819 -0.0108568 0.6518533
183.595900 -9.9574146 0.0692914 7.0381932 -0.0093706 -0.7583324 -0.0164691 0.6515926
183.804500 -10.0279675 0.0705877 7.0266161 -0.0077959 -0.7578298 -0.0195427 0.6521128
184.012900 -10.0977869 0.0722512 7.0157061 -0.0078521 -0.7569512 -0.0225163 0.6530362
184.221600 -10.1654968 0.0738575 7.0052409 -0.0022257 -0.7543026 -0.0242884 0.6560737
184.430300 -10.2306709 0.0754777 6.9964623 0.0007530 -0.7474114 -0.0273012 0.6637999
184.639000 -10.2935686 0.0762874 6.9895139 0.0012455 -0.7386550 -0.0284262 0.6734828
184.847900 -10.3551121 0.0774426 6.9849215 0.0003172 -0.7303010 -0.0278119 0.6825591
185.056200 -10.4137535 0.0790842 6.9815478 0.0009843 -0.7214465 -0.0294787 0.6918417
185.369100 -10.4983463 0.0812934 6.9796987 0.0010204 -0.7058519 -0.0298663 0.7077289
185.577700 -10.5534725 0.0825264 6.9811611 0.0005583 -0.6953840 -0.0288830 0.7180575
185.890400 -10.6309385 0.0836008 6.9858680 0.0001234 -0.6788582 -0.0253407 0.7338320
186.203000 -10.7043953 0.0846622 6.9939432 0.0002503 -0.6628464 -0.0232291 0.7483949
186.515700 -10.7734280 0.0853032 7.0039339 -0.0025582 -0.6478121 -0.0227088 0.7614573
186.828000 -10.8377762 0.0860776 7.0156364 -0.0041214 -0.6382045 -0.0205371 0.7695819
187.140300 -10.8979759 0.0866872 7.0270510 -0.0074219 -0.6374130 -0.0187331 0.7702588
187.452300 -10.9541626 0.0878388 7.0359454 -0.0087967 -0.6441107 -0.0175918 0.7646794
187.972000 -11.0362778 0.0888492 7.0438457 -0.0115597 -0.6766774 -0.0159859 0.7360153
188.387800 -11.0931396 0.0902475 7.0407996 -0.0138834 -0.7183783 -0.0160338 0.6953292
188.803700 -11.1432562 0.0909913 7.0292277 -0.0075524 -0.7675236 -0.0154906 0.6407890
189.115800 -11.1777992 0.0919517 7.0162911 -0.0061942 -0.8013620 -0.0161717 0.5979291
189.428300 -11.2101078 0.0926872 6.9994020 0.0004476 -0.8319060 -0.0196268 0.5545692
189.740600 -11.2408476 0.0932722 6.9804296 0.0006560 -0.8581108 -0.0248743 0.5128613
190.157500 -11.2787800 0.0948967 6.9505901 -0.0051951 0.8863460 0.0282789 -0.4621300
190.470300 -11.3064632 0.0958440 6.9257112 -0.0096645 0.9003255 0.0274024 -0.4342462
190.783200 -11.3344269 0.0962095 6.9004331 -0.0047300 0.9115025 0.0226370 -0.4106437
191.096200 -11.3614788 0.0977450 6.8729205 -0.0034126 0.9223810 0.0142664 -0.3860027
191.304400 -11.3797913 0.0984240 6.8522873 -0.0018740 0.9301893 0.0157839 -0.3667359
191.512700 -11.3970757 0.0987892 6.8300562 0.0017382 0.9391305 0.0183147 -0.3430678
191.723100 -11.4138212 0.0993101 6.8053961 0.0037063 0.9480857 0.0182662 -0.3174682
192.034000 -11.4372120 0.1002607 6.7642627 0.0050502 0.9613486 0.0191315 -0.2746222
192.345600 -11.4586134 0.1019679 6.7173409 0.0054665 0.9738355 0.0146989 -0.2267125
192.657900 -11.4781313 0.1034493 6.6616583 0.0072439 0.9838705 0.0154453 -0.1780669
192.970700 -11.4959860 0.1049580 6.5968642 0.0054656 0.9896030 0.0165658 -0.1427644
193.283700 -11.5155573 0.1072974 6.5221739 0.0087643 0.9919409 0.0171220 -0.1252327
193.596300 -11.5343809 0.1097513 6.4356751 0.0141828 0.9945689 0.0136357 -0.1022034
193.804800 -11.5455465 0.1120611 6.3715067 0.0166958 0.9960334 0.0144704 -0.0861930
194.117500 -11.5593605 0.1150790 6.2650342 0.0187337 0.9975865 0.0155473 -0.0650265
194.430500 -11.5713005 0.1183531 6.1476212 0.0181343 0.9983578 0.0140833 -0.0524829
194.743500 -11.5836058 0.1215396 6.0200748 0.0187956 0.9986162 0.0143744 -0.0469651
194.952100 -11.5913410 0.1234445 5.9294252 0.0199052 0.9986707 0.0147091 -0.0452143
195.160600 -11.5996170 0.1261603 5.8332834 0.0218107 0.9986802 0.0160464 -0.0436420
195.369000 -11.6077461 0.1291967 5.7330980 0.0229383 0.9987302 0.0157695 -0.0419903
195.577500 -11.6153297 0.1312886 5.6297765 0.0224153 0.9988410 0.0127444 -0.0406428
195.890200 -11.6274595 0.1353164 5.4654479 0.0213260 0.9988972 0.0163386 -0.0385045
196.098500 -11.6359339 0.1386395 5.3547750 0.0241216 0.9987928 0.0221164 -0.0366339
196.202800 -11.6394215 0.1402964 5.2997379 0.0250028 0.9988146 0.0218092 -0.0356161
196.411200 -11.6466608 0.1427604 5.1892691 0.0248264 0.9989466 0.0190563 -0.0335585
196.619500 -11.6531372 0.1453336 5.0788283 0.0220961 0.9990923 0.0192401 -0.0309218
196.828000 -11.6587982 0.1484576 4.9689603 0.0205633 0.9991713 0.0197895 -0.0290209
197.036300 -11.6645021 0.1506254 4.8587532 0.0215405 0.9992167 0.0202745 -0.0262857
197.348800 -11.6717157 0.1546699 4.6949368 0.0213288 0.9992831 0.0210343 -0.0231494
197.661500 -11.6785898 0.1586877 4.5316401 0.0191284 0.9993695 0.0213856 -0.0209131
197.973900 -11.6846609 0.1621294 4.3713241 0.0192992 0.9994183 0.0199815 -0.0197825
198.286400 -11.6902046 0.1657739 4.2113400 0.0204944 0.9993839 0.0219592 -0.0181525
198.598700 -11.6942062 0.1695402 4.0526257 0.0182942 0.9994791 0.0213503 -0.0158418
198.911000 -11.6975098 0.1723204 3.8954954 0.0179496 0.9995458 0.0204347 -0.0129764
199.223300 -11.7007351 0.1758532 3.7361152 0.0169352 0.9995793 0.0204284 -0.0117126
199.535700 -11.7034359 0.1792306 3.5788362 0.0172979 0.9995792 0.0202541 -0.0114912
199.848200 -11.7060804 0.1829047 3.4240017 0.0146803 0.9995983 0.0188874 -0.0152015
200.160900 -11.7110987 0.1863765 3.2715328 0.0173622 0.9994681 0.0175962 -0.0212683
200.473300 -11.7176991 0.1911648 3.1184897 0.0173134 0.9992685 0.0229669 -0.0252053
200.785700 -11.7241545 0.1948347 2.9665871 0.0107026 0.9992323 0.0252893 -0.0279418
201.098000 -11.7324848 0.1989135 2.8161035 0.0136228 0.9993524 0.0183916 -0.0277652
201.410600 -11.7402611 0.2030959 2.6632524 0.0136940 0.9992293 0.0240659 -0.0278223
201.723300 -11.7471962 0.2077520 2.5134826 0.0118522 0.9992245 0.0239493 -0.0289206
202.035500 -11.7552567 0.2122889 2.3648038 0.0125701 0.9992781 0.0230569 -0.0274524
202.347900 -11.7622776 0.2156312 2.2148914 0.0134577 0.9993097 0.0243199 -0.0246479
202.660400 -11.7686253 0.2201556 2.0649538 0.0128500 0.9993921 0.0240311 -0.0217453
202.972900 -11.7739305 0.2245943 1.9169999 0.0116468 0.9994756 0.0233391 -0.0191864
203.285500 -11.7788210 0.2283027 1.7739450 0.0105213 0.9995018 0.0240569 -0.0175119
203.702200 -11.7839565 0.2335999 1.5850948 0.0083553 0.9995259 0.0233538 -0.0182419
204.015000 -11.7885275 0.2375305 1.4427012 0.0060773 0.9994636 0.0237320 -0.0217362
204.223400 -11.7926331 0.2398720 1.3495367 0.0065919 0.9993795 0.0243190 -0.0246132
204.640500 -11.8009548 0.2448769 1.1671004 0.0066946 0.9992643 0.0235886 -0.0294884
204.953000 -11.8085642 0.2486252 1.0328803 0.0069345 0.9991937 0.0237545 -0.0316156
205.265300 -11.8171816 0.2521335 0.8976461 0.0079600 0.9991609 0.0228522 -0.0330435
205.577700 -11.8244066 0.2559267 0.7643775 0.0092279 0.9991629 0.0243310 -0.0315666
205.785700 -11.8278189 0.2585390 0.6763138 0.0101690 0.9993197 0.0238642 -0.0262160
206.097700 -11.8312111 0.2623428 0.5446378 0.0106715 0.9995704 0.0242355 -0.0125577
206.305800 -11.8312330 0.2653269 0.4567913 0.0104136 0.9996304 0.0250287 -0.0020373
206.617900 -11.8281870 0.2691425 0.3280505 0.0121408 0.9995610 0.0221143 0.0155357
206.722100 -11.8256912 0.2705321 0.2852026 0.0129051 0.9994310 0.0218633 0.0222057
206.929800 -11.8190784 0.2723616 0.1993814 0.0150042 0.9988559 0.0235886 0.0387991
207.137600 -11.8094215 0.2747265 0.1149092 0.0160317 0.9979495 0.0214985 0.0581161
207.345600 -11.7962942 0.2765277 0.0304928 0.0153103 0.9965578 0.0217493 0.0785184
207.553700 -11.7796698 0.2786315 -0.0540638 0.0155211 0.9946544 0.0217507 0.0997431
207.761600 -11.7591162 0.2804178 -0.1374724 0.0159870 0.9921636 0.0208386 0.1221538
207.969500 -11.7342968 0.2820769 -0.2203465 0.0159071 0.9891024 0.0186251 0.1451775
208.177600 -11.7060032 0.2835914 -0.3034241 0.0156495 0.9853783 0.0186131 0.1686367
208.385700 -11.6730299 0.2853176 -0.3857307 0.0157643 0.9810504 0.0197676 0.1920960
208.593700 -11.6362495 0.2864688 -0.4672155 0.0178321 0.9760512 0.0194462 0.2159353
208.802200 -11.5945377 0.2878138 -0.5473819 0.0172084 0.9706953 0.0195157 0.2389008
209.010200 -11.5485249 0.2891969 -0.6263342 0.0164855 0.9654451 0.0171812 0.2595165
209.218200 -11.4983234 0.2899989 -0.7054615 0.0157614 0.9599925 0.0153398 0.2791606
209.426600 -11.4447937 0.2903827 -0.7835069 0.0145428 0.9552792 0.0145695 0.2949879
209.635200 -11.3876238 0.2907195 -0.8621264 0.0113436 0.9520099 0.0139944 0.3055368
209.947900 -11.2986670 0.2913833 -0.9809685 0.0102282 0.9494395 0.0124785 0.3135352
210.260700 -11.2068958 0.2914040 -1.1015320 0.0106044 0.9483486 0.0108410 0.3168673
210.574900 -11.1140318 0.2914010 -1.2237802 0.0091773 0.9480445 0.0112801 0.3178053
210.886000 -11.0206947 0.2911598 -1.3451371 0.0066986 0.9494255 0.0106553 0.3137402
211.198700 -10.9297514 0.2907349 -1.4683633 0.0053417 0.9522875 0.0115351 0.3049376
211.719600 -10.7845631 0.2905552 -1.6782837 0.0058029 0.9583516 0.0127051 0.2852494
212.031900 -10.7033529 0.2909450 -1.8061392 0.0116636 0.9606514 0.0142120 0.2771477
212.344200 -10.6233139 0.2916125 -1.9329693 0.0138347 0.9614605 0.0155940 0.2741515
212.656400 -10.5466175 0.2915038 -2.0562153 0.0181942 0.9619418 0.0169700 0.2721192
212.968600 -10.4711714 0.2924134 -2.1792614 0.0214878 0.9620981 0.0170489 0.2713205
213.280800 -10.3975487 0.2930654 -2.2996976 0.0240370 0.9621765 0.0190440 0.2706953
213.593100 -10.3253670 0.2938542 -2.4180479 0.0247615 0.9623195 0.0197429 0.2700708
213.905100 -10.2558041 0.2944823 -2.5292585 0.0250765 0.9612642 0.0211955 0.2736661
214.217100 -10.1917191 0.2954307 -2.6284785 0.0267609 0.9585384 0.0216089 0.2828800
214.425200 -10.1514626 0.2956544 -2.6886768 0.0265596 0.9564439 0.0215462 0.2899059
214.737400 -10.0935078 0.2960291 -2.7702262 0.0238383 0.9536847 0.0210960 0.2991191
214.945500 -10.0583496 0.2959113 -2.8182971 0.0230094 0.9518689 0.0203819 0.3049603
215.153700 -10.0253391 0.2958821 -2.8625898 0.0228488 0.9500375 0.0206321 0.3106137
215.466200 -9.9789963 0.2960826 -2.9223588 0.0238560 0.9458514 0.0209183 0.3230454
215.674000 -9.9491749 0.2960760 -2.9577603 0.0244385 0.9417506 0.0198342 0.3348359
215.882200 -9.9202375 0.2958935 -2.9910223 0.0246170 0.9370013 0.0181269 0.3479857
216.090300 -9.8911896 0.2957147 -3.0216351 0.0256955 0.9315312 0.0176279 0.3623240
216.298300 -9.8634949 0.2951683 -3.0491962 0.0273037 0.9247483 0.0174575 0.3791969
216.506400 -9.8361902 0.2949376 -3.0732391 0.0276483 0.9157722 0.0180209 0.4003399
216.923100 -9.7860479 0.2935393 -3.1087663 0.0219158 0.8936867 0.0133349 0.4479576
217.234800 -9.7537498 0.2925520 -3.1269455 0.0202144 0.8775979 0.0069692 0.4789203
217.547200 -9.7214622 0.2915637 -3.1420712 0.0180756 0.8582381 0.0060434 0.5128977
217.755500 -9.6997986 0.2908741 -3.1495655 0.0140698 0.8430596 0.0049360 0.5376134
217.963700 -9.6778984 0.2902959 -3.1562822 0.0119364 0.8273841 0.0040790 0.5614949
218.172000 -9.6554871 0.2896498 -3.1616874 0.0100327 0.8108419 0.0015294 0.5851773
218.380200 -9.6316051 0.2890468 -3.1658218 0.0098368 0.7930010 0.0000810 0.6091409
218.588500 -9.6058254 0.2881734 -3.1700373 0.0115033 0.7739595 -0.0000370 0.6331307
218.796700 -9.5773287 0.2874664 -3.1725945 0.0131863 0.7536893 -0.0014043 0.6570970
219.004900 -9.5464344 0.2865878 -3.1735857 0.0145738 0.7326166 -0.0023581 0.6804814
219.213100 -9.5128965 0.2856826 -3.1728225 0.0156961 0.7108842 -0.0033773 0.7031258
219.421400 -9.4761391 0.2848566 -3.1694908 0.0141409 0.6888743 -0.0056243 0.7247211
219.629700 -9.4356937 0.2835398 -3.1645098 0.0122991 0.6682149 -0.0033928 0.7438589
219.838100 -9.3924427 0.2819670 -3.1571045 0.0125423 0.6502242 -0.0010003 0.7596382
220.046600 -9.3451719 0.2808184 -3.1467342 0.0118334 0.6333802 -0.0008207 0.7737498
220.255100 -9.2945757 0.2797804 -3.1333716 0.0118547 0.6146423 -0.0008104 0.7887164
220.463500 -9.2399855 0.2781238 -3.1167617 0.0115871 0.5936649 0.0050198 0.8046133
220.671700 -9.1824846 0.2769216 -3.0956633 0.0116181 0.5713277 0.0117654 0.8205554
220.880200 -9.1233549 0.2756394 -3.0703876 0.0170201 0.5470804 0.0151632 0.8367696
221.088500 -9.0621986 0.2745749 -3.0403914 0.0238415 0.5230751 0.0165802 0.8517917
221.296900 -8.9990358 0.2720581 -3.0043421 0.0212078 0.5028470 0.0171046 0.8639460
221.505700 -8.9336271 0.2696560 -2.9640489 0.0184430 0.4868621 0.0167128 0.8731242
221.714400 -8.8664923 0.2676429 -2.9193919 0.0178040 0.4766758 0.0134985 0.8787952
221.923300 -8.7967911 0.2655722 -2.8720813 0.0158218 0.4720818 0.0096810 0.8813596
222.241200 -8.6882277 0.2613664 -2.7993562 0.0150135 0.4726933 0.0073533 0.8810684
222.549900 -8.5735579 0.2570972 -2.7230465 0.0141473 0.4740086 0.0066600 0.8803813
222.862400 -8.4553556 0.2527461 -2.6460021 0.0110924 0.4761934 0.0056689 0.8792523
223.175200 -8.3317060 0.2494475 -2.5653749 0.0130955 0.4798980 0.0017559 0.8772247
223.488000 -8.2011909 0.2451433 -2.4824610 0.0068271 0.4856697 0.0013177 0.8741148
223.800700 -8.0692511 0.2419989 -2.4035933 0.0074464 0.4934444 0.0019094 0.8697433
224.113300 -7.9322906 0.2385155 -2.3240118 0.0069687 0.5015275 0.0056978 0.8650948
224.321300 -7.8399906 0.2355221 -2.2718325 0.0080030 0.5077513 0.0042638 0.8614559
224.633700 -7.7005706 0.2313966 -2.1968954 0.0067443 0.5180410 0.0043349 0.8553182
224.841700 -7.6065645 0.2292943 -2.1491747 0.0056850 0.5239360 0.0042506 0.8517280
225.049800 -7.5126204 0.2266171 -2.1017416 0.0029574 0.5285632 0.0052685 0.8488725
225.257700 -7.4197316 0.2244643 -2.0560660 0.0064102 0.5307900 0.0071283 0.8474492
225.465900 -7.3264947 0.2222901 -2.0107844 0.0112516 0.5311291 0.0064370 0.8471918
225.673700 -7.2333384 0.2198185 -1.9650706 0.0084196 0.5317128 0.0071465 0.8468527
225.881700 -7.1409264 0.2175020 -1.9204277 0.0073979 0.5324296 0.0066688 0.8464157
225.986100 -7.0942407 0.2162759 -1.8977484 0.0091593 0.5324523 0.0063463 0.8463867
226.089900 -7.0486469 0.2151096 -1.8758473 0.0120373 0.5324010 0.0062699 0.8463835
226.297800 -6.9564691 0.2120127 -1.8313885 0.0144367 0.5330720 0.0063448 0.8459229
226.505900 -6.8639212 0.2086547 -1.7874211 0.0130031 0.5333118 0.0075760 0.8457848
226.714100 -6.7716703 0.2053392 -1.7427962 0.0133399 0.5340300 0.0086564 0.8453160
226.922100 -6.6793036 0.2024537 -1.6989545 0.0150824 0.5342128 0.0078873 0.8451787
227.130200 -6.5864959 0.1988833 -1.6547073 0.0125420 0.5347241 0.0086130 0.8448898
227.338400 -6.4942293 0.1960010 -1.6107839 0.0115678 0.5346135 0.0096762 0.8449621
227.546300 -6.4029636 0.1931975 -1.5672877 0.0141790 0.5330448 0.0096303 0.8459134
227.754500 -6.3124971 0.1898120 -1.5235229 0.0136227 0.5315925 0.0096212 0.8468360
227.962600 -6.2231607 0.1866907 -1.4794897 0.0127471 0.5303355 0.0092572 0.8476414
228.170900 -6.1348162 0.1834406 -1.4358714 0.0123493 0.5307218 0.0055867 0.8474377
228.483200 -6.0031009 0.1790482 -1.3723783 0.0034071 0.5380682 0.0026696 0.8428902
228.795900 -5.8712344 0.1753316 -1.3137549 0.0056463 0.5506297 -0.0047908 0.8347167
229.004600 -5.7821822 0.1727570 -1.2768624 0.0011678 0.5596424 -0.0032258 0.8287271
229.420600 -5.6019526 0.1672067 -1.2083220 0.0063871 0.5710025 0.0016104 0.8209218
229.628900 -5.5120564 0.1646639 -1.1747706 0.0047485 0.5748100 -0.0004086 0.8182731
229.941100 -5.3770943 0.1606788 -1.1273572 0.0070105 0.5797483 -0.0050114 0.8147500
230.149200 -5.2865782 0.1575160 -1.0960476 0.0047758 0.5811000 -0.0025377 0.8138142
230.357400 -5.1954298 0.1553366 -1.0639563 0.0007976 0.5821159 -0.0036152 0.8130974
230.565700 -5.1055503 0.1530640 -1.0333204 -0.0010900 0.5853317 -0.0089694 0.8107436
230.878200 -4.9695463 0.1483319 -0.9896891 0.0057616 0.5927573 -0.0123103 0.8052664
231.086700 -4.8773050 0.1446994 -0.9621760 0.0044836 0.5990085 -0.0087871 0.8006819
231.295200 -4.7847366 0.1413223 -0.9356264 0.0037827 0.6058596 -0.0078224 0.7955241
231.503300 -4.6914544 0.1381887 -0.9103148 0.0050796 0.6129240 -0.0072572 0.7900922
231.711800 -4.5979443 0.1349071 -0.8874922 0.0050580 0.6187537 -0.0057241 0.7855479
231.920100 -4.5021386 0.1323164 -0.8652394 0.0050094 0.6239988 -0.0041843 0.7813981
232.128200 -4.4069700 0.1294881 -0.8444575 0.0065623 0.6280217 -0.0019355 0.7781657
232.336500 -4.3123546 0.1262692 -0.8246535 0.0101128 0.6299751 -0.0011896 0.7765486
232.544600 -4.2169371 0.1229508 -0.8052220 0.0087437 0.6318738 0.0015850 0.7750204
232.752900 -4.1233525 0.1200161 -0.7859278 0.0072894 0.6344575 0.0033326 0.7729163
233.065000 -3.9821761 0.1167581 -0.7585691 0.0088406 0.6376002 0.0045980 0.7703030
233.273100 -3.8884981 0.1138380 -0.7411361 0.0086272 0.6391063 0.0051131 0.7690530
233.481200 -3.7946749 0.1115039 -0.7235224 0.0089776 0.6406610 0.0034528 0.7677636
233.689400 -3.7007747 0.1088098 -0.7067208 0.0084220 0.6419020 0.0044798 0.7667273
233.897200 -3.6066394 0.1063959 -0.6904347 0.0082186 0.6432342 0.0061652 0.7656005
234.105200 -3.5133450 0.1039466 -0.6743565 0.0115942 0.6444566 0.0065574 0.7645249
234.313200 -3.4185817 0.1018609 -0.6594964 0.0122749 0.6455460 0.0079639 0.7635812
234.521300 -3.3247933 0.0996001 -0.6448655 0.0099049 0.6466899 0.0089217 0.7626365
234.729300 -3.2319679 0.0975236 -0.6306182 0.0118354 0.6479470 0.0079373 0.7615522
234.937900 -3.1391678 0.0950803 -0.6152705 0.0132876 0.6498063 0.0070273 0.7599512
235.145400 -3.0467248 0.0922142 -0.6014700 0.0145006 0.6520375 0.0053277 0.7580293
235.353500 -2.9545915 0.0896982 -0.5873839 0.0121421 0.6544309 0.0045299 0.7560108
235.457500 -2.9085033 0.0881928 -0.5808789 0.0112077 0.6552947 0.0051837 0.7552724
235.665500 -2.8169806 0.0851477 -0.5678145 0.0135218 0.6568219 0.0041933 0.7539129
235.873600 -2.7267616 0.0822527 -0.5558407 0.0154279 0.6584083 0.0045085 0.7524893
235.977600 -2.6820455 0.0805788 -0.5502458 0.0152760 0.6590048 0.0051871 0.7519656
236.081600 -2.6376421 0.0791112 -0.5442526 0.0153281 0.6599060 0.0061401 0.7511667
236.185900 -2.5923147 0.0777300 -0.5384552 0.0152194 0.6605291 0.0070431 0.7506131
236.290500 -2.5476887 0.0760690 -0.5328152 0.0148734 0.6612827 0.0078350 0.7499484
236.394600 -2.5033133 0.0746646 -0.5271409 0.0150071 0.6620289 0.0081006 0.7492843
236.601800 -2.4166465 0.0720944 -0.5165321 0.0169243 0.6634065 0.0077888 0.7480272
236.809900 -2.3310950 0.0695748 -0.5068165 0.0179742 0.6640424 0.0079208 0.7474369
237.018000 -2.2460496 0.0667073 -0.4957963 0.0164361 0.6653175 0.0083488 0.7463328
237.226100 -2.1648228 0.0639903 -0.4869436 0.0167632 0.6661490 0.0077496 0.7455900
237.434200 -2.0845621 0.0613920 -0.4780678 0.0156445 0.6668257 0.0094266 0.7449899
237.642300 -2.0067213 0.0594515 -0.4697692 0.0126622 0.6675664 0.0134630 0.7443209
237.850500 -1.9328046 0.0577790 -0.4618599 0.0126334 0.6685507 0.0150467 0.7434070
238.058700 -1.8613034 0.0566737 -0.4544226 0.0136180 0.6694478 0.0123746 0.7426312
238.266900 -1.7939528 0.0550870 -0.4471315 0.0153848 0.6703468 0.0099963 0.7418211
238.475100 -1.7291647 0.0529426 -0.4408163 0.0155167 0.6701763 0.0111186 0.7419565
238.683400 -1.6673295 0.0508050 -0.4343109 0.0137642 0.6692345 0.0119828 0.7428271
238.891600 -1.6088552 0.0492463 -0.4279103 0.0140574 0.6687916 0.0125637 0.7432109
239.100000 -1.5532223 0.0473978 -0.4217315 0.0149453 0.6693392 0.0107183 0.7427292
239.412800 -1.4753422 0.0452602 -0.4137785 0.0170824 0.6716701 0.0111709 0.7405691
239.725300 -1.4040259 0.0426886 -0.4076130 0.0184593 0.6735912 0.0136653 0.7387472
240.037800 -1.3413116 0.0405298 -0.4022039 0.0198185 0.6755366 0.0117164 0.7369669
240.350500 -1.2891266 0.0383295 -0.3976156 0.0229722 0.6764535 0.0080577 0.7360829
240.662800 -1.2452565 0.0365782 -0.3942275 0.0249026 0.6750329 0.0070544 0.7373335
240.975100 -1.2081646 0.0346797 -0.3893614 0.0228157 0.6689427 0.0055561 0.7429429
241.287100 -1.1749289 0.0331174 -0.3838782 0.0227783 0.6562090 0.0054082 0.7542159
241.599100 -1.1433898 0.0318601 -0.3762344 0.0209645 0.6366178 0.0044631 0.7708815
249.728100 -1.0970217 0.0294190 -0.3619168 0.0187581 0.6133221 0.0003824 0.7896100
250.040600 -1.0906841 0.0292492 -0.3594766 0.0218372 0.6075320 -0.0029656 0.7939894
250.560600 -1.0623572 0.0277196 -0.3472564 0.0210600 0.5766476 -0.0049995 0.8167062
250.976100 -1.0242870 0.0262270 -0.3261984 0.0177899 0.5265557 -0.0007180 0.8499542
251.391500 -0.9776140 0.0234833 -0.2906218 0.0095453 0.4551165 -0.0052422 0.8903654
251.806700 -0.9272540 0.0221342 -0.2380048 0.0084905 0.3658607 -0.0076590 0.9305994
252.222500 -0.8782172 0.0200776 -0.1631504 0.0026949 0.2710710 -0.0056418 0.9625390
252.639000 -0.8361086 0.0193320 -0.0618213 0.0014204 0.1833798 -0.0051815 0.9830275
252.847500 -0.8193851 0.0188862 -0.0035604 0.0027590 0.1466753 -0.0015768 0.9891796
253.473000 -0.7870113 0.0160530 0.2012641 0.0064088 0.0472579 0.0084341 0.9988266
254.203500 -0.7860544 0.0091679 0.4936641 0.0086893 -0.0103371 -0.0019150 0.9999070
254.829700 -0.7958885 0.0031652 0.7857291 0.0058057 -0.0138729 -0.0038708 0.9998794
255.455200 -0.8071908 -0.0018776 1.1049526 -0.0011876 -0.0180205 -0.0035664 0.9998305
257.538200 -0.8581482 -0.0200957 2.1534092 0.0012477 -0.0240988 0.0028176 0.9997048
259.725200 -0.9153157 -0.0399307 3.1984825 -0.0004686 -0.0270405 -0.0016100 0.9996330
260.558300 -0.9377806 -0.0457565 3.5839031 -0.0017357 -0.0242844 -0.0010790 0.9997030
261.079100 -0.9493978 -0.0500999 3.8201809 0.0047800 -0.0204557 -0.0024942 0.9997762
261.600100 -0.9586977 -0.0552126 4.0560765 -0.0025064 -0.0128441 -0.0027255 0.9999107
262.120700 -0.9652932 -0.0615880 4.2861919 0.0101820 -0.0103447 -0.0018386 0.9998930
262.537300 -0.9708201 -0.0661075 4.4751148 0.0003707 -0.0110698 -0.0039171 0.9999310
262.954000 -0.9768247 -0.0673363 4.6724114 -0.0048071 -0.0141834 -0.0021211 0.9998856
263.266600 -0.9823872 -0.0696446 4.8236313 0.0065894 -0.0151814 0.0008929 0.9998627
263.683200 -0.9902484 -0.0746184 5.0340571 0.0038478 -0.0164896 0.0018320 0.9998550
263.995700 -0.9975797 -0.0785463 5.1949501 0.0054094 -0.0182206 0.0008600 0.9998190
264.308100 -1.0057216 -0.0828821 5.3583708 0.0006063 -0.0203557 -0.0005480 0.9997925
264.620500 -1.0144600 -0.0863756 5.5252981 0.0006314 -0.0226450 0.0000965 0.9997433
264.932800 -1.0231000 -0.0895210 5.6913443 -0.0007461 -0.0239669 -0.0011780 0.9997118
265.141200 -1.0293097 -0.0915541 5.8012447 0.0015707 -0.0238369 -0.0018307 0.9997129
265.453600 -1.0386450 -0.0944063 5.9662762 -0.0033584 -0.0252848 0.0000337 0.9996746
265.661800 -1.0437102 -0.0955800 6.0726776 -0.0029407 -0.0267760 0.0000146 0.9996371
266.078300 -1.0572779 -0.1001835 6.2873592 -0.0008153 -0.0258342 -0.0011707 0.9996652
266.391000 -1.0657642 -0.1033505 6.4444404 -0.0010749 -0.0237812 -0.0010689 0.9997160
266.807600 -1.0761865 -0.1069129 6.6498480 -0.0003423 -0.0209557 -0.0032784 0.9997750
267.016000 -1.0808401 -0.1087340 6.7505264 0.0012692 -0.0192840 -0.0033763 0.9998075
267.432700 -1.0887556 -0.1135413 6.9487748 0.0017929 -0.0155919 -0.0006895 0.9998766
267.745200 -1.0945983 -0.1171876 7.0962920 0.0070927 -0.0143580 -0.0062177 0.9998524
267.953500 -1.0988134 -0.1198954 7.1958275 0.0074786 -0.0149139 -0.0100661 0.9998102
268.161700 -1.1029279 -0.1227927 7.2960510 0.0062541 -0.0171726 -0.0102195 0.9997807
268.370100 -1.1060820 -0.1247668 7.3969712 0.0036247 -0.0190144 -0.0047444 0.9998014
268.578500 -1.1104118 -0.1264803 7.4985771 -0.0044963 -0.0209355 -0.0022024 0.9997683
268.786700 -1.1145955 -0.1268665 7.6012020 -0.0058053 -0.0221779 0.0016642 0.9997358
269.099200 -1.1224118 -0.1282657 7.7557201 0.0027692 -0.0242728 0.0006166 0.9997014
269.307600 -1.1285093 -0.1304082 7.8608704 0.0043317 -0.0229039 -0.0015280 0.9997271
269.620100 -1.1366684 -0.1338184 8.0233927 0.0057522 -0.0222289 0.0011261 0.9997357
270.661700 -1.1613936 -0.1478574 8.5721111 0.0023194 -0.0195629 -0.0025686 0.9998026
271.911400 -1.1868626 -0.1611567 9.1992798 0.0007064 -0.0168872 -0.0024713 0.9998541
272.536200 -1.1964960 -0.1671073 9.4794016 0.0029767 -0.0161748 -0.0032356 0.9998595
273.057200 -1.2028251 -0.1711778 9.7070208 0.0025854 -0.0140948 -0.0001177 0.9998973
273.578400 -1.2078891 -0.1763798 9.9301786 0.0039439 -0.0100871 0.0047714 0.9999300
274.099100 -1.2130716 -0.1845678 10.1560230 0.0148153 -0.0155835 0.0040341 0.9997607
274.515600 -1.2250755 -0.1903423 10.3349390 -0.0009908 -0.0315731 -0.0017896 0.9994994
274.932600 -1.2394844 -0.1919167 10.5197859 0.0025324 -0.0375856 -0.0056953 0.9992740
275.245600 -1.2492071 -0.1942535 10.6646538 0.0039899 -0.0338871 -0.0008695 0.9994173
275.558400 -1.2586942 -0.1981870 10.8147326 0.0094108 -0.0313551 0.0024373 0.9994611
275.871100 -1.2698337 -0.2020066 10.9705067 0.0050611 -0.0295642 0.0008647 0.9995497
276.183900 -1.2784894 -0.2051770 11.1304865 0.0060538 -0.0286186 0.0053670 0.9995577
276.496500 -1.2883515 -0.2099584 11.2920465 0.0081257 -0.0283259 0.0053836 0.9995512
276.704900 -1.2950221 -0.2126858 11.4014425 0.0033703 -0.0278173 0.0041372 0.9995988
276.913100 -1.3018451 -0.2151303 11.5105171 0.0020815 -0.0273782 0.0030000 0.9996185
277.121500 -1.3084555 -0.2179213 11.6179600 0.0034989 -0.0271096 0.0012675 0.9996256
277.329900 -1.3149227 -0.2207251 11.7245045 0.0061559 -0.0268530 0.0024244 0.9996175
277.538200 -1.3198376 -0.2241254 11.8288670 0.0056983 -0.0264863 0.0041880 0.9996241
277.746600 -1.3256760 -0.2270351 11.9351482 0.0014323 -0.0263455 0.0039086 0.9996442
277.954900 -1.3316085 -0.2297986 12.0389261 0.0045353 -0.0259612 0.0004648 0.9996526
278.163200 -1.3377638 -0.2324117 12.1426086 0.0044931 -0.0252460 -0.0020873 0.9996690
278.371500 -1.3425906 -0.2353081 12.2437401 0.0023044 -0.0260427 -0.0007177 0.9996579
278.579900 -1.3480787 -0.2375219 12.3420877 0.0008408 -0.0272351 0.0000648 0.9996287
278.788100 -1.3538918 -0.2398951 12.4376936 0.0030131 -0.0285237 -0.0005427 0.9995884
279.100400 -1.3633196 -0.2439127 12.5777254 -0.0000823 -0.0304327 -0.0012382 0.9995360
279.412800 -1.3724122 -0.2467408 12.7103300 -0.0032075 -0.0316631 -0.0016410 0.9994921
279.725100 -1.3811634 -0.2493269 12.8390970 0.0017645 -0.0325388 -0.0009168 0.9994685
280.037700 -1.3900694 -0.2518151 12.9674540 0.0013754 -0.0319343 -0.0020641 0.9994869
280.246100 -1.3958843 -0.2541364 13.0522499 0.0058787 -0.0298691 -0.0049388 0.9995243
280.454600 -1.4015326 -0.2565788 13.1362143 0.0096099 -0.0275004 -0.0072795 0.9995491
280.663000 -1.4069097 -0.2596224 13.2209435 0.0089433 -0.0244754 -0.0098896 0.9996115
280.975600 -1.4122587 -0.2638782 13.3493061 0.0061325 -0.0199393 -0.0076816 0.9997529
281.288100 -1.4169393 -0.2670650 13.4799490 0.0043674 -0.0151150 -0.0072533 0.9998499
281.600700 -1.4207470 -0.2701383 13.6132765 0.0042981 -0.0094664 -0.0093014 0.9999027
281.913400 -1.4223493 -0.2722044 13.7508879 0.0030443 -0.0035719 -0.0066978 0.9999666
282.226000 -1.4226691 -0.2756346 13.8918409 0.0128187 0.0021862 -0.0045597 0.9999050
282.538600 -1.4221671 -0.2796714 14.0383177 0.0073730 0.0087398 -0.0050443 0.9999219
282.747000 -1.4203081 -0.2825009 14.1357641 0.0110030 0.0130571 -0.0048334 0.9998425
282.955500 -1.4172438 -0.2865869 14.2349510 0.0135550 0.0171161 -0.0054684 0.9997467
283.163700 -1.4137294 -0.2904840 14.3361654 0.0104775 0.0214921 -0.0057706 0.9996974
283.372200 -1.4089249 -0.2934055 14.4394369 0.0067751 0.0256434 -0.0048183 0.9996366
283.580600 -1.4033231 -0.2966847 14.5424156 0.0062570 0.0290757 -0.0031504 0.9995527
283.788900 -1.3972268 -0.2995490 14.6465254 0.0104567 0.0304708 -0.0020006 0.9994789
283.997100 -1.3911521 -0.3034032 14.7520475 0.0107616 0.0314017 -0.0020742 0.9994467
284.205400 -1.3848836 -0.3067707 14.8595552 0.0085821 0.0320520 -0.0017589 0.9994478
284.413600 -1.3779917 -0.3099892 14.9680729 0.0102612 0.0317694 -0.0003807 0.9994425
284.621900 -1.3720038 -0.3136345 15.0772839 0.0097048 0.0314492 -0.0000743 0.9994583
284.830100 -1.3652539 -0.3174483 15.1872683 0.0052934 0.0306774 0.0014758 0.9995142
285.038200 -1.3597825 -0.3206102 15.2957134 0.0054910 0.0299714 0.0026392 0.9995322
285.350500 -1.3514578 -0.3256564 15.4580641 0.0075987 0.0283422 0.0001359 0.9995694
285.662700 -1.3427951 -0.3309369 15.6188269 0.0069579 0.0263044 -0.0010745 0.9996292
285.975100 -1.3360837 -0.3367210 15.7788725 0.0068179 0.0243314 -0.0026418 0.9996772
286.183400 -1.3315569 -0.3405289 15.8836384 0.0091722 0.0221354 -0.0018008 0.9997113
286.495600 -1.3255075 -0.3459725 16.0409832 0.0039847 0.0191618 0.0012649 0.9998077
286.808100 -1.3212280 -0.3492659 16.1949844 0.0004248 0.0181730 -0.0030836 0.9998300
287.120500 -1.3175749 -0.3537393 16.3465080 0.0066119 0.0173892 -0.0091257 0.9997853
287.432900 -1.3138155 -0.3576216 16.4949970 0.0024616 0.0157352 -0.0116130 0.9998057
