0.660095 -3.02558431463259e-05 0.000117435471663978 -9.4742863162859e-05 2.98956005043817e-05 -2.74740458718585e-05 1.24309765725781e-06 0.999999999174942
0.386034 -0.134560452122834 0.0148768911438384 0.343243663772827 0.0173495397129607 0.200875019936667 0.0117490102645103 0.979392761151009
0.489649 -0.126236464590486 0.0140701017944195 0.37762192991034 0.0181524359127994 0.223373139425046 0.0144165025381689 0.974457333139013
0.593387 -0.11639421391971 0.0130017041058883 0.4108328388567 0.0190672588630038 0.244747261331369 0.0164651160090615 0.969259571871774
0.80062 -0.0929055267184317 0.0113746823801958 0.4754055336136 0.0205082922384195 0.283162150175941 0.0178096078071866 0.958687344511732
0.008111 -0.0651920497365214 0.00996355238773802 0.534379243787447 0.020635719629961 0.318636710339963 0.0199792947061351 0.947441629696587
0.215334 -0.0316160709555242 0.00872357066161066 0.590934013597888 0.0220744542628607 0.351286767148889 0.0186363718549959 0.93582210453652
0.422811 0.00996173245355764 0.00736132104800967 0.646298284081374 0.0230934559573804 0.381549515058704 0.0210384423336567 0.92382035255486
0.630286 0.0592626590241757 0.00524532908152519 0.693977981706599 0.0219339384249208 0.409449285676318 0.0214090930424026 0.911817874106132
0.837524 0.114144271195535 0.00333138908807265 0.741469484732934 0.0235034425005612 0.433485944148761 0.0248929012580063 0.900509782225068
0.044901 0.173469449256184 0.00143343452434207 0.787066063954739 0.0255916664866748 0.453021899359732 0.0300259141274811 0.890625998827648
0.252293 0.236401317488373 -0.000327638132207142 0.830332306836574 0.0265081162082154 0.467568505711627 0.0338641982420595 0.882910090733541
0.459609 0.302536209835908 -0.00223805501392929 0.872878648440988 0.0258610965884621 0.479702885397049 0.0359537404977276 0.876312543542092
0.666947 0.370873229122453 -0.00360651819788756 0.915173294184662 0.0268410318829658 0.490067886951361 0.0355320775865076 0.870546091053697
0.874319 0.441364208540506 -0.00502218727888684 0.95766053179922 0.029643138747931 0.498824930856831 0.0351647589997624 0.86548160720222
0.081656 0.51652697938789 -0.00686090296106251 0.999616791908574 0.0299778169674546 0.504508774436268 0.0346970000698966 0.862188114736472
0.288943 0.592307218319215 -0.00832223386061864 1.04274480025461 0.0314280756960908 0.509022667534162 0.0339777114637607 0.859507833075495
0.496314 0.673724908052135 -0.0103191746217067 1.08688529323581 0.0313173300039029 0.512025743130488 0.0341810218437502 0.857718206032037
0.703641 0.757129700056841 -0.0121187478606433 1.13186263143107 0.0300415855261872 0.514043553214331 0.0352336750078861 0.856513465558655
0.80734 0.800335291043985 -0.0131706209147633 1.15492298994186 0.0309416900837474 0.514944646001555 0.0363561282588577 0.855893016274301
0.014715 0.888410101154737 -0.0148536774682146 1.20122544269542 0.0317090594176932 0.515574654286183 0.036758605768609 0.855468360788683
0.221927 0.979000528150638 -0.0170683871932093 1.24932867173423 0.0323402406675359 0.515381679381903 0.0361370766460199 0.855587485347077
0.42928 1.0715886484919 -0.0193741950662556 1.29889292053102 0.0317729159539788 0.514301149911015 0.0361993440283353 0.856256046112322
0.636673 1.16662880290817 -0.0217419261603785 1.349842660362 0.0326587052514598 0.513547051473626 0.0362016163532905 0.856675129712222
0.844097 1.26467311281349 -0.0240214298084876 1.40258392782648 0.033051793995081 0.512635682946246 0.0362593414010749 0.857203298900035
0.947755 1.31427586852164 -0.0253990334082295 1.42928897547553 0.0326884259295723 0.512273289565727 0.0375053818987196 0.857380248160865
0.155209 1.41528201395987 -0.027893362727165 1.48375638696908 0.0329737926021088 0.511678736604313 0.0391057328681878 0.857652809221359
0.258923 1.46661278008301 -0.0291179587891948 1.51140335818462 0.0342436156411948 0.511349395359914 0.0396127241817017 0.857776196181599
0.362568 1.5183476981921 -0.0306167381698387 1.53930067368094 0.033956060356039 0.511180426506011 0.0392741921958145 0.857903896336645
0.569925 1.62284739453879 -0.0334810006947855 1.59621480117983 0.0334706207604697 0.510982675915 0.0398390817252856 0.858014725997136
0.673572 1.67598537811955 -0.0348087808509335 1.62496641344601 0.0339153658182883 0.510941548797615 0.0405037764417217 0.857990632680605
0.881024 1.78339032078401 -0.0374608230773253 1.68312618517766 0.0347416154097757 0.511073954890822 0.0409966829903403 0.857855293610037
0.984696 1.83729635560461 -0.0388566313358061 1.71231449666023 0.0350144585542579 0.511449830761339 0.0405000251374666 0.857643752539605
0.0884 1.89179070469913 -0.0405383296011734 1.74181415642054 0.0350466669348368 0.511994732437909 0.0400661812628188 0.857337638396687
0.192118 1.94721511269268 -0.0421153450637315 1.77173500848418 0.03523065897621 0.512584964309241 0.039624293049414 0.85699788239676
0.295863 2.0034000300555 -0.0437027397705745 1.80214474564052 0.0347562974743782 0.512990329494126 0.0392957030035629 0.856789804652715
0.503235 2.11678145949995 -0.0468041149942946 1.86281718519409 0.0335648090856591 0.513668491622291 0.0384690993599475 0.856468454001639
0.606978 2.17453047429281 -0.0484128019272384 1.89356450493852 0.033905094710066 0.514439463270446 0.0381884608201957 0.856004745689474
0.710698 2.23320404215709 -0.0499631668379744 1.92480222251198 0.0340037874451175 0.515538533660439 0.0374666815026095 0.855371270576592
0.814436 2.29202422373364 -0.0517564302664406 1.95580840000099 0.0344101260161955 0.517357205802115 0.0375625284984138 0.854252024454718
0.918107 2.35192791308834 -0.0535501148574066 1.98706995146646 0.0335572698849983 0.519352955624846 0.036940855827671 0.853101277863491
0.021867 2.41200029114488 -0.0552891357099256 2.01817786972456 0.032839378982838 0.521493710357749 0.0365000075033684 0.851841320139839
0.125548 2.47086763389172 -0.0566990804688319 2.04856238086261 0.032854333219314 0.523381872493298 0.0357647343353933 0.850713166767767
0.229148 2.53245262795409 -0.0585891362707477 2.07931093580365 0.0336206858531451 0.525528843683602 0.0355620251024064 0.849367073949748
0.332783 2.59328602680675 -0.0605134922636501 2.10947396250497 0.0342530932949272 0.527623925289678 0.0351066279432154 0.848060872659562
0.436507 2.65478779634602 -0.0624273434236896 2.13974821855707 0.0340400845699449 0.529718943528312 0.0345100037810792 0.846786970346586
0.540126 2.71523305353848 -0.0642961514203965 2.16907020365274 0.0333879525843964 0.531913269692708 0.033689345002389 0.845469423563233
0.643856 2.77872580409443 -0.0661498695777452 2.19977477960096 0.0326629500242638 0.53432313994491 0.0329943186926731 0.844004317968297
0.747566 2.84131825624093 -0.0680491529990465 2.22942031055319 0.0322242691775036 0.536746408270414 0.0328853747573718 0.842486463874556
0.851216 2.90512470335386 -0.0698598098827253 2.25950506272916 0.0321507229473429 0.539156970553515 0.0331695914922121 0.840937494893502
0.954854 2.96812511790391 -0.0716982983160648 2.28804381348666 0.0327796997352634 0.541543741474973 0.0330341742974709 0.839383470580067
0.05845 3.03237730739209 -0.0735506178640853 2.31711002171952 0.0330796981415523 0.544078844521668 0.0326276509203614 0.83774660901149
0.16227 3.09780308529623 -0.0754092587087617 2.34634668563326 0.0331153626142555 0.546619551987638 0.0329214609179821 0.83607811570139
0.26595 3.16363111093335 -0.0773209592752331 2.37511524300145 0.0329350025573814 0.549043726134243 0.0326397927606349 0.834506390824968
0.36954 3.22977885895079 -0.0791377484292926 2.40369243536258 0.0331825659059824 0.55135674486977 0.0321362885848407 0.83298974553262
0.47333 3.2963712420871 -0.0807169883607409 2.43221887235287 0.0334689748919686 0.553596939995603 0.0315327959095486 0.83151424433338
0.57701 3.36972906959771 -0.0825020980432583 2.47551477921393 0.0357010531796001 0.561027234041548 0.0326410973358971 0.826382741972669
0.6808 3.43779983754568 -0.0839025389791093 2.50625451815542 0.0370617870812473 0.564272074988504 0.0336480900223914 0.824069933539841
0.78449 3.5038405414691 -0.0863026935728924 2.53277736609742 0.0379332213831627 0.565909817141237 0.0341947159490193 0.822883874541137
0.88838 3.57036659005261 -0.0890372107605002 2.55903324794105 0.0382840897483443 0.56708539801073 0.0346688046857986 0.82203804888631
0.9921 3.63811984353734 -0.0919262524532048 2.58582196475926 0.0384479798138134 0.568902663201759 0.0349111020050922 0.820763502847789
1.09628 3.70667770677152 -0.0949463829352095 2.61190688851922 0.0384057601930495 0.570382976997005 0.0346997698746277 0.819746413902907
1.30336 3.75658930300072 -0.112793392537384 2.61166285169157 0.0357146961197618 0.573991985030056 0.0392002356970634 0.8171419724403
1.51057 3.80706170024163 -0.129044288530721 2.62558195438058 0.0286799323572196 0.579629141026813 0.0361299573437752 0.813573688447975
1.71802 3.88248966143556 -0.136459339617377 2.64930531322462 0.0248994861281674 0.583391831827051 0.0345041628714631 0.811075489022181
1.92506 3.95907166511223 -0.143338775479678 2.67193027697301 0.0221330873202672 0.586813293977795 0.0333700749318915 0.808731551601422
2.13214 4.0380840759867 -0.149415439604069 2.69492957869996 0.0200219019101363 0.590054737787816 0.0307759256292665 0.80652797363744
2.33962 4.11860692607268 -0.155593755126378 2.71640241068703 0.0171289571944171 0.592729549470815 0.0271892984346562 0.804760226440266
2.54685 4.20052046310066 -0.161655620318049 2.73846807491357 0.0133142991539464 0.596139191867872 0.0242470577567125 0.802404432656814
2.75421 4.28301569045972 -0.169754426591368 2.75695629086701 0.00922767382734446 0.598917830148707 0.0212937300201478 0.800474146882665
2.96145 4.38154988610297 -0.179423914095508 2.77878573040411 0.000920491728358246 0.601064869726328 0.0149414866215762 0.799060027190316
3.06505 4.43277445009882 -0.186737383126203 2.78840598901609 -0.00525837692866659 0.602095188956727 0.00848835015242393 0.798361873350005
3.16879 4.48503483236376 -0.19630269793736 2.79775008996347 -0.0124575230221833 0.60323908054357 0.000348693273533182 0.797463040045181
3.27241 4.5610070718335 -0.203674508484926 2.81517462863 -0.0185485182921377 0.604705273475025 -0.00709245368837592 0.796201721802547
3.37617 4.64963288876811 -0.209978627634554 2.83569307250262 -0.0241476662954088 0.606224174552821 -0.0138257192306351 0.794806888425101
3.47977 4.74882862587626 -0.214168987047107 2.85967400624172 -0.0273054701836863 0.60762265695335 -0.0178043367256038 0.793556629137934
3.58338 4.84606872204437 -0.217866739169059 2.88150222052597 -0.0285006544118778 0.609368780316793 -0.0191320608252253 0.792143526465942
3.687 4.94308879128262 -0.221774311653713 2.90231301940519 -0.0309045364588918 0.610298713369966 -0.0212347128370063 0.791283436611657
3.89444 5.16268960791686 -0.22280269184368 2.95268121939929 -0.0314295692110202 0.613964484609519 -0.0208789924875495 0.788431266179927
3.99845 5.27037611317813 -0.223771410711351 2.97656848041204 -0.0324374736930062 0.61448762268576 -0.0214728138843787 0.787966807759251
4.20592 5.4946527984713 -0.2233254931071 3.02808312426979 -0.0324225570453114 0.617383010578603 -0.0230013884175744 0.785657643108248
4.41287 5.72236209612975 -0.22106325767289 3.08074054138364 -0.0316700336860568 0.619723497564317 -0.0214573721354159 0.783887349505027
4.62033 5.95188270450227 -0.217805638878309 3.13602161046232 -0.0313121043726984 0.621573505008068 -0.0202892016116674 0.782466790534716
4.93163 6.29581064657411 -0.216879308414021 3.20841945504648 -0.030883407941676 0.624960983674727 -0.0216785122481502 0.779743564324152
5.13855 6.52666937837841 -0.214756017024861 3.25945964383333 -0.0308349983611554 0.627106586340858 -0.0233296332490021 0.777973174638079
5.34573 6.75631346013836 -0.212018873226562 3.31342543232184 -0.030250459100994 0.629290923833839 -0.0223697664117739 0.776258614416108
5.55307 6.99088995131947 -0.210697958162367 3.3581819688132 -0.0309942171695336 0.631612708490328 -0.0223089731943985 0.774342982592709
5.76042 7.22074831171216 -0.207718069047559 3.40979570068795 -0.0313739597326084 0.634327841640313 -0.0237553862527805 0.772061879381841
5.96778 7.45466144591093 -0.206186242175305 3.45336411329805 -0.031751274348134 0.637297038629744 -0.0244780105292633 0.769574667028195
6.0714 7.5691444958612 -0.20500731501729 3.47810257087721 -0.0318376844865271 0.638785284879488 -0.0247091662688163 0.768328822035376
6.27876 7.80110691484698 -0.202444802078112 3.52078941429741 -0.0321716646383772 0.64197998925201 -0.0256180791602155 0.765617653541587
6.48621 8.0343868549394 -0.201854425441303 3.56189627545954 -0.0316069608038584 0.645058694097739 -0.0259483845358558 0.763037982368927
6.58973 8.15281862699895 -0.200929956187386 3.58205379485978 -0.0315630645037668 0.646607917024296 -0.026047057963586 0.761724048046321
6.79696 8.38495200988771 -0.200175306429692 3.62012601217152 -0.0313441010611642 0.649654227023685 -0.0267740259633605 0.759111377976011
6.90069 8.50262799015976 -0.199570819372202 3.63879962846744 -0.0309355022573771 0.651127342730181 -0.0267142579933951 0.757867090372105
7.00432 8.62021370516021 -0.199223388812861 3.65702071630731 -0.030229090680014 0.652624913120534 -0.0264944395731446 0.756614148376027
7.10793 8.73843629089246 -0.199097384040271 3.67481371095822 -0.0290583500020642 0.654076526445864 -0.0261023443743622 0.755419206444893
7.21226 8.8578885831843 -0.199137890912302 3.69264937477111 -0.0285405939366413 0.655334349679991 -0.0257513143041572 0.754360122513681
7.31533 8.9756874875959 -0.198977167057913 3.70953328986189 -0.0273660173414038 0.656585170215745 -0.0255575681169451 0.753321860866641
7.41895 9.09481795910215 -0.198896225132362 3.72646370035127 -0.0260454828143254 0.657741185268457 -0.0255695362488914 0.75235919934738
7.52274 9.21463124461192 -0.198970037290689 3.7429047317928 -0.0256234213939826 0.65900461417493 -0.0253056757502652 0.751276235180537
7.62628 9.33646863676887 -0.199127195951851 3.75890809686333 -0.0251391185940679 0.66029733287157 -0.0256373845450823 0.750145440186563
7.73002 9.45636706703795 -0.199202964397664 3.77487293530907 -0.0252336249441828 0.661732243814719 -0.0261221033495808 0.748860025228151
7.83361 9.57791543565188 -0.199436764762993 3.79032254906954 -0.0244890692601796 0.663208865782261 -0.0261337455007417 0.747576961376339
7.93782 9.70019650025527 -0.199887678820116 3.80546539120357 -0.0244437090466019 0.664542519790368 -0.0267548861171991 0.746371168084331
8.04102 9.82305026934477 -0.200438506524851 3.82034870297754 -0.024742857806844 0.665686788949874 -0.0276250836906055 0.745309160520816
8.14461 9.94642374842443 -0.201087467857845 3.83480562578262 -0.0242729968011281 0.666878973926739 -0.0270349477832633 0.74427976417411
8.24822 10.0707997018292 -0.20155610698816 3.84896848726277 -0.0239428981122788 0.667827264035335 -0.0262611571585697 0.743467440218976
8.35182 10.1951161852896 -0.202179564027105 3.86267560115966 -0.0237652323376258 0.668783499403348 -0.0257840153861491 0.742629806302116
8.45567 10.3203696852196 -0.202619820904961 3.87629934854941 -0.0239076559253076 0.669663150578251 -0.0258322391647734 0.741830428174459
8.55914 10.4473824741687 -0.202967296174585 3.88993728830039 -0.024215024297689 0.670642043256299 -0.0258584596771374 0.740934695150932
8.66305 10.5723509270756 -0.203365717685355 3.902720301973 -0.0239581907489771 0.671750583536467 -0.0252461741597975 0.73995931597943
8.76628 10.6990319940045 -0.203835589317386 3.9155291740622 -0.0239673279876537 0.67275016450531 -0.0250853524973545 0.739055822274133
8.86992 10.8263824682452 -0.204416039807054 3.92819362531863 -0.0237598268219749 0.673622657135826 -0.0257551535150433 0.738244308132529
8.97353 10.9548224487694 -0.205192324853867 3.94048395035924 -0.0228502308165927 0.674540164477863 -0.0270319985441524 0.737389113367234
9.07714 11.0826733916229 -0.206177774887625 3.95252868705224 -0.0232944251870091 0.675934496643632 -0.0277286842772356 0.736071359360341
9.18087 11.2120294458757 -0.207153995667417 3.96421980980005 -0.024315555986406 0.677795318970061 -0.0283445438273234 0.73430160435244
9.28453 11.3441726555706 -0.208022297981724 3.97569304354034 -0.0255111532119247 0.679866341802169 -0.0287481717624771 0.73232812383975
9.38822 11.4724606313985 -0.20876708006102 3.98574284868472 -0.0261874935208551 0.681896725739209 -0.0290236755225053 0.730403105735734
9.49184 11.6034052369147 -0.209725949781595 3.99533189577995 -0.0259230989010552 0.683778466941662 -0.0288837929096618 0.728656796851184
9.59546 11.7349884018734 -0.21055184681293 4.00425662201234 -0.0249537771358329 0.685613010947167 -0.0281358323761068 0.726994142454476
9.69907 11.8675201389899 -0.211645148815952 4.01259075106731 -0.0243102622416707 0.687289469938403 -0.0279116283337278 0.725439960758497
9.80284 11.9994305292148 -0.212755295447576 4.02035081907477 -0.0242146197410494 0.688937661926799 -0.027646959246353 0.72388824815303
9.90642 12.1323950045561 -0.214117295964622 4.02754496806454 -0.0247298214391418 0.690649452007179 -0.0270952531861008 0.722258691625482
0.01003 12.2664296009461 -0.215506636323077 4.03440837283169 -0.0255401966575739 0.692326295225339 -0.0272595892559023 0.720617037050782
0.11365 12.3979215803258 -0.216837351488344 4.04021686022325 -0.0256362508934503 0.693943598405494 -0.0276207852565027 0.719042528014843
0.21727 12.531192902266 -0.21824681798255 4.04560882465216 -0.0256662706065206 0.695709577458751 -0.0275428556365863 0.71733591677031
0.32088 12.6660456635522 -0.219595495715139 4.05058403981285 -0.02538429788262 0.697485025720206 -0.027000588967459 0.715640443597551
0.4245 12.7980044319118 -0.221013235530011 4.05431682012349 -0.0256082488638914 0.699223354435228 -0.026556982961235 0.713950729993652
0.52812 12.9315792005983 -0.222468446462487 4.05780338264402 -0.0261621160795142 0.700752788067683 -0.0270673378432233 0.712410298156681
0.63173 13.0652202904396 -0.223706790700405 4.06070891585273 -0.0265490570694525 0.702210699261359 -0.0269278163245959 0.710964256569615
0.73535 13.1993077678416 -0.224834380148905 4.06299203899593 -0.0267726197607235 0.703491743540581 -0.0265774790170557 0.709701508530508
0.83896 13.3346400169998 -0.225912352083906 4.06533156788976 -0.027352613128601 0.704740942638703 -0.0278338914116651 0.708390649862513
0.94258 13.4676760374032 -0.22712690387387 4.06679911638645 -0.0280809650804132 0.705907353761756 -0.0296717477206298 0.707125062978559
1.04632 13.6014675398307 -0.228644366194957 4.06797963196388 -0.0286234134731681 0.70717984476772 -0.0313628420657277 0.705757564247815
1.14994 13.736726126403 -0.230447633274965 4.06861550544603 -0.0300462730684448 0.708427401060238 -0.0316524354470147 0.704433078604353
1.25355 13.8697739360536 -0.232099336123128 4.06853271363429 -0.0302279984982529 0.709837593790874 -0.0309515545344311 0.703035461281914
1.35717 14.0047711218114 -0.23364990040806 4.06801573259005 -0.030063371292005 0.711052441318622 -0.0312807243623939 0.701799213226084
1.46082 14.1394772509896 -0.235252974825507 4.06738014409035 -0.0307442505883432 0.712323926431928 -0.0320325943088999 0.700445092630538
1.56462 14.2733839982935 -0.237186903190382 4.06576096393616 -0.0325496533491973 0.713651169674723 -0.0316877447475707 0.69902676266475
1.66814 14.4078529730252 -0.238592464572791 4.06400492141424 -0.0338502853088355 0.715004017357996 -0.0322141241718687 0.697556924953281
1.77179 14.540965478014 -0.239636684834091 4.06180407895515 -0.0342303444270045 0.716386856189723 -0.0326513650530164 0.69609772601208
1.87536 14.6747701530831 -0.241098559162458 4.05863338059664 -0.0341350014972587 0.717467130341986 -0.0329318049681689 0.694975693656373
1.97904 14.8078205716369 -0.242490600259628 4.05530457294652 -0.0342704262866375 0.718691210355517 -0.0326890397276746 0.693714572948801
2.08265 14.9424886014106 -0.244004377107495 4.05154775020613 -0.0346836514768855 0.719966600340161 -0.0327032617256847 0.692369580056318
2.18621 15.0745484703599 -0.245430546542182 4.04691948962701 -0.0354570592888957 0.721091132109867 -0.0339871236774782 0.691097136127206
2.29025 15.2073952086494 -0.247290596248427 4.04260911056114 -0.0379044622015557 0.722132704396996 -0.0385899419562989 0.689636444342453
2.39357 15.3400754103504 -0.249621934910056 4.03806999389725 -0.0374651812371022 0.723201569197695 -0.0445179964355495 0.688181660972033
2.49725 15.4727419842252 -0.253136360427401 4.03191695617613 -0.031894567789994 0.724415823490258 -0.0427883648836572 0.687294410753502
2.60085 15.6021816617617 -0.256661006303844 4.02496416376012 -0.0307910727567533 0.725052469561143 -0.0385388376897149 0.686924729654787
2.8081 15.873246231099 -0.260087918592633 4.01167908208361 -0.0399814989738991 0.727528618959531 -0.0338757413838968 0.68407311194077
2.91177 16.0056599687645 -0.260696939038373 4.00477858684216 -0.0431869481162113 0.728890206943687 -0.0347976951444139 0.682380446779238
3.01539 16.1382450841479 -0.261209309287666 3.99693505174045 -0.0433393091362193 0.730065449181566 -0.0353133759238891 0.681086712303046
3.11901 16.2711998618854 -0.262388789131679 3.98800554935493 -0.0405437944910633 0.731193531173942 -0.0342347767918325 0.680103080977922
3.32637 16.5357120801921 -0.265718482019989 3.96951578557291 -0.0358418554975247 0.733368142755948 -0.0349549848969085 0.677985750304565
3.43007 16.6685166235944 -0.26766425836517 3.95951348184402 -0.0357969830188219 0.734666798973945 -0.0349355128290878 0.67658168792504
3.53371 16.8018676969389 -0.26928041855954 3.94916127173717 -0.0358854215931697 0.735923465329931 -0.0341726012149521 0.675248934112503
3.74108 17.064648233833 -0.272602899493906 3.92715357351282 -0.0358615251879812 0.7378232332536 -0.0333409547381365 0.673215573363797
3.94843 17.3306797009751 -0.276354753305635 3.90366971053036 -0.0353820612914633 0.738961642416196 -0.0329578653821335 0.67201010400572
4.15565 17.5952729193696 -0.279193692699547 3.87922971349466 -0.0355006665115387 0.740101545645569 -0.03040911767273 0.67086860887408
4.25939 17.7273586822272 -0.280458276263064 3.86671234970619 -0.0355409082902808 0.7405722410769 -0.029092514642654 0.670405269352805
4.46662 17.9899100578483 -0.282965526862084 3.84185443383762 -0.0357344555135898 0.741627651447357 -0.0326660720196217 0.669062331204376
4.67387 18.2521857381602 -0.286276665232477 3.81590063088295 -0.0365979148129297 0.742690082550134 -0.0342783591540636 0.667755215634236
4.88121 18.5163842063198 -0.289986857655015 3.78968358216912 -0.0378597799004677 0.74333763295367 -0.036393250737166 0.6668518064769
4.98488 18.6474916470624 -0.291995769339933 3.77648587368876 -0.0381608131501822 0.743680697202488 -0.036693300972814 0.666435574239444
5.08832 18.7852190922205 -0.293858650418826 3.76263002619789 -0.0387635648913804 0.744101833766626 -0.0357117911011111 0.665983869923594
5.29556 19.0408838547734 -0.29611513076211 3.73487461087709 -0.0391950208680671 0.743944356160556 -0.0299132775992038 0.666420093559071
5.39916 19.1725703703312 -0.296247975767128 3.72040083785322 -0.0392286764738654 0.743494135051218 -0.0271132746725145 0.667040068079184
5.50278 19.3038924679446 -0.296204974145682 3.70672803758835 -0.0408341131144861 0.742644440319163 -0.0297596696486139 0.667777038038593
5.60639 19.4350032998455 -0.296579113686691 3.69377549583074 -0.0417308266303412 0.742039631748579 -0.03416413825343 0.668183009871235
5.71001 19.5663869335043 -0.297615430792445 3.68111138407046 -0.0431217194675853 0.741207874180069 -0.0362890835090351 0.66890545444158
5.81362 19.6976702446778 -0.29864198888371 3.66838601116263 -0.0433119828539262 0.739995198792637 -0.0372294641980847 0.670182918986026
5.91726 19.8289127438482 -0.299673563928489 3.65597197303705 -0.0429316441627766 0.738820458953253 -0.0362543343997104 0.671555527561809
6.02085 19.9636114338765 -0.300539769645422 3.64407522153595 -0.0429925518096802 0.737598627822353 -0.0358228250088934 0.672916510372465
6.2281 20.2231364542793 -0.302590326181704 3.6222697305412 -0.0457198012748536 0.735610133780383 -0.0398264743378564 0.674686062397031
6.33173 20.3552629140707 -0.303642077634719 3.61227310508156 -0.0491868731124392 0.735087820686419 -0.0424043917538924 0.674854365735226
6.43544 20.4878136142218 -0.30458883649157 3.60233141159036 -0.0512687275203871 0.734742806779327 -0.0453547173277137 0.674883304787279
6.53906 20.6202507150963 -0.305694995573789 3.59221941128308 -0.0516624424254007 0.734448107131628 -0.0461888216242331 0.675117443657306
6.64267 20.7524365247227 -0.306805919433305 3.5827847132222 -0.0513872277267124 0.734046682392559 -0.0448010110178408 0.675668328624941
6.84992 21.0155900137046 -0.308108582340835 3.56231403650781 -0.052855527969676 0.732958537251164 -0.0431919777887912 0.676840105850986
6.95353 21.1469273536206 -0.308568694427796 3.55300308477778 -0.0532708493432117 0.732490138123935 -0.0444663383476834 0.67723198308658
7.05726 21.2783734533542 -0.309112551031692 3.54380539406207 -0.0529372838653253 0.732042746396915 -0.0456066153580469 0.677665919211086
7.26453 21.5417021518075 -0.31096102230152 3.52554216719502 -0.0517723061607223 0.731156839450838 -0.0446118497877727 0.678777642013624
7.36823 21.6749497207235 -0.311806092523355 3.51644031048756 -0.0517666167446136 0.73066155429953 -0.0434861480732431 0.679384180994202
7.57548 21.9367492629454 -0.312854471565825 3.49936207207475 -0.0522222069560342 0.729833432639939 -0.0434125810175284 0.680243595714831
7.78284 22.200849438127 -0.313614397675228 3.48252115535312 -0.053123017615915 0.729278029973878 -0.042799490066734 0.680808125426559
7.99017 22.4633987938681 -0.314455507974101 3.46635910434842 -0.0524162565577418 0.728718581902846 -0.0439576567766816 0.681387913635604
8.19741 22.7259153357229 -0.315386608298025 3.45064205190545 -0.0531848812958521 0.728346769196666 -0.0432390812725051 0.681771760967726
8.30102 22.8575820898067 -0.315597901886738 3.44296378501631 -0.0538245432944773 0.728260486730798 -0.0434953500870148 0.681797430712797
8.50825 23.1201918755985 -0.315999098926837 3.4271290455142 -0.0539229468494406 0.728483664550064 -0.0437532064297755 0.681534682326509
8.71563 23.3812761649323 -0.316271807594831 3.41091673051102 -0.0543237527552917 0.728636989878418 -0.0431994076672169 0.681374256957732
9.02646 23.7783924988794 -0.316077318244676 3.38655272603035 -0.055525629497144 0.728956689592037 -0.0434846218534543 0.680917129194314
9.23384 24.0410111533672 -0.31601886720826 3.37042424893942 -0.0548063614443693 0.728895332999457 -0.0433801834153998 0.681047733983226
9.44104 24.303960576301 -0.316015462120796 3.35443214062791 -0.05485779203035 0.728790346733851 -0.0435041764721938 0.68114803074705
9.64826 24.5680941848637 -0.31615797771315 3.33840270873874 -0.055255547748646 0.728698156551799 -0.043754912024326 0.681198450346704
9.85562 24.8316273682956 -0.315949348699044 3.32219372190898 -0.056185780361625 0.728496782995414 -0.0427175005625834 0.681403559130838
0.06273 25.094997908237 -0.315575369037314 3.30617514198122 -0.0552595776805835 0.728339336229119 -0.0425705156952483 0.681656762285339
0.26996 25.3581792319633 -0.314929448361791 3.29005449141114 -0.0557520313909513 0.728227800133056 -0.042143196646841 0.681762372887752
0.47722 25.6220581709085 -0.314268486123324 3.27422507618745 -0.0558614077498088 0.728275647647312 -0.042673742086308 0.681669300984318
0.68447 25.8860586697118 -0.313422131953225 3.25810793770573 -0.0571347856115052 0.728417123888995 -0.0417644604883362 0.681468883910725
0.89178 26.1498310545634 -0.311728218337372 3.24258629016754 -0.0572094346283224 0.728620254946995 -0.0428514514901594 0.681177919324804
1.09914 26.4139408067161 -0.311189609111838 3.22626850925091 -0.05599105583429 0.728688025003727 -0.0439452500017152 0.681136975126895
1.30652 26.6783140196034 -0.310043766197817 3.20973226771504 -0.0570558490345595 0.728842154098971 -0.041807831985041 0.681018244751217
1.51385 26.9416716313522 -0.308732122913383 3.19347574555517 -0.0563629418122083 0.728831503395904 -0.0418531867217425 0.681084553641599
1.72125 27.2050107399587 -0.307465472305788 3.17835780225088 -0.0558013315497924 0.728773229136147 -0.0411935423132679 0.681233354999173
1.92857 27.468098329607 -0.306115900383169 3.16088488939281 -0.0564498069027551 0.728699478616535 -0.040330735692575 0.681310443867645
2.03219 27.6001210876494 -0.305368498995303 3.15266126891055 -0.0563481115607421 0.728665256353813 -0.0403606989153329 0.681353688248208
2.23954 27.8648772191477 -0.303528988764866 3.13668079175032 -0.056335777563624 0.728375563501149 -0.039310908346195 0.681725730147897
2.44703 28.1289714296046 -0.301438847678937 3.12117112319496 -0.057985341344953 0.728103086339599 -0.039912896455622 0.68184349857455
2.55078 28.260235246116 -0.300383943531744 3.11337884900517 -0.0576659790781697 0.727887897026876 -0.0403416713120537 0.682075064618623
2.75813 28.5238537094061 -0.298259889506143 3.09758579443558 -0.0562328302680356 0.727347660688989 -0.0396501577093738 0.682811184943484
2.9657 28.7865638334593 -0.296364600047925 3.08234961755167 -0.0569412968244441 0.726895360907385 -0.0387684049836836 0.683284592086119
3.17292 29.0492178594539 -0.294194824116182 3.06743248690915 -0.0567719052805192 0.726335106566242 -0.0393725043632128 0.683859685637627
3.38005 29.3121559637239 -0.291948384172515 3.05311893353804 -0.0573742698969295 0.725789501234695 -0.0396124035397497 0.684374641944813
3.58762 29.5752685599903 -0.289331868081688 3.03926355158577 -0.0582448842565645 0.725374359378378 -0.0401454417863947 0.684710096112305
3.79494 29.8384113811234 -0.286842027350443 3.0258820371021 -0.0586066442788599 0.725237614568998 -0.0415109985882055 0.684742652868105
4.00238 30.1016601404979 -0.284332941968014 3.01216166342 -0.0589709017168538 0.725399831905382 -0.0403233942581279 0.684610502766243
4.10599 30.2323082990925 -0.282798339478379 3.00544386374617 -0.0596817255043143 0.725435547596644 -0.0404325600227376 0.684504613581233
4.31353 30.4944254991314 -0.280045315385656 2.99188498406571 -0.0586702335597434 0.725472872522683 -0.0417974080468075 0.684470519166677
4.52083 30.7568873748719 -0.278183975788732 2.97793759402698 -0.0579573235060996 0.725417135542468 -0.0419008144823226 0.684583997665069
4.72806 31.0195726966511 -0.276079302033523 2.96394224452327 -0.058452481183545 0.725484169557848 -0.0407420050041735 0.68454080681336
4.93542 31.2827044216093 -0.273432606188346 2.94981099149377 -0.0584692047257018 0.725357085780928 -0.0407676960371416 0.684672509427658
5.14278 31.5462700423561 -0.270887146303191 2.93603733525757 -0.0583840521135082 0.725116922459205 -0.0408760562306651 0.684927659865716
5.35013 31.8085538754032 -0.268360652993842 2.92267369167804 -0.0589435533522991 0.724896373414933 -0.0407211216198086 0.685122394599758
5.55743 32.0709334985023 -0.265786675687948 2.90933726048767 -0.0586844025922314 0.724582080318646 -0.0413299337741731 0.685440578276278
5.76477 32.3314480787369 -0.263352727949649 2.89648318179348 -0.058870654280482 0.724242007849222 -0.0406739316092541 0.6858231487917
5.97207 32.5895034488702 -0.261437012565966 2.8841632439207 -0.0585525020817483 0.723907666293631 -0.0408394592901085 0.686193437556909
6.17953 32.8573259574542 -0.258730457901 2.87107686346802 -0.0577632145297846 0.723559599427688 -0.0406934880667876 0.686635971350313
6.28328 32.9891018118909 -0.257545034838767 2.86472162407389 -0.0579538518123013 0.723381916943378 -0.0399154577191635 0.686852756807826
6.49055 33.2518510129099 -0.254843067318129 2.85245806792783 -0.0584250857170508 0.723041160776627 -0.039564513917773 0.687191849791741
6.69776 33.5138699462131 -0.251991125985723 2.84075473925758 -0.0585033814780267 0.722629574426136 -0.039792404648585 0.687604840771661
6.90521 33.7768812192916 -0.249274975483504 2.82940604357197 -0.0578990835286149 0.722235667636442 -0.0405208578023513 0.688027177227216
7.11259 34.0399046232473 -0.246833246363988 2.81815007454541 -0.0583340315158336 0.722176100673195 -0.0407370366146041 0.688040198121759
7.31995 34.3035024310688 -0.244343347244233 2.8068126452934 -0.0589493870221533 0.722311300523209 -0.0412073292385349 0.687817789042425
7.5273 34.5681652219441 -0.241883300798393 2.79527771384298 -0.0589021498289541 0.722599887637849 -0.0419955418546123 0.687470954728731
7.73466 34.831754266732 -0.239526238595067 2.78334341907572 -0.0590635820889975 0.722968637644268 -0.0411737323283402 0.687119033370319
7.94202 35.095973029309 -0.236758212202165 2.77118993694957 -0.0591213452221668 0.723317319353353 -0.0405866637463097 0.686781948502249
8.14925 35.3605001725711 -0.234144864204663 2.75908901140718 -0.0583592380730796 0.7233393159455 -0.0411049611389011 0.686793138804397
8.25287 35.4928016905466 -0.233122872511502 2.75254954282168 -0.0577143039585892 0.723276364419033 -0.0405903961714565 0.686944524346767
8.35648 35.6244394563128 -0.232084246618321 2.74629080331955 -0.0571509373673615 0.723087606516252 -0.0401926322134191 0.687213675632541
8.4601 35.7571043425805 -0.231166669094888 2.74003171037712 -0.0569826345086776 0.722867532634654 -0.0395508126085976 0.687496358426092
8.66731 36.0225618779005 -0.229038907889987 2.72816150742079 -0.0568478831047244 0.722473125106406 -0.0398703935810719 0.687903520416334
8.87476 36.2873954427201 -0.227100747025007 2.71682494357328 -0.0569253428450241 0.72205400974366 -0.040809092022886 0.688282013685776
9.08202 36.5499041882682 -0.225076676458744 2.70578478461309 -0.057479102589253 0.72169578035789 -0.0397195037736052 0.688675333084559
9.28926 36.8084118803928 -0.222595338925724 2.6944461739571 -0.0573762548485664 0.721366144046754 -0.0387812074246833 0.689082628973735
9.60024 37.2103843242956 -0.218413195749738 2.6787478495532 -0.0560165595142445 0.7204316663096 -0.0395726572695329 0.690126339183768
9.8076 37.4756880974181 -0.21635124898612 2.66866004646093 -0.0552935999072392 0.719826967959605 -0.0396556292641452 0.6908105276232
0.01495 37.741083402838 -0.214349086415826 2.65931027517096 -0.0559706669915416 0.719188031627619 -0.039945466252068 0.691404526544351
0.32592 38.1378418288932 -0.211161823720309 2.64633083167747 -0.0558283613125718 0.718375253688569 -0.0407292478363158 0.692214791326887
0.53328 38.4027876782211 -0.209371349704231 2.63792499488366 -0.0550269989557401 0.717999787944898 -0.0405587782125152 0.692678366492642
0.74063 38.6675642736258 -0.20739655925425 2.63013941825453 -0.0569634904938374 0.718121457621722 -0.0403383013617447 0.6924085169156
0.94799 38.9312916897685 -0.205353640487265 2.62244524674244 -0.0564334745310939 0.718043009045585 -0.0421555957950686 0.692425018219498
1.15522 39.1952921517349 -0.203420402886553 2.61441120604475 -0.0559939080511465 0.717701909442458 -0.0397760091578856 0.692954919557746
1.36257 39.4588764783202 -0.200897159079234 2.60625573071681 -0.0545977168005035 0.717274695785858 -0.0388621816161732 0.69356025761682
1.56992 39.7231629502229 -0.199019768527813 2.59851492432542 -0.0530508951176694 0.71674610879326 -0.0401889341461367 0.69415089687267
1.77729 39.98680586128 -0.197834623914683 2.59161867813513 -0.0531147574448747 0.715984685678857 -0.0392194863469179 0.694986751172714
1.98464 40.250721799311 -0.195861324723925 2.58511824382741 -0.0537657784209653 0.715305964098874 -0.0395476990311568 0.69561670357799
2.192 40.5148007941229 -0.19401801179202 2.57922651761731 -0.0540731740864278 0.714554916811729 -0.0398503636187475 0.69634711977853
2.39935 40.7810790878787 -0.192326161684728 2.57377495475036 -0.0542559246119371 0.713763349484757 -0.0406018414998094 0.697100900905765
2.60658 41.0444559955597 -0.190909541577277 2.56918582354653 -0.0538828698470432 0.713429932684276 -0.0401655620307904 0.697496304731364
2.7102 41.1763052212745 -0.189985720888841 2.5670105093868 -0.0546164185301425 0.713358741878885 -0.0400391716242794 0.697519330877329
2.91743 41.4405890446496 -0.188051331954549 2.56300617089135 -0.0554757496773851 0.713554497489025 -0.0411816028569291 0.69718469281608
3.12479 41.7035473914287 -0.186521788225866 2.55874124962621 -0.0552456212971097 0.713866630606429 -0.0418569586290793 0.696843131593076
3.33203 41.9646508600427 -0.185356771575617 2.55371225041868 -0.0545644312900553 0.714342631140859 -0.0410391609985963 0.696457547476713
3.53925 42.2269654080636 -0.183764142341966 2.54882197882277 -0.0546345430851718 0.714856942353046 -0.040203349414962 0.695972922869379
3.64287 42.3576306390895 -0.183210711186886 2.54552157334521 -0.0548552905574382 0.714984963578863 -0.0405766661694295 0.695802366420642
3.85009 42.6195685961978 -0.181880749369746 2.54007786942822 -0.0539319256306825 0.71485558996286 -0.0425547814984985 0.695889304033503
3.95373 42.7487151726724 -0.181760732210719 2.53764564300752 -0.0534500409759491 0.714676218012495 -0.0428111875319044 0.696094963887208
4.16107 43.0079310549989 -0.18143111252782 2.53255434331356 -0.0535973550265649 0.714310203710174 -0.0420104871864464 0.696507986584536
4.36829 43.2698353196335 -0.180490491135466 2.52757133278087 -0.0534395975174188 0.71377707781411 -0.0409744851010676 0.697128097393175
4.67914 43.6630649639732 -0.178457921223587 2.52103921465041 -0.0531728345640599 0.712312301693176 -0.0400414981428811 0.698699157683381
4.8865 43.9257216335433 -0.176711189475346 2.51775061890091 -0.0533424904095509 0.71142450190574 -0.0394722324221472 0.699622540855202
5.09374 44.1877990385981 -0.174391149121568 2.514943219142 -0.0545829528514495 0.710506212359941 -0.0393423676935744 0.700466845439676
5.30098 44.4516777862324 -0.171964492052363 2.51276330428893 -0.0546980281065109 0.709773494222172 -0.0400618997055661 0.701159580133431
5.50832 44.7169272239808 -0.169590635511485 2.51063621622176 -0.054618150024397 0.709304788882574 -0.0394331211226127 0.701675568275459
5.71567 44.9807779950155 -0.166744567921702 2.50844774350809 -0.0558270753647575 0.709463187918634 -0.0390176863165058 0.701443470850684
5.92303 45.2442247087063 -0.163493115374337 2.50719304207837 -0.0569505806809989 0.709656451931063 -0.0402317615678773 0.701088979341322
6.02665 45.3753924956717 -0.161913514069669 2.50623717701845 -0.0566238386259819 0.709596340757431 -0.040954909299478 0.701134416133736
6.33749 45.7710151253391 -0.157315547740635 2.50386498770741 -0.0572756933453028 0.70901354770898 -0.0412415640142248 0.70165405828984
6.44113 45.902451951716 -0.156112703157296 2.50386834339942 -0.056636135916724 0.708797100967512 -0.0414803915287853 0.701910531967637
6.75209 46.2973891645123 -0.151783727850983 2.50211163134827 -0.0573786638158455 0.708735133039281 -0.0387312357589627 0.702069862272328
7.06306 46.6919619869895 -0.14648114748731 2.5008873835358 -0.0579703670607124 0.708008845742411 -0.0386918217050263 0.702755899175875
7.37377 47.0868168933201 -0.141129918142608 2.50163290731825 -0.0561905244126509 0.706457053420708 -0.0366561381291098 0.704568935006237
7.89209 47.7383798530336 -0.129547750953866 2.50649963903991 -0.058004763012597 0.704049126826372 -0.035885279510713 0.706868107356184
8.41045 48.3935299687767 -0.118562716321127 2.5115058224568 -0.0582038087794231 0.70181895570651 -0.0348897436025711 0.709115770411249
8.82516 48.9107328294111 -0.107500373234666 2.51958831209889 -0.0590181791591631 0.70053051688062 -0.0349245620660953 0.710319733931277
9.136 49.2953010119786 -0.0993337041257516 2.5275755298044 -0.059014182915382 0.699894758643667 -0.0354428908284694 0.710920849692618
9.44671 49.6810004162488 -0.0908976077078703 2.53629287251857 -0.059077007875105 0.699596136269299 -0.0336336767892247 0.711297356274597
9.65411 49.937712043031 -0.084788731346062 2.54243634142205 -0.0579961632617364 0.699288223364891 -0.0377659229949238 0.711481665800626
9.86116 50.1952112486544 -0.0807016160927057 2.54863310199046 -0.0586400990939511 0.699159224301681 -0.0381044821448738 0.711537607082432
0.06853 50.4549606915972 -0.0744716078504806 2.55439612488095 -0.0612963473970266 0.69917470644554 -0.0350069335344788 0.711457660206908
0.27565 50.7132164867252 -0.0677002646616245 2.5595767459024 -0.0602475459885414 0.698783854969141 -0.0342253339766584 0.7119690890418
0.483 50.9709537078959 -0.0609207167332109 2.56591693553308 -0.0615352027214684 0.698374792636547 -0.0336893361803361 0.712285824977316
0.79395 51.3596054584986 -0.0495768675303148 2.57552751396113 -0.0605853791052545 0.697254608938093 -0.0341577126383632 0.713441429145081
1.10507 51.7499327966874 -0.0385710352447961 2.58630965415553 -0.0602067911901928 0.696059920454644 -0.0335570070844526 0.714667514797468
1.31245 52.0097238593384 -0.0312886509363057 2.59459029800689 -0.0610087143396629 0.695322378880379 -0.0332516679122948 0.715331428628578
1.62338 52.4016780577173 -0.0189766242018301 2.60702369839789 -0.0635135253662845 0.694468043709718 -0.0308159233905505 0.716052056227151
1.83073 52.6606970692599 -0.00884131235283458 2.61606907627622 -0.0654545228980235 0.694047170100303 -0.0309745317430023 0.716278444106239
2.03809 52.9199916303986 0.000581930768631445 2.62409640600605 -0.0627421312097095 0.693909559709655 -0.0307383235167332 0.716664568248073
2.34918 53.3084578793561 0.0133855333453123 2.63796211717538 -0.0636121186525124 0.693932792458919 -0.0318493107284738 0.716516852081531
2.66028 53.6974855737738 0.0265421252610696 2.6513787375955 -0.0621974513292431 0.693939501892973 -0.0310568341986309 0.716669322498346
2.86764 53.9565555975821 0.0352388127110554 2.66025076665983 -0.0608368854027816 0.69379835970176 -0.0302003745613598 0.716959306255237
3.17848 54.3455866929684 0.0481582404546006 2.67413727966136 -0.0610509972529637 0.693266924777244 -0.0300395433296528 0.717461756876886
3.48946 54.7348473523386 0.0602610325425257 2.68967762187978 -0.061022516464429 0.692491177517619 -0.030748488755718 0.718182951610416
3.59309 54.865025412887 0.0646206286856863 2.69429607069421 -0.0616621737688606 0.692302923774738 -0.0298270711693345 0.718348650645707
3.80032 55.1231591696804 0.0738250230054396 2.70509572374316 -0.0635275475380003 0.691964168089393 -0.0300173052099515 0.718504559604248
4.00765 55.3811344493287 0.0826705905524365 2.7159327801231 -0.0628132114523753 0.691504085745286 -0.0320493287759361 0.718922416112912
4.21503 55.6392776776883 0.0912693925125247 2.72695167718686 -0.0624819761255083 0.691241413760373 -0.0311056234732365 0.719245264670094
4.31875 55.7683460423932 0.0955834087624901 2.73236929687038 -0.0619371405037633 0.691092362121049 -0.0311834793058799 0.719432226316382
4.52598 56.0251667593133 0.103894570324502 2.74318702922386 -0.0611252022289731 0.690949614105013 -0.0296547520984242 0.719703366741175
4.73334 56.2814895313803 0.112079202837824 2.75421365984394 -0.0599387109565389 0.690566925572242 -0.0287351811844963 0.720207582296149
4.9407 56.5364866123162 0.120352310340797 2.76623880257897 -0.061805810672456 0.689922784183317 -0.0302537101343554 0.720604820033121
5.14795 56.7912064992326 0.129011383901549 2.77889718262131 -0.0641721747026379 0.689254713952108 -0.0336320320328018 0.720887479229649
5.3553 57.0440637489385 0.136986039713141 2.79152405626804 -0.0634145518409437 0.6883971652608 -0.0346463185579307 0.721725411833399
5.56254 57.2965664661942 0.144949405345101 2.80412815162117 -0.0631918170225864 0.687511456079367 -0.0322788212670392 0.722698325526372
5.76989 57.5501970501022 0.153547834513637 2.81779142550921 -0.0623977818949516 0.686678700469478 -0.0325943805474307 0.723544390823997
5.87361 57.6757013752834 0.157553034870484 2.8251132462395 -0.0617671754631803 0.686291668316715 -0.033450781471481 0.723926520617465
6.08086 57.929205528085 0.16550002671188 2.84011201485408 -0.0614503865384046 0.685674440564284 -0.0315007021408526 0.724625501425233
6.28813 58.1828967416962 0.174676360464697 2.85472880450893 -0.0635585829701154 0.685124266811054 -0.0299467125066635 0.725029820053969
6.3917 58.3098930992975 0.179969754082321 2.86326321441479 -0.0654159787536247 0.684833971905611 -0.0316871957600353 0.725064895214597
6.59892 58.5629444039806 0.189664598478915 2.87911394722227 -0.0659882092698073 0.684456007449447 -0.0340720907597361 0.725261761528199
6.80603 58.8167493885146 0.198409303402677 2.89472299360053 -0.064624750306168 0.684164276401108 -0.0345577007678326 0.725636720309863
7.01338 59.0667715528949 0.206762264946545 2.90990716219187 -0.0624632722670533 0.684175604194932 -0.0328558026207571 0.725894330103451
7.22062 59.3205296227153 0.215447319069925 2.9259147441699 -0.063383969108961 0.684024668765723 -0.0313730091663527 0.726022354528967
7.32423 59.4469538280866 0.220893698858118 2.93563216368636 -0.0634586159553015 0.683952617752774 -0.0316754372910799 0.726070580179767
7.53136 59.6983857007576 0.228841067392087 2.94991252176071 -0.059423992936633 0.683114720076749 -0.0316803452733324 0.727199713972231
7.63495 59.8255231590335 0.232605148777805 2.95826312005502 -0.0587419491991366 0.68249199701782 -0.0313849627683199 0.727852348710194
7.73859 59.9516870117925 0.236326033463995 2.96637968932072 -0.0587008572266829 0.682218290277442 -0.030232290116802 0.728160986599852
7.9458 60.203864377777 0.244569763342566 2.98382331684972 -0.0612139821569665 0.681561323227314 -0.030140274950536 0.72857297156498
8.15318 60.4567287014001 0.254892072831652 3.00166733841101 -0.06316378855036 0.68115723819564 -0.0280369902174764 0.728868355637147
8.3604 60.708457979373 0.264965999752144 3.01975118038294 -0.0611528437286097 0.680218048157688 -0.0295298385594097 0.729857332154103
8.56762 60.9645693227839 0.274344245012987 3.04121891917951 -0.0615331825071374 0.679465117848581 -0.0295010203746643 0.730527556546919
8.77497 61.2143982931941 0.284019638630596 3.05825183666383 -0.0621676567053761 0.678772131697051 -0.0287035600328988 0.731149561534876
8.98246 61.4674330586203 0.2943757559097 3.07827044460133 -0.0627089269498324 0.678084660029432 -0.0285285338770061 0.731747843911001
9.18981 61.719910627612 0.304484808369064 3.09878441520906 -0.0619711260651827 0.677261526239836 -0.0293250840095639 0.732541086941431
9.39717 61.9728882264038 0.314649594051824 3.12009311765062 -0.0625701594208939 0.676558449508428 -0.0291406505047306 0.733146958008391
9.60465 62.226121098966 0.324431581093747 3.14114148943027 -0.0614784443060697 0.675639247287594 -0.030190413060256 0.734043968280927
9.812 62.4787378963957 0.333701388375671 3.1630808910847 -0.0610265996104289 0.674851177482448 -0.0306893411806514 0.734785551524007
0.01948 62.7315453600714 0.342724078285546 3.18573332004637 -0.060736952963933 0.674122703183407 -0.0305247498105117 0.735484767514841
0.1231 62.8582250419912 0.347288041923473 3.19737906715634 -0.0608759049728993 0.67380989201265 -0.030329213554541 0.735767960993678
0.33046 63.1116341001994 0.356720053384624 3.22084055895346 -0.061879907209746 0.673356125360877 -0.0304769867789948 0.73609344433949
0.53783 63.3650275739986 0.366263743686867 3.24447148881793 -0.0623959663537495 0.673332426110618 -0.0315007623289962 0.736028456857113
0.74517 63.619144889075 0.375752028752495 3.26803570805567 -0.0625935144544252 0.673542303958772 -0.0309632979235316 0.735842436196671
0.9524 63.8730607395428 0.38529142705818 3.29140088618281 -0.0623943159146321 0.673704307631083 -0.0304083238158468 0.735734183699234
1.15976 64.1273966538555 0.395015812217609 3.31471259866974 -0.0608134050636849 0.673823897455882 -0.030620588656763 0.735748234474428
1.36698 64.3834457452931 0.404816949877512 3.3382647585253 -0.0617899571129041 0.674073548630922 -0.0295923710938188 0.735480213064326
1.47063 64.5121097735949 0.410146535869308 3.34994542010967 -0.061679655413942 0.67407661475307 -0.0297676244944039 0.735479589168196
1.57422 64.6404289915032 0.415251443855289 3.36162161068404 -0.0607697004846484 0.673940611410803 -0.0300623077575496 0.735667964129558
1.67785 64.7696534427106 0.420128521493864 3.37336195558653 -0.0595011688587945 0.673658284623088 -0.0304524247186363 0.736014114193384
1.78412 64.8995491615558 0.42484806555316 3.38551561575103 -0.05958148295377 0.673449051424273 -0.0299667651314351 0.736218999355718
1.88524 65.0292569637339 0.429691158143915 3.39744567693426 -0.0604700169410229 0.673329045299523 -0.0290322361696598 0.736293761395663
2.09242 65.2938749543567 0.440586783125145 3.42248063397975 -0.0624400462621888 0.673186926209697 -0.0275886192652041 0.736314790758787
2.30001 65.5490976687644 0.452082865415596 3.44583134312253 -0.0625289994147291 0.672932669562434 -0.0286775912367918 0.736498025950257
2.40341 65.6796494277372 0.457690724040433 3.45808919462665 -0.0622151529464866 0.672733017801472 -0.0291440358151079 0.736688663330702
2.50702 65.810469010677 0.463153348064948 3.47034787558847 -0.0620611729660019 0.672497007384029 -0.028923374898114 0.736925792908698
2.61105 65.9411197025515 0.468666521531854 3.48285967411071 -0.0617028038178861 0.672089718739697 -0.0291336981816773 0.737319063632337
2.71412 66.0726321135711 0.47392565470681 3.4956100534703 -0.0611185675053588 0.671794061936063 -0.0293296407307515 0.737629331865364
2.92155 66.3337182476185 0.483966969936794 3.52108974574498 -0.0604592649960172 0.671077359351597 -0.0293439442315426 0.738335146108301
3.02496 66.4639202956208 0.489134363287111 3.53392850529213 -0.060690489305792 0.670796815228533 -0.0288711645147564 0.738589705483797
3.23221 66.72584332199 0.499670277914566 3.56024508498889 -0.0608235980555552 0.670266512478102 -0.0283743780707024 0.739079283188968
3.4393 66.9877053283026 0.510341427372104 3.58698043952968 -0.0614945278083449 0.669670100799327 -0.028329013805277 0.739565984968122
3.64652 67.2501141281949 0.520938560437382 3.61405070862453 -0.0608001156063257 0.668681928260064 -0.0279442434501878 0.740531528038244
3.85363 67.5131976316929 0.53146095115682 3.64201170879151 -0.0597244869142754 0.667288274589182 -0.0288912938180807 0.74183868691255
4.06073 67.7766473221252 0.541247174583071 3.67113369343817 -0.0587507211210222 0.665971887712996 -0.0293944608663568 0.743078571359803
4.26797 68.0425905168408 0.551354502306216 3.70130872897792 -0.059783163148436 0.66503192036218 -0.0293126340272777 0.74384090220271
4.37158 68.1754227617917 0.556525457332902 3.7166597097269 -0.0596749755983817 0.664701609114619 -0.0303174034700904 0.744104510922089
4.4752 68.3079850082247 0.561568690059688 3.73223809493813 -0.0595151590599312 0.664428887953716 -0.0313266192301412 0.744319045586145
4.68258 68.5735597331154 0.570908885648083 3.76347895492738 -0.058273916690935 0.663910020883266 -0.0316040410152401 0.74486832352825
4.78594 68.7221606228113 0.575825101203908 3.78110899997938 -0.0583575312396685 0.663657851347169 -0.0311739712114731 0.745104582197544
4.99315 68.9730040925766 0.584406358682261 3.81136939890371 -0.0586846732497241 0.663182716219019 -0.0308545082262188 0.745515119468449
5.09677 69.1064881472921 0.589195062370723 3.82766661100651 -0.0592346539183893 0.662916813418218 -0.0307658322883981 0.745711752506427
5.30413 69.3730758479839 0.599398565170342 3.86009858407722 -0.060246256703784 0.662426276897182 -0.0302993076831978 0.746085630596944
5.51137 69.6413261179807 0.610183814689934 3.89268166883989 -0.0602122107750036 0.661884049471472 -0.0291793026882461 0.746614065648016
5.7193 69.9084858232423 0.620343791113781 3.92598174757015 -0.0573938835861462 0.66112253864285 -0.0324677097582686 0.747374590716319
5.92608 70.1779747195864 0.627903219529823 3.96062248415031 -0.0542922648893243 0.660318846543489 -0.0345228843819505 0.748224258712997
6.02981 70.3129708116448 0.631529962838139 3.97806415418554 -0.0550435315474058 0.66007215196031 -0.0335471326045655 0.748431395476758
6.13343 70.4490752452419 0.635527446809263 3.99560268471249 -0.0558104022286802 0.6598731220091 -0.0331764497741932 0.748566620304043
6.3409 70.7209965873865 0.644441592908371 4.03112155119912 -0.0578626856401639 0.659535022890183 -0.0321151603344011 0.748755019795159
6.44452 70.8567924124397 0.649014618686767 4.04885631795024 -0.057897917090104 0.6593796436574 -0.0317294084604495 0.748905575734096
6.54825 70.9922898960541 0.653574171423224 4.06660183595356 -0.0578815770626071 0.65916352425481 -0.0316664796904576 0.749099729937702
6.65188 71.1278139978327 0.658060631608525 4.0842972001765 -0.057433310254982 0.658929127447308 -0.0320558129151825 0.749323858377025
6.75549 71.2634060129314 0.662458223467441 4.10237694724076 -0.0572047207795616 0.658687042146163 -0.0326090872138856 0.749530284818665
6.96272 71.5350298489499 0.670472032156099 4.13871849180543 -0.0560811251634497 0.658187400569773 -0.0331864561107805 0.750028607629345
7.06634 71.6707860947005 0.674366208393678 4.15701530009432 -0.0563244641279923 0.657944916290735 -0.0327801288199844 0.750240964638974
7.27357 71.9516251011294 0.683267339929153 4.19527872793196 -0.0566739088849818 0.657495835115538 -0.0330000994631805 0.75059861996465
7.37719 72.0776941423907 0.686722246036986 4.21254899809957 -0.0566806218620308 0.657288608143532 -0.032851918950051 0.750786084135402
7.4808 72.213709743838 0.69090747419608 4.2312637482732 -0.0561283817639613 0.657016479202523 -0.0331096046315263 0.751054395432198
7.58429 72.3491377824953 0.69486316462703 4.25005237343836 -0.0554293753467016 0.656751767948533 -0.0334838217000709 0.751321191854395
7.68791 72.4848575706525 0.698545749193415 4.26898005873556 -0.0548034104233297 0.656531951570892 -0.0337209527262038 0.751548587996628
7.79152 72.6203691730008 0.702004389789859 4.28798728304147 -0.054631177643221 0.656310994633935 -0.0338622052793982 0.75174773947485
7.99874 72.8933304546304 0.709085609842679 4.32642185332472 -0.0555121628043412 0.655866895743531 -0.0331573404619188 0.752102124463175
8.10226 73.0298624974358 0.712953886989971 4.34562450973894 -0.0549860846598067 0.655639828902136 -0.0328408528131709 0.752352592630255
8.3095 73.3028203226177 0.720602285918462 4.3842462403144 -0.054606215939885 0.655084689445261 -0.0331715040851332 0.752849162948238
8.41296 73.4393954172477 0.724379475123656 4.40386148987508 -0.0549162622396339 0.654853822899149 -0.0335677533413814 0.753009880885776
8.5166 73.5756964741154 0.727997003399142 4.42366380002563 -0.0546389440675731 0.65466206783615 -0.0342759520382557 0.753164870290396
8.6202 73.71156619844 0.731391435559922 4.44337003068605 -0.0538302365568697 0.654377083031527 -0.0355234384068981 0.753412917435807
8.7237 73.8476465241696 0.734566218792382 4.46329457724455 -0.0532500234079806 0.654173594266505 -0.0360442369897738 0.753606101721129
8.8273 73.9842328763687 0.737575011752965 4.48314156965191 -0.0535344956141512 0.654030289666577 -0.0355192807178386 0.753735244416287
8.93092 74.120780292352 0.74076528359706 4.50291614147712 -0.0536623488580881 0.653916536959337 -0.0346297223891804 0.75386623305026
9.03442 74.2567112414013 0.74413619814208 4.52282533130671 -0.0540037874519709 0.653674256292137 -0.0343054439992746 0.754066770328581
9.13804 74.3930032699847 0.747351998878821 4.54270315899872 -0.0537375314376404 0.653467402209342 -0.0350354512130105 0.754231495711405
9.24164 74.5273408444114 0.750382800783352 4.56257489742597 -0.0534232567805137 0.653202439508262 -0.0358474931332317 0.754445151015951
9.44887 74.7986671754766 0.756147586919391 4.60296280412207 -0.0526062972590065 0.65282033148394 -0.0364790937296394 0.754802933228641
9.6561 75.0685791738869 0.761473695972813 4.64327979262214 -0.0526827265556703 0.652416356102065 -0.0357514192661324 0.755181610365097
9.75972 75.2026677170196 0.764202263573129 4.6634338849381 -0.053037439720563 0.652149525224447 -0.0355035901909673 0.755398915686916
9.96682 75.4611749495344 0.769831290711793 4.70315325051511 -0.0531634724869542 0.651675669042909 -0.0356862957237893 0.755790285640217
0.07046 75.6025612795068 0.772146298024879 4.72455478504341 -0.0528838392856748 0.651493338756912 -0.0359993116161268 0.755952233055068
0.27768 75.8665994142618 0.777444440649496 4.76542531946889 -0.0529474625154908 0.651027561217769 -0.0360427573006073 0.756346878352905
0.48505 76.1459326709764 0.783003671617466 4.80945290060016 -0.0522836071608159 0.650474071571084 -0.0361864983706119 0.756862235794377
0.69238 76.3999307594343 0.787780708388625 4.84860237439806 -0.0511389204199652 0.649889049320939 -0.0363289998372314 0.757435963076637
0.89976 76.6666881447559 0.792318666570031 4.89092453667941 -0.0502969899100966 0.649117012586309 -0.0372302554705977 0.758110298607402
1.1072 76.9333887780265 0.796356015384275 4.93388653584444 -0.0500824492427779 0.648415511187498 -0.0382688123401281 0.758672901276549
1.31434 77.1999658191836 0.800328167614274 4.97757691630881 -0.0508436493185983 0.647752063017821 -0.0384845804527347 0.759177927265737
1.41808 77.3562177017397 0.802051447100513 5.00062940901559 -0.0506895053397471 0.647378997415906 -0.0384569399225033 0.759507782399223
1.62541 77.6011696998597 0.806692590834468 5.04396723336288 -0.0509399195090802 0.646735708065088 -0.0380116507960868 0.760061288921962
1.72915 77.7350668115666 0.808848739011172 5.06635529290017 -0.0502830510728808 0.64640716362209 -0.037878132727157 0.760391110320177
1.93653 78.0013670825006 0.81275582143069 5.11103542446911 -0.0499756415218756 0.645742543000902 -0.0373360440119362 0.761002643379604
2.04025 78.1339232464071 0.814678624891648 5.13347325759315 -0.0493361789623163 0.645365021187626 -0.0376574504411942 0.761348702828843
2.14399 78.2658382367267 0.816478049643347 5.15615512441643 -0.0490761586406644 0.645000598983067 -0.0378189404288447 0.761666256118387
2.2476 78.3983199977747 0.818212756745607 5.17883959911393 -0.0485499555720296 0.644645363078064 -0.0380660921580462 0.761988340005095
2.35137 78.5309228317481 0.819713102540211 5.20174757026682 -0.0478295326213037 0.644256789581164 -0.0382377546934642 0.762353854193577
2.55861 78.7954953179103 0.822766340972715 5.2478605301269 -0.0478322463972028 0.643636152408374 -0.038325090932395 0.762873362310263
2.76606 79.0602065403233 0.826001725491889 5.29435067597632 -0.0479254928875825 0.643204799976924 -0.0387219902803273 0.763211202673846
2.97342 79.3249016135522 0.828851222539106 5.34145387432909 -0.0470372469069546 0.642644311584023 -0.0400847331586246 0.763668121869516
3.07716 79.4571523225264 0.83006527416862 5.36519023891154 -0.0467240864835127 0.642407699823081 -0.0401156249632275 0.763884771142945
3.18081 79.5896988875151 0.83109496025325 5.38891247466671 -0.0467383490374439 0.642118914820037 -0.0401109098222363 0.764126914113634
3.2844 79.7220888929706 0.832244693237056 5.41287865991711 -0.0474419745859716 0.641902428399813 -0.0399498004541282 0.764273867736875
3.38813 79.8541051373221 0.833356600931356 5.43683684348125 -0.0474428363593741 0.641660056970332 -0.0403435718578285 0.764456633679609
3.59536 80.1176156208124 0.835630896694823 5.48461171976589 -0.0473212211320957 0.641083020908085 -0.0403461253927416 0.76494800640287
3.69898 80.2487472354657 0.836719561161665 5.50853110497191 -0.0472708282182028 0.640787820464345 -0.040537965537114 0.765188284864733
3.80272 80.3800293575643 0.837789247470779 5.53267442717426 -0.0473221498685002 0.640539642785106 -0.0406014828960387 0.765389508511317
3.90633 80.5128772387628 0.838909725815785 5.55712214486027 -0.0475991900752553 0.640276455063082 -0.040486138127873 0.765598622527185
4.01009 80.6450844195206 0.8401558210869 5.58152618522008 -0.0477118237256428 0.640019122579887 -0.0401633855171115 0.76582374412958
4.21743 80.9098610335462 0.842568514724624 5.63101642817296 -0.0480468906468667 0.639500713887067 -0.0393523998634427 0.766277835946002
4.32104 81.0415510015728 0.843885385279242 5.65573702870776 -0.0479196375531592 0.639246269306359 -0.0391307946818466 0.766509423570411
4.4247 81.1735981240989 0.845251392732632 5.68054987505616 -0.0479514903612751 0.638968264606328 -0.0393318758550884 0.766728905767762
4.52842 81.305717870907 0.846595440385323 5.70568658476741 -0.0479008940805273 0.638723223038383 -0.03945736606408 0.76692976533776
4.63201 81.4367440144258 0.847884178081226 5.73059887253069 -0.0478048045889885 0.638419457946205 -0.0397090855320568 0.767175654527756
4.83937 81.6970064028413 0.850112795444992 5.78015380836138 -0.0477111199989063 0.637922580684368 -0.0398194895558192 0.767588977469687
5.04674 81.955932294919 0.852473667696168 5.82987348146308 -0.0480867640561662 0.637551706490236 -0.039576767335337 0.767886166147873
5.15034 82.0988450589096 0.853780849480714 5.85303728135759 -0.04838474739381 0.637445549629314 -0.039707071049343 0.767948849850107
5.3577 82.342534851284 0.856669033357663 5.90432506753454 -0.0491800282298908 0.637638462511731 -0.0390373351577208 0.767772493915201
5.46143 82.4706829866564 0.858203388715693 5.92886661054416 -0.0494172286643061 0.637648893973372 -0.0388471018398729 0.767758248542025
5.56505 82.5981844774275 0.859858932624519 5.95333153237281 -0.0496758874969402 0.637594558023244 -0.0390113297018786 0.76777835469322
5.77241 82.8537344551561 0.862954747293965 6.00268802631483 -0.0497314130185021 0.637431529813864 -0.0394902726732682 0.767885635835527
5.97976 83.1080292763778 0.866288435079152 6.05188281336588 -0.0496314484973539 0.637145655808864 -0.0389916416303012 0.768154792009346
6.08325 83.2345477884555 0.86784769175065 6.07637939535493 -0.048901916521621 0.636872327744328 -0.039381950077042 0.768408291679731
6.29048 83.4862809134311 0.871156218137999 6.1254257857245 -0.0493063838128257 0.636389662465376 -0.0380925594063508 0.768847211700986
6.3941 83.6132265233074 0.872985937241731 6.14909385687444 -0.0495948489965993 0.636168061366455 -0.0372958434464938 0.769051083291523
6.49761 83.7369642962009 0.875238944690826 6.17416883608352 -0.0492255796364194 0.635847159945657 -0.0376404462999181 0.769323357438759
6.60121 83.862102118052 0.877131784326625 6.19877499333556 -0.048702523642102 0.635598450933852 -0.0378844596055707 0.769550155013806
6.70486 83.9874279748114 0.878932936039924 6.22344331788403 -0.0483437801413794 0.635318047986591 -0.0381269673478831 0.769792303926847
6.80845 84.1132618208008 0.880758999994497 6.24827944470242 -0.0487643928583728 0.635111976440227 -0.0379844696840346 0.769942849459729
6.91195 84.2377303639236 0.882583222611027 6.27310272197653 -0.0495287036157521 0.634857438325083 -0.037422461865353 0.77013148219599
7.01555 84.371998744101 0.884274418526346 6.29640637483521 -0.0499821544201682 0.634546618235742 -0.0369526793793808 0.770380992114802
7.22277 84.6093767720835 0.888679092744542 6.34716813774776 -0.0501546650229487 0.63418787138921 -0.0369132435549628 0.770667026548762
7.43001 84.8557006585761 0.892425021094639 6.39683319045332 -0.048049928646315 0.633503934726322 -0.0383337523645148 0.771294037623142
7.63724 85.1011831522978 0.895837310776009 6.44692067831416 -0.0497949965616352 0.633011485685193 -0.0373136723427697 0.771637613886433
7.84447 85.3469577971678 0.900728445594062 6.49733999149981 -0.0515111702881138 0.632623119007938 -0.0362420629187054 0.771894488584816
7.94826 85.4685499224093 0.903221603051148 6.52231066294522 -0.0509527748205812 0.632271393803936 -0.0370280028907462 0.772182378921738
8.05183 85.6055173051789 0.90567873054321 6.54736892681977 -0.0502542015467856 0.631867530898627 -0.0374632752778459 0.772537663566266
8.25919 85.8338647431403 0.909429791569842 6.59759491265136 -0.0498648083831091 0.631342346937012 -0.0366798373860609 0.773029709246879
8.46642 86.0759433519668 0.913927142539701 6.64829496816151 -0.0515213832678085 0.631216122254024 -0.0368866143172644 0.773014315363547
8.77738 86.436831050873 0.921387505135236 6.72358113729938 -0.0528201990156264 0.632149727373059 -0.03658738403278 0.772177513326926
8.98461 86.6761542317982 0.926462973288881 6.77292175229387 -0.0521402687226019 0.632680627390965 -0.0373171306988454 0.771753877773293
9.29558 87.0340302336498 0.93391127969327 6.84568568783317 -0.0527155271202279 0.633464519570689 -0.0373227232630639 0.771071196436322
9.50283 87.2731316287517 0.938969840049745 6.89380483353627 -0.0520249485227476 0.633913276747742 -0.0372929402266285 0.770750672334056
9.81379 87.6322214241254 0.946184788398962 6.96549324573277 -0.0516763967583867 0.63499630840481 -0.0371035370674491 0.769891268860362
0.12463 88.0028555116557 0.954361693357861 7.03841476490659 -0.0535284239192437 0.637757251124732 -0.0374186259298533 0.767463512425229
0.53935 88.4573214323596 0.963278399044632 7.12358802984228 -0.0538878578298729 0.641843166861704 -0.03790250