0.999995018 0.00306275787 0.00076439091 -0.0937937666 -0.00306117691 0.999993191 -0.00206093209 -0.117898849 -0.000770697841 0.00205858188 0.999997584 0.084493886
0.927066981 -0.0101179379 0.374759177 -0.164530066 0.0124487346 0.999915295 -0.003799053 -0.135878932 -0.374688994 0.00818725414 0.927114408 0.392990613
0.903147172 -0.0143426256 0.429091453 -0.178589477 0.0176220472 0.999837982 -0.00367054677 -0.139616515 -0.428969287 0.0108765138 0.903253592 0.432552327
0.875761594 -0.0138247044 0.48254586 -0.190668852 0.0180696655 0.999828119 -0.00414963853 -0.141947155 -0.482405552 0.0123535363 0.875860875 0.474746943
0.845525329 -0.0152544646 0.53371736 -0.198897934 0.0214768252 0.999754494 -0.00544947644 -0.144990702 -0.5335032 0.0160702248 0.845645365 0.516640614
0.812514201 -0.0166182273 0.582704478 -0.203986977 0.0265365981 0.999611754 -0.00849416416 -0.14717101 -0.582337087 0.0223646236 0.812639736 0.558503788
0.776506031 -0.0161864727 0.629901883 -0.206182564 0.028580249 0.99954591 -0.0095469045 -0.147665821 -0.62946132 0.0254159816 0.776616041 0.604872997
0.740966778 -0.0197970011 0.671249814 -0.203823792 0.0337575129 0.999399704 -0.00778857345 -0.150436894 -0.670692675 0.0284307984 0.741190276 0.643277026
0.704771325 -0.0217523743 0.70910099 -0.198145021 0.0378722838 0.999258155 -0.00698780891 -0.152556067 -0.708422946 0.0317800813 0.705072306 0.682167302
0.633095477 -0.0188852801 0.773843307 -0.173870745 0.0395568222 0.999185477 -0.00797751635 -0.153101166 -0.773062336 0.0356613116 0.633326848 0.764282493
0.562377587 -0.0209218463 0.826615827 -0.144011591 0.0425949738 0.999085601 -0.00369185186 -0.156585737 -0.82578273 0.0372858942 0.562754515 0.831042671
0.493360743 -0.0147571802 0.869699605 -0.106174656 0.0402886356 0.99917066 -0.00590076124 -0.157721402 -0.868891249 0.0379502144 0.493546126 0.892854944
0.426750842 -0.014648935 0.904250589 -0.0595761595 0.0446689801 0.998989839 -0.00489730135 -0.159033033 -0.90326541 0.042481879 0.426974108 0.945577043
0.360712051 -0.0121592687 0.932597967 -0.00469264163 0.0447933611 0.998987018 -0.00430040994 -0.157309264 -0.931600972 0.0433254072 0.360891311 0.994784406
0.303658904 -0.0114673245 0.952711798 0.0564552237 0.052488631 0.998610414 -0.00470997686 -0.157051813 -0.951333913 0.0514367644 0.303838848 1.03302008
0.257192215 -0.0120009547 0.966285745 0.122789052 0.0632963648 0.997984841 -0.00445268021 -0.156671477 -0.96428509 0.0623075697 0.257433549 1.06321282
0.222669393 -0.0129010455 0.97480865 0.194603279 0.0713741025 0.99744479 -0.00310291404 -0.156468661 -0.972277779 0.0702670165 0.223021227 1.08643769
0.195422872 -0.0129649461 0.980633373 0.270437491 0.0740837433 0.997250774 -0.00157893398 -0.155860497 -0.977916919 0.0729575509 0.195846102 1.10585479
0.172177752 -0.00839852698 0.985030094 0.348287014 0.0745348427 0.997208139 -0.00452591468 -0.155522653 -0.982242017 0.0741983249 0.172323038 1.12359234
0.152594193 -0.000183261847 0.988288915 0.429370549 0.0760349381 0.997038198 -0.0115550936 -0.15520487 -0.985359681 0.0769077267 0.152156173 1.14245831
0.137405482 0.00449693078 0.990504675 0.511787527 0.0753461592 0.997044929 -0.0149788464 -0.155143359 -0.987645022 0.0766888985 0.136660613 1.162465
0.125249932 0.0107766993 0.99206669 0.596271896 0.0748139584 0.99699136 -0.0202755717 -0.156078552 -0.989300423 0.0767599501 0.124066853 1.18390809
0.113398551 0.0129303169 0.993465438 0.685205766 0.0750218633 0.996949242 -0.0215389881 -0.158967673 -0.990713121 0.0769741183 0.112082543 1.21014925
0.100452667 0.0134523445 0.994850891 0.778372388 0.0742712522 0.997017341 -0.0209809996 -0.162090097 -0.992165834 0.0759964188 0.0991539287 1.24229687
0.0936010295 0.015483736 0.995489378 0.828161496 0.0759854735 0.996851649 -0.0226494695 -0.164496614 -0.992705926 0.0777627454 0.0921298016 1.25972987
0.0803719735 0.0218828941 0.996524704 0.943170644 0.0761903548 0.996699181 -0.0280316501 -0.169671427 -0.993848769 0.0781785298 0.0784394146 1.29998887
0.0722207413 0.0263275055 0.997041136 1.03881051 0.0756615179 0.996626449 -0.0317971025 -0.175630825 -0.994514705 0.0777340561 0.0699851219 1.32979749
0.0594709889 0.0305323227 0.997762987 1.19143567 0.0802531177 0.996150449 -0.0352664106 -0.186048023 -0.994998813 0.0821709187 0.0567917382 1.37885948
0.0525485096 0.033305555 0.998062821 1.2841258 0.0858804151 0.995590223 -0.037744691 -0.193674595 -0.994918694 0.0876974766 0.0494564875 1.40594487
0.0426886287 0.0332107048 0.998536294 1.38808159 0.0931164435 0.994964793 -0.037072759 -0.203409167 -0.994739669 0.0945627336 0.0393812199 1.43733916
0.0306481471 0.0339928236 0.99895204 1.49790292 0.101412873 0.99415833 -0.0369410782 -0.215265067 -0.994372224 0.102438772 0.0270218008 1.47058908
0.0166891444 0.0378126706 0.999145472 1.61517721 0.111895283 0.992936756 -0.0394467353 -0.229506429 -0.99357985 0.112457998 0.0123402055 1.50521051
0.00787136143 0.0386358204 0.999222355 1.67665272 0.115515062 0.992528491 -0.0392869646 -0.237665787 -0.99327454 0.115734474 0.0033495313 1.52330624
-0.0021640373 0.0393981904 0.999221247 1.745356 0.12210203 0.991757325 -0.0388394569 -0.247222999 -0.992515194 0.121922892 -0.00695679886 1.54272561
-0.0115318337 0.0402477019 0.999123185 1.80868016 0.12920597 0.990873053 -0.0384240723 -0.25666207 -0.991550722 0.12864958 -0.0166268266 1.56024026
-0.023319544 0.0414439134 0.99886866 1.87946895 0.138070731 0.989699248 -0.0378400734 -0.267764535 -0.990147803 0.137032113 -0.0288015266 1.57921118
-0.0362829752 0.0436769304 0.998386634 1.95537897 0.146204357 0.988526898 -0.03793229 -0.280737801 -0.988588808 0.14459218 -0.0422524545 1.59855156
-0.0634664894 0.0482456488 0.996817116 2.10335399 0.1623711 0.986021288 -0.0373851055 -0.305246763 -0.984686565 0.15948159 -0.0704130086 1.63174759
-0.0802144199 0.0504860813 0.995498268 2.18786421 0.171810128 0.984469052 -0.0360827698 -0.321107113 -0.981858914 0.168142326 -0.0876426339 1.64811983
-0.0991248359 0.0518760221 0.993721865 2.27340929 0.181542254 0.98282262 -0.0331980034 -0.337699912 -0.978374508 0.17711176 -0.106839821 1.66412057
-0.117205168 0.0546444845 0.991603211 2.36498893 0.191617541 0.980966949 -0.0314096069 -0.353475725 -0.974446338 0.186327201 -0.125445238 1.67575886
-0.155017955 0.0609391404 0.986030352 2.57005897 0.20457734 0.978440999 -0.0283076402 -0.39178959 -0.966497566 0.197331275 -0.16414269 1.68655879
-0.17652262 0.0645542904 0.982177432 2.70550379 0.210944875 0.977143787 -0.0263112153 -0.415194178 -0.961427077 0.202540771 -0.186105378 1.68214505
-0.195257568 0.0687441189 0.978339782 2.8966176 0.218239033 0.975575238 -0.0249936043 -0.435225193 -0.956162228 0.208631737 -0.205491099 1.6575688
-0.219368386 0.0715952642 0.973011629 3.10039596 0.22410327 0.974335488 -0.0211679218 -0.458730139 -0.949555283 0.213411515 -0.229783137 1.62663106
-0.243118155 0.0746071539 0.967123227 3.29452802 0.230825788 0.972846171 -0.0170230058 -0.481772418 -0.942132166 0.219098379 -0.253737821 1.58862778
-0.265605408 0.0794071238 0.960806055 3.47375645 0.238900155 0.97094026 -0.014203075 -0.504366157 -0.934013107 0.225764302 -0.276857358 1.54809976
-0.292127371 0.0862458957 0.952482674 3.63674639 0.250482553 0.9680605 -0.0108332 -0.526721514 -0.922995173 0.235415618 -0.304400061 1.51668839
-0.32014056 0.0931803948 0.942776451 3.79754847 0.262974372 0.964783808 -0.006056763 -0.551050605 -0.910139825 0.24598703 -0.333370484 1.47722525
-0.352204642 0.0994269215 0.930626766 3.95752376 0.276449157 0.961026566 0.0019500443 -0.576978757 -0.894163158 0.257957799 -0.365964507 1.42826311
-0.38143106 0.104856903 0.918430932 4.11797995 0.28913796 0.957226572 0.010794916 -0.600903507 -0.878014571 0.269670763 -0.395434057 1.35664016
-0.41278381 0.109960111 0.904167186 4.25995577 0.303345057 0.95261188 0.0226358808 -0.624948649 -0.858831359 0.283618372 -0.426578617 1.27898834
-0.447767927 0.115018116 0.88672133 4.43357569 0.316601447 0.94783955 0.0369284611 -0.650878112 -0.836222104 0.297272637 -0.460827053 1.18527222
-0.45799104 0.116626504 0.881273207 4.79935563 0.317791861 0.947325385 0.0397862739 -0.639425218 -0.830212347 0.29828321 -0.470929492 1.01013595
-0.469913615 0.119664947 0.874563603 5.16810475 0.319524616 0.946639725 0.0421574536 -0.628921611 -0.822851879 0.299254961 -0.483074791 0.829230611
-0.479745323 0.122808221 0.868770721 5.52544727 0.321059701 0.946056671 0.0435596553 -0.613903668 -0.816556852 0.299824809 -0.493295034 0.639840597
-0.49088748 0.125467929 0.862141103 5.8907304 0.324141115 0.944837633 0.0470572557 -0.598998106 -0.808679182 0.302555196 -0.504478279 0.439368901
-0.503910268 0.128888368 0.854085611 6.24045255 0.326799098 0.943749434 0.0503920176 -0.584698288 -0.799547867 0.304507462 -0.517685632 0.246431902
-0.518121997 0.133489271 0.84482555 6.59673906 0.330537748 0.942256348 0.0538309533 -0.569367578 -0.788856383 0.307137736 -0.532326984 0.0434482031
-0.532986573 0.139268703 0.834583454 6.95333966 0.335270255 0.940384686 0.0571882754 -0.549094625 -0.776864962 0.31029159 -0.547905065 -0.168645995
-0.550597957 0.145991914 0.821905257 7.32220658 0.343353106 0.937052651 0.0635686513 -0.528705754 -0.760887991 0.317204492 -0.566066052 -0.39544302
-0.569562112 0.156671201 0.806878637 7.69829678 0.354949723 0.932296267 0.0695295871 -0.498354601 -0.741356658 0.326002768 -0.586611031 -0.658476481
-0.590985243 0.168439463 0.788900874 8.04353106 0.36793388 0.926592327 0.0777902283 -0.461166571 -0.717886553 0.336236236 -0.609576977 -0.960887267
-0.623333095 0.187114209 0.759239176 8.48260468 0.370769821 0.925586023 0.0762905878 -0.37516467 -0.688466116 0.329057422 -0.646324702 -1.28059805
-0.66167582 0.190918656 0.725075979 8.83208737 0.356487669 0.930850124 0.0802158917 -0.332398614 -0.659622355 0.311557561 -0.683981166 -1.50006394
-0.710489309 0.199472563 0.674844899 9.1997823 0.341604582 0.936177864 0.0829295825 -0.282192537 -0.61523268 0.289450691 -0.733285106 -1.72934145
-0.779932191 0.209560747 0.58973729 9.81135549 0.317807016 0.944362239 0.0847269911 -0.262381146 -0.539170176 0.253503956 -0.803138385 -2.01209641
-0.837900715 0.217481564 0.500623772 10.2662963 0.302899746 0.948273957 0.0950170822 -0.254457559 -0.454064022 0.231253694 -0.860434537 -2.32214122
-0.890345304 0.222676914 0.397114885 10.6758376 0.280981475 0.955055692 0.0944353489 -0.222538777 -0.358238259 0.195661995 -0.912897438 -2.62605644
-0.928966061 0.193112325 0.315800074 10.8675093 0.222009967 0.973324928 0.0578805577 -0.186542669 -0.296198635 0.123879838 -0.947058686 -2.82961477
-0.95328564 0.129571503 0.272869407 11.0670969 0.139498997 0.990072576 0.0172140922 -0.170162144 -0.267930061 0.0544749555 -0.961897064 -3.12544086
-0.96548692 0.0847524101 0.246276343 11.1682487 0.0829610976 0.996396305 -0.0176595673 -0.162201775 -0.246885529 0.00338127455 -0.969038752 -3.33402982
-0.976304737 0.0541550711 0.209514414 11.2713412 0.046215047 0.998022204 -0.0426127923 -0.16623173 -0.211407736 -0.0319203525 -0.976876584 -3.47927253
-0.975862421 0.0570234358 0.210810017 11.3251838 0.0488909355 0.997852295 -0.0435944162 -0.165917868 -0.212843163 -0.0322354536 -0.976554486 -3.60162507
-0.976980428 0.0569611851 0.20558372 11.3538447 0.048902034 0.997830601 -0.0440758802 -0.174297444 -0.207648341 -0.0330078103 -0.977646486 -3.74464415
-0.976915622 0.0578547012 0.205642167 11.3938515 0.0494738094 0.997730722 -0.045669989 -0.179321147 -0.207817732 -0.0344418243 -0.977561022 -3.88090764
-0.977798287 0.0587604266 0.201141049 11.4205003 0.0504023025 0.997649162 -0.0464301312 -0.188357283 -0.203396454 -0.0352613307 -0.978461303 -4.02697492
-0.978658504 0.0588695329 0.196880448 11.4477139 0.0504710534 0.997599555 -0.0474109765 -0.196278681 -0.199198909 -0.0364623917 -0.979280495 -4.1700936
-0.979402506 0.0589306543 0.193126667 11.4765983 0.050754831 0.997603852 -0.047015978 -0.205107324 -0.195434589 -0.0362454553 -0.980046728 -4.31723434
-0.980274049 0.0585272655 0.188778566 11.5051184 0.0505148588 0.997617575 -0.0469832128 -0.213588188 -0.191078615 -0.0365203016 -0.980895117 -4.46410059
-0.980792088 0.0607804146 0.185344599 11.5324803 0.052957122 0.997495937 -0.046876415 -0.221805391 -0.187729653 -0.0361607004 -0.981554879 -4.61029048
-0.981402935 0.0626623226 0.181443413 11.5615098 0.0551230082 0.997405256 -0.0463056096 -0.230106638 -0.183874231 -0.0354427544 -0.982310581 -4.75838711
-0.981832704 0.0633303383 0.178868134 11.5893643 0.0560498493 0.997391929 -0.0454725668 -0.237737935 -0.181281427 -0.0346209213 -0.982821671 -4.90557425
-0.982424394 0.0627498886 0.175797502 11.6167612 0.055710123 0.997445762 -0.044702721 -0.246199213 -0.178153564 -0.0341233431 -0.983410853 -5.05495408
-0.982991571 0.0619601813 0.172882931 11.6438132 0.0548938353 0.997461155 -0.0453642046 -0.254470552 -0.175254783 -0.0351024236 -0.983897139 -5.20452513
-0.983556809 0.0615185573 0.169798325 11.6707083 0.0541965202 0.997403218 -0.0474295053 -0.262768419 -0.172275191 -0.0374471345 -0.984336818 -5.35433517
-0.984180466 0.0612975356 0.16622702 11.6977887 0.0537625145 0.997328037 -0.0494608773 -0.270342097 -0.168814698 -0.0397416467 -0.984846282 -5.50420783
-0.984770954 0.0606167011 0.162947182 11.7237039 0.0530340857 0.997315365 -0.0504920681 -0.279363733 -0.165570391 -0.0410813672 -0.985341954 -5.65574071
-0.985424639 0.0592053772 0.159477285 11.7492676 0.0515437231 0.997328438 -0.0517613 -0.288397774 -0.162115779 -0.0427868073 -0.985843681 -5.80807064
-0.986030232 0.0599739492 0.155394683 11.7744655 0.052493345 0.997276515 -0.0518073451 -0.297055616 -0.158078559 -0.0429264218 -0.986493027 -5.96053862
-0.98663697 0.0593619076 0.15173547 11.7988218 0.0521938365 0.997344148 -0.0507981584 -0.306420399 -0.154347959 -0.0421996848 -0.987114935 -6.11429954
-0.987248662 0.0590207535 0.147839878 11.8225362 0.0521390632 0.997387234 -0.0500022444 -0.315654057 -0.150404777 -0.0416564161 -0.987746499 -6.26863881
-0.98790594 0.0589100473 0.143427544 11.8462662 0.0522522978 0.997393701 -0.0497544236 -0.324113449 -0.145984764 -0.0416582719 -0.988409347 -6.42301723
-0.988488917 0.0580601389 0.139709277 11.8689812 0.0515393146 0.997425975 -0.0498510157 -0.33355956 -0.142244019 -0.0420766562 -0.988936901 -6.57819844
-0.989073827 0.0574833691 0.13575208 11.8910272 0.0510222341 0.997414495 -0.05060688 -0.342932128 -0.138310146 -0.0431275661 -0.989449502 -6.73326403
-0.989505946 0.0576530683 0.132491909 11.9126486 0.0512767134 0.997379004 -0.0510472459 -0.352575409 -0.135087679 -0.0437178037 -0.989868715 -6.88912435
-0.989883255 0.0584954313 0.129264945 11.9337752 0.0522242582 0.997312483 -0.0513852006 -0.361625448 -0.131923343 -0.0441145837 -0.990277807 -7.0454432
-0.990164961 0.0594683017 0.126636768 11.9543627 0.053451003 0.997297842 -0.0503984649 -0.371418541 -0.129291686 -0.0431339318 -0.990668019 -7.20224401
-0.990472108 0.0605568887 0.123684543 11.9746892 0.0548164546 0.997278523 -0.0493021602 -0.380863271 -0.126333524 -0.0420524664 -0.991096075 -7.35917524
-0.990740539 0.0618270922 0.120874296 11.9943263 0.0561881281 0.997191431 -0.0495191326 -0.390194641 -0.123596436 -0.0422689117 -0.991431924 -7.51654276
-0.991084326 0.0618313238 0.118020105 12.0138137 0.0562251491 0.997152406 -0.0502574477 -0.399769727 -0.120791516 -0.0431736707 -0.991738596 -7.67404738
-0.991444227 0.0613561078 0.115211863 12.0329052 0.0558409964 0.997161512 -0.0505044838 -0.409507886 -0.117983594 -0.0436388337 -0.99205621 -7.83198291
-0.991793917 0.0614082258 0.112133208 12.0514356 0.0558779413 0.997092168 -0.0518156822 -0.419144254 -0.114989053 -0.0451247056 -0.992341312 -7.98994096
-0.992151076 0.0613641145 0.108952685 12.069633 0.0558593396 0.997037335 -0.0528799211 -0.429225273 -0.111874824 -0.0463788456 -0.992639424 -8.14815339
-0.992572912 0.059234208 0.106255934 12.0874285 0.0537651139 0.997112958 -0.0536196003 -0.439485681 -0.109125283 -0.0475085004 -0.992892046 -8.30639678
-0.992870249 0.0602726002 0.102839109 12.104923 0.0549164995 0.997021857 -0.0541441987 -0.449114943 -0.105796251 -0.0481106002 -0.9932233 -8.46402483
-0.993078188 0.061626782 0.0999892579 12.1215806 0.0565509944 0.997001006 -0.0528297208 -0.459605433 -0.102945116 -0.0468095515 -0.993585008 -8.62290189
-0.993332978 0.0619120362 0.0972445113 12.1378903 0.0571036735 0.997040277 -0.0514767537 -0.469743525 -0.100143725 -0.0455805382 -0.993928392 -8.78152669
-0.993701046 0.0609242093 0.0940556843 12.1537612 0.0562910219 0.997103127 -0.0511534448 -0.479740881 -0.0968997001 -0.045536741 -0.994251906 -8.94099201
-0.994084299 0.0597603246 0.0906923973 12.1692922 0.0552036707 0.997122844 -0.0519479328 -0.489215888 -0.0935358865 -0.0466340711 -0.994523153 -9.09958161
-0.994510154 0.05813875 0.0870025278 12.1843294 0.0537879153 0.997221116 -0.0515451836 -0.499297877 -0.0897575304 -0.0465825239 -0.994873688 -9.25911364
-0.994886898 0.0572414379 0.0832074376 12.198752 0.0531102063 0.997283196 -0.0510444247 -0.509353478 -0.0859032355 -0.0463642652 -0.99522409 -9.41892719
-0.995229032 0.0567955253 0.0793312242 12.2124305 0.0528210065 0.997283777 -0.0513323334 -0.519340355 -0.0820311898 -0.0468970734 -0.995525765 -9.57842177
-0.995572046 0.0562229904 0.0753344256 12.2254983 0.0524571187 0.997316489 -0.0510692738 -0.529035565 -0.0780035322 -0.0468913145 -0.995849714 -9.73786319
-0.995949746 0.0551582501 0.0710047262 12.2380365 0.0516320804 0.997384746 -0.050574661 -0.539119488 -0.0736086407 -0.046703699 -0.99619302 -9.8975417
-0.996292643 0.0543272612 0.0667047089 12.2500557 0.0509986779 0.997414576 -0.0506290284 -0.549049593 -0.0692827854 -0.0470394766 -0.996487423 -10.0569396
-0.996563424 0.0545170738 0.0623637002 12.2612129 0.0513547576 0.99736539 -0.0512344439 -0.558756024 -0.0649925481 -0.0478557002 -0.996737579 -10.2161408
-0.996768119 0.0549045732 0.0586413312 12.2715689 0.0519266511 0.997339947 -0.0511532346 -0.568858851 -0.0612938887 -0.0479428655 -0.996967673 -10.3759142
-0.997013214 0.0547029077 0.0545182802 12.2813643 0.0519371357 0.997351392 -0.0509188948 -0.578855121 -0.0571592943 -0.0479352877 -0.99721363 -10.5356399
-0.997297715 0.0535464607 0.0502995456 12.2907291 0.0509432689 0.99736331 -0.0516837596 -0.588644907 -0.0529344037 -0.0489816721 -0.997395982 -10.6959325
-0.997470473 0.0540727632 0.0461388342 12.2991977 0.0516793571 0.997330855 -0.0515791616 -0.598466994 -0.0488047108 -0.0490642654 -0.997602525 -10.8561028
-0.997608943 0.0546805253 0.0422662721 12.3070503 0.0524717058 0.997282579 -0.0517124487 -0.608276848 -0.0449790807 -0.0493710179 -0.9977672 -11.0167111
-0.9976934 0.0560402301 0.0383062994 12.3142916 0.0540097763 0.997178698 -0.0521304958 -0.618240503 -0.0411196307 -0.049941337 -0.997905326 -11.1775737
-0.997704119 0.0582671822 0.0345170398 12.3207918 0.0563908565 0.996998708 -0.0530438192 -0.628267364 -0.0375041579 -0.0509755915 -0.997995455 -11.3386725
-0.997735602 0.0595657936 0.0312343378 12.3267931 0.0578553053 0.996913353 -0.0530709878 -0.638420395 -0.0342991439 -0.0511437418 -0.998102142 -11.5002947
-0.997724547 0.061384516 0.0278867132 12.3321608 0.0598067529 0.996733741 -0.0542678774 -0.648549437 -0.0311268354 -0.0524765797 -0.998136929 -11.6620842
-0.997697793 0.0631490428 0.0247247459 12.3371825 0.0616894115 0.996528113 -0.05591187 -0.658666289 -0.0281696854 -0.0542578943 -0.998129526 -11.8247256
-0.997710468 0.0641396015 0.0214460495 12.3415425 0.0628583366 0.996457926 -0.05586082 -0.668847954 -0.0249529767 -0.0543848618 -0.998208213 -11.9879129
-0.997768029 0.0643798889 0.0177254354 12.3453611 0.0632841709 0.996385942 -0.0566583439 -0.679012789 -0.0213090325 -0.0554101446 -0.998236265 -12.1517867
-0.997883636 0.0635078599 0.0139642443 12.3488404 0.0626199214 0.996420078 -0.0567959014 -0.689238015 -0.0175212396 -0.0558012607 -0.998288148 -12.3164723
-0.997865274 0.0645466846 0.0099308011 12.3517078 0.0638729167 0.99629895 -0.0575208947 -0.699491054 -0.0136068298 -0.0567637941 -0.998294909 -12.4819676
-0.997948007 0.0637231128 0.00625628964 12.3539265 0.063254808 0.996309797 -0.0580139429 -0.710157321 -0.00993003168 -0.0574991583 -0.998296169 -12.6481648
-0.998067721 0.0620593146 0.00307654587 12.3557172 0.0617740719 0.996377603 -0.0584434454 -0.72086316 -0.00669236156 -0.0581404656 -0.99828598 -12.8150943
-0.997983143 0.0634794831 -3.8573458e-05 12.3566365 0.0633745595 0.99629831 -0.0580804885 -0.731407051 -0.00364848872 -0.057965793 -0.998311903 -12.9830705
-0.997882988 0.0649856639 -0.00253085951 12.357163 0.065024095 0.996250783 -0.0570635055 -0.742234047 -0.00118693902 -0.0571072682 -0.998367343 -13.1515993
-0.997810181 0.0659569944 -0.0049515106 12.3572835 0.0661315729 0.996210989 -0.0564825603 -0.752956607 0.00120732935 -0.056686325 -0.998391308 -13.3208744
-0.997809536 0.0657483624 -0.00729947382 12.3570736 0.0660551958 0.996237544 -0.056102291 -0.763452523 0.00358337611 -0.0564615692 -0.998398343 -13.4909881
-0.997822434 0.0651938854 -0.0100073366 12.3566015 0.0656497853 0.996307847 -0.0553243091 -0.773734861 0.00636358133 -0.0558608163 -0.998418286 -13.661824
-0.9977083 0.0664214265 -0.0128974037 12.3553822 0.0670302156 0.996257856 -0.0545640451 -0.784125729 0.00922491803 -0.0553035164 -0.998426974 -13.8334516
-0.997660952 0.0665681492 -0.015534026 12.3538729 0.0673170336 0.99626498 -0.0540787087 -0.794455482 0.0118760865 -0.0549979206 -0.998415839 -14.0056308
-0.997662346 0.0659139203 -0.0180332646 12.3517869 0.0668151748 0.996246328 -0.0550362359 -0.804995949 0.0143379196 -0.0561124759 -0.998321498 -14.1792027
-0.997651474 0.065234343 -0.0208810216 12.349245 0.0663464571 0.996112938 -0.0579410194 -0.815674621 0.0170201115 -0.0591903252 -0.998101609 -14.3529118
-0.99767409 0.0635244735 -0.0247194371 12.3462273 0.0648638483 0.99621898 -0.0577964064 -0.82664424 0.0209544861 -0.059265375 -0.998022307 -14.5276119
-0.997678717 0.0612607781 -0.0297370796 12.342592 0.0628701983 0.996415565 -0.056598228 -0.83770763 0.0261632375 -0.0583364236 -0.99795408 -14.7030953
-0.997617071 0.0592485071 -0.0353524166 12.338237 0.0611329079 0.996621721 -0.0548444405 -0.848573621 0.0319835351 -0.0568749462 -0.997868876 -14.8791807
-0.99748805 0.0578906228 -0.0408199197 12.3327413 0.0600412635 0.996756234 -0.053591574 -0.859383016 0.0375850598 -0.0559078342 -0.997728258 -15.0561636
-0.997232626 0.0584664407 -0.0459213016 12.3261285 0.0608901797 0.99672115 -0.053285419 -0.869987455 0.0426553237 -0.0559341146 -0.997522881 -15.2334875
-0.996853888 0.0607605656 -0.0508967547 12.3184178 0.0634552385 0.996570178 -0.0531160293 -0.880566724 0.0474948279 -0.056178586 -0.997290433 -15.4119046
-0.996525324 0.0619950503 -0.0556227645 12.3099835 0.0649667248 0.996462428 -0.0533099748 -0.891087926 0.0521210404 -0.0567383687 -0.99702766 -15.5911377
-0.996240615 0.0626090989 -0.059872679 12.300445 0.0657828531 0.996446967 -0.0525933257 -0.90186395 0.0563671287 -0.0563342028 -0.996819545 -15.7700252
-0.995944742 0.0627558432 -0.0644652939 12.2901598 0.0660697728 0.996529751 -0.0506284529 -0.912826358 0.0610643521 -0.0546823488 -0.996634831 -15.9494546
-0.995702039 0.0615388696 -0.0692128374 12.2794038 0.0650209764 0.996668567 -0.0492345331 -0.923455066 0.065952422 -0.0535232113 -0.996386242 -16.1299208
-0.995438933 0.0607689259 -0.073542284 12.2674531 0.0644727006 0.996711754 -0.0490810645 -0.934267581 0.0703178552 -0.0535986722 -0.996083622 -16.309266
-0.99505164 0.0610216632 -0.0784129416 12.2546733 0.0649455474 0.996709322 -0.0485036381 -0.944674021 0.0751951373 -0.0533561961 -0.995740331 -16.4902674
-0.994595801 0.0620212824 -0.0832619578 12.2409335 0.0661297375 0.996678571 -0.0475256194 -0.955334423 0.0800378092 -0.0527748729 -0.995393772 -16.670079
-0.994157257 0.0623400333 -0.088119626 12.2262896 0.0665915447 0.99671211 -0.0461577237 -0.965729549 0.0849524244 -0.051756058 -0.995039897 -16.8498962
-0.9938546 0.0610643159 -0.092326501 12.2111334 0.0654958688 0.996803347 -0.0457534517 -0.975597536 0.089237462 -0.0515192829 -0.994677053 -17.0310215
-0.993485768 0.0606781038 -0.0964582617 12.1949321 0.065205122 0.996879517 -0.0444918023 -0.985759338 0.0934575871 -0.0504915451 -0.994342136 -17.2112569
-0.993124295 0.0609524285 -0.0999446666 12.1778584 0.0655444302 0.99690881 -0.043321502 -0.995667236 0.0969951678 -0.0495744524 -0.994049451 -17.3917868
-0.992935996 0.0585024916 -0.103225802 12.1607266 0.0633053654 0.9970291 -0.0438794316 -1.00518285 0.100352073 -0.0501042143 -0.993689604 -17.5731177
-0.992771618 0.0545849923 -0.10688776 12.1427645 0.0596782686 0.997200837 -0.0450443644 -1.01509646 0.104129818 -0.051097643 -0.993250226 -17.7540878
-0.992539228 0.051266823 -0.110623661 12.1243834 0.0566856165 0.99731299 -0.0464062524 -1.02501061 0.107947313 -0.0523307963 -0.992778357 -17.9353284
-0.99224273 0.0490051999 -0.114249094 12.105215 0.0544057117 0.997520612 -0.0446390841 -1.03517319 0.111778279 -0.0505086099 -0.992448738 -18.1163948
-0.991743735 0.0496688913 -0.118225912 12.0850903 0.0551069234 0.997546373 -0.0431793971 -1.04508842 0.115791157 -0.0493379628 -0.992047465 -18.2978318
-0.991352355 0.049207299 -0.12165176 12.0642468 0.0548794712 0.997535271 -0.0437221515 -1.05470967 0.119200472 -0.0500202421 -0.99160941 -18.4803246
-0.990976945 0.0472256891 -0.125436955 12.0429699 0.0530449876 0.997645834 -0.0434628508 -1.06480484 0.123089093 -0.0497244848 -0.991149106 -18.6614891
-0.990583614 0.045346295 -0.129181337 12.0208363 0.0509517911 0.997882761 -0.0404216542 -1.07476467 0.127074857 -0.0466230488 -0.990796786 -18.8428972
-0.99018616 0.0431856158 -0.132914901 11.9981847 0.0487864214 0.998040774 -0.039172687 -1.08375711 0.130962794 -0.0452726948 -0.990353033 -19.0244804
-0.989714171 0.041953159 -0.136769121 11.9747642 0.0476783864 0.998106715 -0.0388555906 -1.09282089 0.134880063 -0.0449768596 -0.989840619 -19.2053165
-0.989273835 0.0414593978 -0.140065691 11.9507237 0.0473817204 0.99810681 -0.0392143783 -1.10202231 0.138174715 -0.0454303119 -0.98936537 -19.3858344
-0.988816093 0.0414006209 -0.143278477 11.9248806 0.0473668637 0.998136014 -0.0384821678 -1.11096322 0.141418223 -0.0448384389 -0.988933972 -19.56833
-0.988290663 0.0411683041 -0.146924256 11.8999314 0.0471686487 0.998179372 -0.037590683 -1.12035775 0.145109217 -0.0440807396 -0.988433206 -19.7481086
-0.987898041 0.0380746871 -0.150358834 11.8743855 0.0442600483 0.998296836 -0.0380062493 -1.12959329 0.148655672 -0.0442011885 -0.987900676 -19.9271628
-0.987674242 0.027544717 -0.154080756 11.8486881 0.0342621513 0.998566919 -0.0411122147 -1.13896392 0.152727522 -0.0458846137 -0.987202566 -20.1063696
-0.98722189 0.0188242683 -0.158235856 11.8226076 0.0270754373 0.998374544 -0.0501516809 -1.14927674 0.157034582 -0.0537951422 -0.98612688 -20.285215
-0.986442975 0.0281916152 -0.161664747 11.7944782 0.0375381816 0.997777493 -0.0550541575 -1.16094319 0.15975338 -0.0603763876 -0.98530886 -20.4638088
-0.985998447 0.0362756304 -0.162760997 11.7634856 0.0450373953 0.997709674 -0.0504681991 -1.17199022 0.160557455 -0.0570918973 -0.985373949 -20.645469
-0.985542966 0.0371499591 -0.16530258 11.7348962 0.0442213102 0.998248286 -0.0393043964 -1.18222692 0.16355286 -0.0460460681 -0.985459396 -20.8240678
-0.985120695 0.0327706694 -0.168710695 11.7060534 0.03844667 0.998795485 -0.030486589 -1.1903846 0.167508414 -0.0365193342 -0.985194026 -21.0032171
-0.9846088 0.0273967551 -0.172612076 11.6770898 0.0325874047 0.999095731 -0.0273090068 -1.19760689 0.17170781 -0.032513668 -0.984611238 -21.1815462
-0.984015078 0.026367939 -0.17612228 11.6470396 0.0317005572 0.999118121 -0.0275328065 -1.20496481 0.175240978 -0.0326758712 -0.983983174 -21.3598086
-0.983309463 0.0314320176 -0.179205266 11.6157527 0.0373369626 0.998862088 -0.0296728888 -1.21282346 0.178068668 -0.0358686127 -0.98336412 -21.5377971
-0.982678209 0.0353486133 -0.181917602 11.5817854 0.0422574631 0.998519805 -0.034241863 -1.22035569 0.180437926 -0.0413361089 -0.982717396 -21.7151065
-0.981981292 0.0360902378 -0.185499964 11.549666 0.0436494177 0.998367885 -0.0368279168 -1.22920837 0.183868078 -0.0442612907 -0.981953903 -21.8930462
-0.981268993 0.0361886177 -0.189212971 11.5166902 0.0438824355 0.998364921 -0.036630823 -1.23812837 0.187577973 -0.0442478168 -0.981252584 -22.0723338
-0.980528515 0.0373373759 -0.192794583 11.4824436 0.0448830804 0.998381779 -0.0349189502 -1.24666015 0.191178816 -0.0428922412 -0.98061762 -22.2517887
-0.979890807 0.0380777442 -0.195867534 11.4483837 0.045471523 0.998407455 -0.0333900344 -1.25505478 0.194284189 -0.0416249829 -0.98006174 -22.4294129
-0.979379759 0.0387056723 -0.19828555 11.4137218 0.0461959192 0.998377617 -0.0332877074 -1.26344408 0.196675432 -0.04176129 -0.979578873 -22.6071626
-0.979047509 0.0391077261 -0.199841339 11.3773165 0.0466512478 0.99836012 -0.0331772887 -1.27132154 0.198216135 -0.0418049896 -0.979266413 -22.7833221
-0.978627905 0.0399687303 -0.201717437 11.3418641 0.0476101175 0.998315055 -0.0331711747 -1.27985623 0.200051745 -0.0420660281 -0.978881887 -22.9610007
-0.978257865 0.0416765468 -0.203161549 11.3056885 0.0490103153 0.998310858 -0.0311996894 -1.28820138 0.201518085 -0.0404783531 -0.978648029 -23.1388389
-0.977523538 0.0459726949 -0.20575287 11.2325811 0.05257819 0.998258483 -0.0267494961 -1.30317077 0.204164801 -0.0369663755 -0.978238325 -23.491529
-0.977237219 0.0444342185 -0.20744401 11.1962103 0.0513219986 0.998291314 -0.0279375277 -1.3104512 0.205848171 -0.0379480331 -0.97784788 -23.6681542
-0.977002663 0.0399686063 -0.209447624 11.1597937 0.0475718674 0.998374525 -0.0313882898 -1.31809625 0.207852626 -0.0406302573 -0.977315951 -23.8444012
-0.976774829 0.0367141066 -0.211099523 11.1227801 0.0446568325 0.998457836 -0.0329805695 -1.32612104 0.20956312 -0.0416416262 -0.976908017 -24.0211339
-0.976507292 0.036507781 -0.212369234 11.0852284 0.0443823321 0.998488116 -0.0324297697 -1.33421937 0.210864217 -0.0410933484 -0.976651227 -24.1957763
-0.976288662 0.034542964 -0.213698928 11.0474446 0.042460883 0.998567041 -0.0325720556 -1.34230405 0.212267571 -0.0408735737 -0.976356405 -24.3729835
-0.976117445 0.0315906504 -0.214934326 11.009657 0.0397206972 0.998645358 -0.0336112397 -1.35040809 0.213581366 -0.0413458587 -0.976049958 -24.549144
-0.975924831 0.0307732479 -0.215925291 10.9717491 0.0389220796 0.998677589 -0.0335878719 -1.3587401 0.214606141 -0.0411834996 -0.975832016 -24.7252894
-0.975748635 0.0317874263 -0.216573685 10.9327847 0.0394697342 0.998732349 -0.0312383669 -1.36701276 0.215306158 -0.0390288997 -0.975766367 -24.9034208
-0.975754272 0.0348548195 -0.216075779 10.8943895 0.0417834882 0.998745964 -0.0275797078 -1.37455034 0.214843527 -0.0359394175 -0.975986996 -25.0784067
-0.975822103 0.0404729519 -0.214786319 10.8556574 0.0462825021 0.998684202 -0.0220860945 -1.38128313 0.213609814 -0.0314929474 -0.976411308 -25.2545885
-0.976053942 0.045007233 -0.21282164 10.8172323 0.0499681099 0.998588847 -0.0179861868 -1.38704198 0.211711808 -0.0281897837 -0.976925507 -25.4298432
-0.976756856 0.038788543 -0.210811509 10.779783 0.0439677886 0.998834035 -0.0199349744 -1.39252007 0.209792462 -0.0287405388 -0.977323439 -25.6058363
-0.977239097 0.0305273766 -0.209932908 10.7429445 0.0366483373 0.999007211 -0.0253277049 -1.39874405 0.2089513 -0.0324449155 -0.977387682 -25.7816362
-0.977816362 0.0254683109 -0.207909903 10.7064768 0.0317282928 0.999136373 -0.0268295445 -1.40584253 0.207047043 -0.0328309939 -0.977779959 -25.9569617
-0.978543696 0.0235584165 -0.204688145 10.6698909 0.0299788376 0.999149198 -0.0283222535 -1.4129622 0.203846769 -0.0338508752 -0.978417402 -26.1330091
-0.979222453 0.0255694112 -0.201170557 10.6336962 0.0317790494 0.999111054 -0.0276982749 -1.42008933 0.200283499 -0.0335157817 -0.979164548 -26.3089478
-0.979918891 0.0264219002 -0.197638181 10.5976927 0.032458637 0.999098337 -0.0273669541 -1.42682896 0.196736891 -0.0332324613 -0.979892953 -26.488051
-0.980622996 0.0233244914 -0.194510943 10.5630364 0.0298260506 0.999087729 -0.0305633086 -1.43405993 0.193620623 -0.0357725765 -0.98042408 -26.6636768
-0.981127342 0.0165563751 -0.192652601 10.5290533 0.0227547101 0.999290695 -0.030005495 -1.44174347 0.19201917 -0.0338229656 -0.980808159 -26.8411187
-0.98143828 0.00819433586 -0.19160312 10.4958791 0.0140479414 0.999474512 -0.0292122465 -1.44932539 0.19126306 -0.0313616463 -0.981037659 -27.0174088
-0.981554319 0.000961249775 -0.191181054 10.4630231 0.00697729035 0.999501304 -0.0307970845 -1.45694903 0.191056109 -0.031562937 -0.981071529 -27.19419
-0.981701136 -0.000912948401 -0.19042596 10.4298206 0.00518837757 0.999489043 -0.0315393872 -1.46469675 0.190357454 -0.031950254 -0.981194793 -27.3701013
-0.981912745 0.00178312264 -0.189325597 10.3961952 0.00760948309 0.999519376 -0.0300518412 -1.47287263 0.189181017 -0.0309489558 -0.981454383 -27.5518639
-0.982320664 0.00381728123 -0.187167147 10.3628222 0.00911764746 0.99958115 -0.0274662045 -1.48023307 0.186983906 -0.0286871443 -0.981944024 -27.7279681
-0.982644856 0.00238246612 -0.185481563 10.3301379 0.00731291819 0.999637731 -0.0259022963 -1.48715015 0.185352658 -0.0268091697 -0.982306297 -27.904555
-0.982857635 -0.000188474148 -0.184366033 10.2977718 0.00493471185 0.999614316 -0.0273288989 -1.49391287 0.184300077 -0.0277702102 -0.982477632 -28.0810478
-0.983056929 -0.00172299309 -0.183292406 10.2656178 0.00374364005 0.999558523 -0.0294744548 -1.50102553 0.183262271 -0.0296612478 -0.982616482 -28.2575721
-0.983301671 -0.00105806724 -0.181979955 10.2335139 0.00461632704 0.999516292 -0.0307550222 -1.50856815 0.18192447 -0.0310815437 -0.982821156 -28.4344062
-0.983573233 0.00129187813 -0.180504921 10.2017301 0.00679081308 0.999531335 -0.0298495425 -1.51626298 0.180381762 -0.0305849862 -0.98312104 -28.6102081
-0.983837117 0.00308193088 -0.179039183 10.1698139 0.00829164193 0.999563465 -0.0283571422 -1.52361393 0.178873631 -0.0293833379 -0.983433192 -28.7872598
-0.984065063 0.00329598064 -0.177778198 10.1383415 0.00843273622 0.999568243 -0.0281463283 -1.53086921 0.177608671 -0.029196975 -0.983667981 -28.9642385
-0.984263657 0.00271277899 -0.1766853 10.1077516 0.00775288716 0.999582276 -0.0278418141 -1.53812144 0.176535965 -0.0287735069 -0.983873538 -29.1387117
-0.984407824 0.00290741125 -0.175877182 10.0769506 0.00770980391 0.999615674 -0.0266282265 -1.54515871 0.175732168 -0.0275690131 -0.984051906 -29.3146714
-0.984563727 0.00261484246 -0.175006942 10.0463911 0.00725092968 0.999639362 -0.0258567051 -1.55200336 0.174876217 -0.026726537 -0.984227616 -29.4912566
-0.984701299 0.001595884 -0.174243523 10.0157485 0.00645661561 0.999605534 -0.0273329144 -1.55893243 0.17413117 -0.0280397797 -0.984323172 -29.6678399
-0.984801116 0.00171207703 -0.173677377 9.98443681 0.00679715731 0.999565294 -0.0286883383 -1.56677304 0.173552761 -0.02943282 -0.984384655 -29.845716
-0.984898394 0.00225995148 -0.173118589 9.95433457 0.00722547296 0.999580184 -0.0280579574 -1.57408438 0.172982501 -0.0288851008 -0.984501247 -30.022175
-0.984993781 0.0018368553 -0.172580061 9.92440717 0.00654636209 0.999621425 -0.026723632 -1.58118426 0.172465639 -0.0274523829 -0.984632911 -30.1983882
-0.985019782 0.000611370456 -0.172440295 9.89469447 0.00521083367 0.999642579 -0.0262213789 -1.58807018 0.17236263 -0.0267271346 -0.984670901 -30.3744505
-0.984975993 7.46111777e-05 -0.172691306 9.86477886 0.00463335612 0.999651328 -0.025995283 -1.59480867 0.172629154 -0.02640487 -0.984632905 -30.5507173
-0.984915504 9.27412908e-05 -0.173035952 9.83504134 0.00473164777 0.99964035 -0.026396626 -1.60172023 0.172971271 -0.0268171914 -0.984561718 -30.7271763
-0.984886619 0.000625262869 -0.173199184 9.80488732 0.00531172848 0.99963215 -0.0265960689 -1.60864272 0.173118843 -0.0271140994 -0.984527649 -30.9043469
-0.98484345 0.000602651021 -0.173444562 9.77489552 0.00502076137 0.999673964 -0.025035143 -1.61556982 0.173372926 -0.0255265203 -0.984525381 -31.0812291
-0.984784078 -8.35012496e-05 -0.173782372 9.74510707 0.00406170974 0.999715654 -0.0234971162 -1.62217203 0.17373492 -0.0238454395 -0.984503719 -31.257429
-0.984722242 -0.000663316194 -0.174131176 9.71494251 0.00345494672 0.999721471 -0.0233461602 -1.62852937 0.174098161 -0.0235910972 -0.984445677 -31.43444
-0.984694605 -0.00141916602 -0.174282877 9.68373491 0.00275586919 0.999715052 -0.0237111713 -1.63554797 0.174266865 -0.0238285633 -0.984410107 -31.6143772
-0.984691204 -0.00127452585 -0.17430321 9.65345863 0.00306133009 0.999692582 -0.0246042447 -1.64199246 0.174280985 -0.024761183 -0.98438459 -31.7907942
-0.984717165 -0.000399865265 -0.174160689 9.62319636 0.00393573356 0.999690901 -0.0245481693 -1.64867139 0.174116672 -0.0248584537 -0.984411216 -31.9674379
-0.984755246 -0.000367224661 -0.173945307 9.59274372 0.00390000444 0.999699782 -0.024189582 -1.65544594 0.173901968 -0.0244992052 -0.984458173 -32.1438806
-0.984770146 -0.000604973017 -0.173860271 9.56244858 0.00373944983 0.999688918 -0.0246593621 -1.66226237 0.173821104 -0.0249339454 -0.984461539 -32.3204422
-0.984791654 -0.00150362822 -0.17373295 9.53217958 0.00294040956 0.999675086 -0.0253194945 -1.66897634 0.173714572 -0.0254452729 -0.98446726 -32.4973528
-0.98481258 -0.00151992123 -0.173614145 9.50199468 0.00277718506 0.999695843 -0.0245052944 -1.67571538 0.173598585 -0.0246152808 -0.984508821 -32.6746428
-0.984884976 -0.00129888874 -0.173204783 9.47173284 0.00276627638 0.999726394 -0.0232268263 -1.68239347 0.173187562 -0.0233548846 -0.984611912 -32.8516361
-0.984941265 -0.00107106086 -0.172885964 9.44149812 0.00272940162 0.999759862 -0.021743257 -1.68866501 0.172867735 -0.0218877063 -0.98470182 -33.0286502
-0.984988699 -0.000748432406 -0.172617214 9.41154222 0.0031943654 0.999740334 -0.0225623609 -1.69488971 0.172589278 -0.022775073 -0.98473054 -33.2045013
-0.985035363 0.000274268163 -0.172352135 9.38139179 0.00427991441 0.999729289 -0.0228698829 -1.70103595 0.172299205 -0.0232652957 -0.984769877 -33.3811798
-0.985081262 0.000876928144 -0.172087588 9.35152963 0.00478516325 0.999739934 -0.0222972186 -1.70727682 0.172023281 -0.0227880395 -0.984829273 -33.5578991
-0.985112341 0.000394025531 -0.171911374 9.32177193 0.00417560778 0.99975719 -0.0216362235 -1.71338748 0.171861107 -0.0220319452 -0.984874791 -33.7344782
-0.98510661 -0.000404241328 -0.171944185 9.29203431 0.00337298389 0.999759379 -0.021675015 -1.71958601 0.171911574 -0.0219321655 -0.98486821 -33.9112619
-0.985054151 -0.000443776644 -0.172244369 9.26185177 0.00343392185 0.999747338 -0.0222141572 -1.72648015 0.172210708 -0.0224736214 -0.984803741 -34.0891088
-0.985050706 -0.00058751475 -0.172263637 9.2318741 0.00307694734 0.999774644 -0.0210046158 -1.73247921 0.172237157 -0.0212206577 -0.984826911 -34.2660068
-0.985017554 -0.000667468659 -0.172452815 9.20180527 0.00267666465 0.99981288 -0.0191583155 -1.73832097 0.172433333 -0.0193328754 -0.98483145 -34.4427825
-0.984935491 -0.00154694437 -0.172915253 9.17188041 0.00168151309 0.999827026 -0.0185227078 -1.74377671 0.172913997 -0.0185344316 -0.984762522 -34.618855
-0.984865023 -0.00250641993 -0.173304949 9.14158268 0.00107098209 0.999788342 -0.0205456466 -1.74933942 0.173319763 -0.0204202952 -0.984653884 -34.7964062
-0.984801093 -0.00304287741 -0.173659287 9.11109668 0.00102636115 0.999727112 -0.0233377017 -1.75545756 0.173682911 -0.0231612313 -0.984529229 -34.9728265
-0.984793464 -0.00277836723 -0.173706979 9.08069558 0.00137760811 0.999715789 -0.023800063 -1.76200832 0.173723735 -0.0236774466 -0.984509747 -35.150959
-0.984803624 -0.00173207051 -0.173662953 9.05014548 0.00195025379 0.999776922 -0.0210309745 -1.76813559 0.17366064 -0.0210500667 -0.984580559 -35.327545
-0.984801108 -0.000592767228 -0.173684848 9.01965741 0.00278682563 0.999811516 -0.0192136764 -1.773964 0.173663501 -0.0194056792 -0.984613837 -35.5047244
-0.984806538 -8.16877476e-05 -0.173655047 8.98914647 0.0033523337 0.999804596 -0.0194815641 -1.77956311 0.173622706 -0.0197677213 -0.984613829 -35.6825519
-0.984794517 2.9488839e-05 -0.173723222 8.95868248 0.0035948422 0.999789323 -0.0202085721 -1.78528935 0.173686027 -0.0205257986 -0.98458715 -35.859443
-0.984800247 0.000668662139 -0.173689451 8.92814929 0.00433161468 0.999776123 -0.0207108879 -1.79110425 0.173636718 -0.0211484433 -0.98458267 -36.0362854
-0.984822656 0.00177030103 -0.17355461 8.89782051 0.00532045765 0.999785974 -0.0199924686 -1.79688061 0.173482072 -0.020612426 -0.984621297 -36.2129714
-0.984856908 0.00272535946 -0.173347755 8.86735047 0.00606728303 0.999805761 -0.0187517601 -1.80275474 0.173262979 -0.0195195504 -0.984682145 -36.3904378
-0.984906988 0.00241323097 -0.173067621 8.83719582 0.00559307573 0.999824351 -0.0178881079 -1.80838837 0.172994054 -0.0185861028 -0.984747488 -36.5671747
-0.98492262 0.00248208972 -0.172977664 8.80706881 0.00569358986 0.999820472 -0.0180722832 -1.81390362 0.172901752 -0.0187846644 -0.98475993 -36.744194
-0.985010923 0.00348322278 -0.172456802 8.77719558 0.00665063407 0.99981959 -0.0177920081 -1.81940136 0.172363716 -0.0186722694 -0.984856383 -36.9202433
-0.985083574 0.00415054675 -0.172026525 8.74710131 0.00711692639 0.999836373 -0.016630573 -1.82466761 0.171929351 -0.0176068044 -0.984951927 -37.0969213
-0.985163539 0.00266551136 -0.171597484 8.71728696 0.00548262902 0.999857836 -0.0159451859 -1.82975007 0.171530587 -0.0166494212 -0.985038098 -37.2729192
-0.985209503 0.00120087644 -0.171349914 8.68764779 0.00387568448 0.999875795 -0.0152765405 -1.83493651 0.171310287 -0.015714691 -0.98509179 -37.4497565
-0.985305916 0.000869762474 -0.170796648 8.65785506 0.00372531369 0.999858584 -0.0163992337 -1.84004444 0.170758231 -0.0167945331 -0.985169818 -37.6267974
-0.985394801 0.00277162871 -0.170262751 8.62788862 0.00578439775 0.999835314 -0.0172013149 -1.84550655 0.170187036 -0.0179349538 -0.985248553 -37.8067453
-0.985605558 0.00374054275 -0.169019799 8.5983022 0.00679483851 0.999823847 -0.0174958601 -1.85099293 0.168924581 -0.0183924792 -0.985457357 -37.9824945
-0.98573647 0.00402769747 -0.168247997 8.56894186 0.00691691126 0.999838454 -0.0165898253 -1.85646807 0.168153998 -0.0175169523 -0.985605088 -38.1578932
-0.985864401 0.00426235012 -0.16749094 8.5397133 0.0069374845 0.9998575 -0.0153899445 -1.86163739 0.167401475 -0.0163343642 -0.985753486 -38.334266
-0.985972499 0.00431340139 -0.166852107 8.51073738 0.00713115735 0.999841841 -0.0162923075 -1.86691942 0.166755443 -0.0172536158 -0.985847318 -38.5103004
-0.986109477 0.00348006939 -0.166060198 8.48171082 0.00632887242 0.999841696 -0.0166291659 -1.87207779 0.165976039 -0.0174491519 -0.985975396 -38.6872456
-0.986226573 0.00293108542 -0.165373987 8.45298449 0.00579944917 0.999840965 -0.0168645121 -1.87745288 0.165298255 -0.017591308 -0.986086727 -38.8636434
-0.986366765 0.00233222588 -0.164545333 8.42433081 0.00507961332 0.999854601 -0.0162780368 -1.88271707 0.164483444 -0.0168919412 -0.986235195 -39.0397921
-0.986448988 0.00180964251 -0.16405828 8.39592896 0.00452613685 0.999858757 -0.0161858104 -1.88789197 0.164005817 -0.0167090265 -0.98631785 -39.2158636
-0.986527372 0.000460892276 -0.163595633 8.36784361 0.00310220786 0.999868929 -0.0158902842 -1.89292278 0.163566867 -0.016183708 -0.986399497 -39.3914788
-0.986576839 -0.00102659379 -0.16329448 8.33962041 0.00162876031 0.999868634 -0.0161264246 -1.89825255 0.163289584 -0.0161759246 -0.986445564 -39.5701773
-0.986552373 -0.00203596234 -0.163432771 8.311495 0.000821325628 0.999848036 -0.0174134824 -1.90346422 0.163443389 -0.017313544 -0.986400781 -39.7457108
-0.986521984 -0.00110010438 -0.163625077 8.28318052 0.00168016985 0.999856577 -0.0168523747 -1.90877545 0.163620148 -0.016900156 -0.986378645 -39.9219183
-0.986497014 -0.000631187712 -0.163778029 8.25490244 0.00187859458 0.99988318 -0.0151689573 -1.91380737 0.163768471 -0.0152718036 -0.986380586 -40.0980177
-0.986419929 -0.0014553757 -0.16423643 8.22641272 0.000905715513 0.999897334 -0.0143003724 -1.91890636 0.164240381 -0.0142549238 -0.98631734 -40.2760814
-0.986374841 -0.00256283235 -0.16449348 8.19831227 1.67732476e-05 0.99987708 -0.0156788101 -1.92370034 0.164513443 -0.0154679429 -0.986253553 -40.4519579
-0.986353491 -0.00245696672 -0.16462307 8.17004224 0.000462270953 0.999843374 -0.0176922012 -1.92879733 0.164640754 -0.0175268649 -0.986197866 -40.6275296
-0.986391866 -0.00230157331 -0.164395222 8.14159555 0.00085550541 0.999816623 -0.0191308166 -1.93425128 0.164409106 -0.0190111229 -0.986209016 -40.8035703
-0.98641172 -0.00175688824 -0.164282783 8.11310761 0.00136412563 0.999820768 -0.0188830673 -1.93989382 0.164286514 -0.0188505813 -0.986232527 -40.9796005
-0.986421006 -0.00118814936 -0.164232117 8.08467159 0.00172723295 0.999843481 -0.0176076538 -1.94539922 0.164227332 -0.0176522267 -0.98626456 -41.1555173
-0.986433232 -0.000509473361 -0.164162175 8.05604458 0.00224258622 0.999860052 -0.0165785062 -1.95049591 0.164147647 -0.0167217373 -0.98629404 -41.3329337
-0.986462369 -0.000313482028 -0.16398749 8.0274683 0.00234022649 0.99986943 -0.015988942 -1.95544958 0.163971091 -0.0161562574 -0.986332833 -41.5088679
-0.986504699 -0.000598943256 -0.163731854 7.99915199 0.00214781665 0.99985993 -0.016598423 -1.96062948 0.163718862 -0.0167260883 -0.986365233 -41.684895
-0.986561222 -0.000972973432 -0.163389132 7.97096636 0.00188116565 0.999848354 -0.017312724 -1.96572627 0.1633812 -0.0173874242 -0.986409783 -41.8603888
-0.986603109 -0.000639438704 -0.163137661 7.94287819 0.00215216597 0.999854282 -0.0169346499 -1.97098871 0.163124717 -0.0170588775 -0.986457967 -42.0364557
-0.986665741 -0.000399172904 -0.162759195 7.91463976 0.00230493535 0.999862444 -0.0164249936 -1.97626873 0.162743363 -0.0165811279 -0.986529099 -42.2119307
-0.986708123 -0.00101556571 -0.162499381 7.88675839 0.00160955495 0.999870341 -0.016022184 -1.98142832 0.162494583 -0.0160707708 -0.986578553 -42.3876169
-0.986777576 -0.00122039956 -0.162075682 7.85724994 0.00138772189 0.999871384 -0.0159778161 -1.9865427 0.162074336 -0.0159914666 -0.986648966 -42.5684172
-0.986817367 -0.0015594765 -0.161830318 7.82969007 0.00125291859 0.999849988 -0.0172751584 -1.99182185 0.161832982 -0.0172501865 -0.986667379 -42.7430029
-0.986908284 -0.00150416439 -0.161275469 7.80207096 0.00123482 0.999856732 -0.0168816931 -1.9973278 0.161277756 -0.0168598289 -0.986765034 -42.9178191
-0.986991122 -0.000821458372 -0.160772669 7.77417757 0.00179371557 0.999868448 -0.016120474 -2.00252617 0.160764762 -0.0161991452 -0.986859807 -43.0934534
-0.987074043 -0.000717397821 -0.160263283 7.74675934 0.0018120822 0.999876099 -0.0156365712 -2.00770514 0.160254644 -0.0157248638 -0.986950443 -43.2679116
-0.987142553 -0.000692646627 -0.159840857 7.71932842 0.00203637041 0.999854961 -0.0169089062 -2.01305196 0.159829385 -0.017016996 -0.986997968 -43.4413625
-0.987230597 -0.000312149674 -0.159297366 7.69209668 0.00264876142 0.999827663 -0.0183746554 -2.01851916 0.159275648 -0.0185619627 -0.987059634 -43.6159864
-0.987332985 0.000434127185 -0.158661238 7.66465698 0.00332013917 0.999833819 -0.0179251587 -2.02410315 0.158627089 -0.0182248779 -0.98717035 -43.790916
-0.98741811 0.00137346626 -0.158125234 7.63711526 0.00404570825 0.999854376 -0.0165788803 -2.02892602 0.158079437 -0.0170100152 -0.987279875 -43.9693762
-0.987541594 0.00158981378 -0.15735016 7.61003978 0.00413993791 0.99986533 -0.0158802584 -2.03413766 0.157303723 -0.0163338356 -0.987415183 -44.1439622
-0.987585691 0.00131965563 -0.157075654 7.58318192 0.00379744176 0.999873037 -0.0154754159 -2.03922436 0.157035289 -0.015879785 -0.987465316 -44.3183972
-0.987666705 0.00100263405 -0.156567794 7.55640405 0.00343512441 0.999877559 -0.0152665287 -2.04434074 0.156533317 -0.015616072 -0.987549219 -44.4924767
-0.987769435 0.000888567472 -0.15591906 7.52911185 0.00339315472 0.999869447 -0.0157979599 -2.04921959 0.155884667 -0.0161337994 -0.987643494 -44.6686062
-0.987847154 0.000550099131 -0.155427466 7.50248634 0.00324534289 0.999848729 -0.0170876286 -2.05443372 0.155394555 -0.0173843807 -0.987699507 -44.8433097
-0.987916959 0.000415651544 -0.15498358 7.47601079 0.00321301143 0.999836417 -0.0177993367 -2.05971944 0.154950829 -0.0180822306 -0.987756687 -45.017955
-0.987945332 0.000101209072 -0.154803133 7.44950664 0.0028915933 0.999837381 -0.0178003083 -2.06515468 0.154776157 -0.0180333592 -0.987784966 -45.1931236
-0.987939275 -0.000370434406 -0.154841374 7.42261058 0.00237249983 0.999843535 -0.0175293085 -2.07051176 0.15482364 -0.0176852535 -0.987783819 -45.3699867
-0.987882439 -0.000921324059 -0.155201285 7.39619912 0.00183745609 0.999842872 -0.0176311034 -2.07597101 0.155193142 -0.0177026329 -0.987725521 -45.5449345
-0.987833265 -0.00181695247 -0.155506072 7.36986973 0.000883396036 0.999850057 -0.0172940386 -2.081495 0.155514177 -0.0172210001 -0.987683541 -45.7200478
-0.987748692 -0.0026927933 -0.15602971 7.34346138 0.000126558234 0.999836959 -0.0180565739 -2.08698669 0.156052893 -0.0178551041 -0.987587307 -45.8948858
-0.987662361 -0.00293236229 -0.156570949 7.31722522 -3.18139463e-05 0.999828402 -0.0185247499 -2.09173025 0.156598403 -0.0182912171 -0.987492973 -46.0687329
-0.987582334 -0.00251774257 -0.157082127 7.29043588 0.000268166041 0.9998431 -0.0177116495 -2.09730705 0.157102074 -0.0175338363 -0.987426708 -46.2446054
-0.987510865 -0.00179550614 -0.157540687 7.26344028 0.000874255607 0.999857215 -0.016875556 -2.10266563 0.157548493 -0.0168025257 -0.987368294 -46.420283
-0.987425351 -0.000796478621 -0.158083968 7.23590108 0.00180687738 0.999865126 -0.0163237788 -2.10793914 0.158075648 -0.0164041514 -0.987290734 -46.5972968
-0.987386674 -0.000890134378 -0.15832487 7.2087581 0.00164812114 0.99987223 -0.0158999246 -2.11305992 0.158318794 -0.0159603122 -0.987259048 -46.7731833
-0.987329119 -0.00129693971 -0.158680588 7.18130485 0.00141190284 0.999855221 -0.0169571134 -2.11816278 0.158679607 -0.0169662934 -0.987184343 -46.9496134
-0.98736757 -0.000819318126 -0.158444347 7.15399618 0.0020134208 0.999841013 -0.0177170995 -2.12343506 0.158433673 -0.0178123046 -0.987208941 -47.1254234
-0.987426753 0.00078274006 -0.158075283 7.12670679 0.00366172192 0.999832677 -0.0179223029 -2.12883426 0.158034805 -0.0182757891 -0.9872644 -47.3012244
-0.987512744 0.00218108025 -0.157524041 7.09959197 0.00510245395 0.999822372 -0.018143551 -2.13434024 0.157456488 -0.018720747 -0.987348463 -47.4767883
-0.987625696 0.00320200358 -0.156796786 7.07266993 0.0060341931 0.999827073 -0.0175901201 -2.13899069 0.156713348 -0.0183185967 -0.98747423 -47.6494901
-0.987694821 0.00362096622 -0.15635162 7.04543078 0.00643827029 0.999825848 -0.0175163558 -2.14464264 0.156260965 -0.0183074479 -0.987546125 -47.8258122
-0.987789737 0.0030256496 -0.155763541 7.018436 0.00593703446 0.999816207 -0.0182292222 -2.15027172 0.155679757 -0.0189314122 -0.987626151 -48.0020387
-0.987871794 0.00202176799 -0.155258597 6.99178029 0.00499796284 0.999811123 -0.0187813135 -2.15581979 0.155191301 -0.0193295065 -0.987695312 -48.1770758
-0.987943372 0.00140065544 -0.154809339 6.96509894 0.00449664188 0.999796801 -0.0196503437 -2.1615904 0.154750358 -0.020109549 -0.987748922 -48.3525063
-0.988035148 0.00130618818 -0.154223343 6.93855637 0.00428434223 0.999810686 -0.0189798752 -2.16744584 0.154169356 -0.0194135294 -0.987853696 -48.5274033
-0.988129374 0.00251646695 -0.15360341 6.91191229 0.00524910689 0.999835051 -0.0173872758 -2.17307663 0.153534318 -0.0179871587 -0.987979592 -48.7027953
-0.988235146 0.00350406846 -0.152901988 6.88547501 0.00605699659 0.999849875 -0.0162338929 -2.17847443 0.152822149 -0.0169690303 -0.988108012 -48.8798759
-0.988328962 0.0041384363 -0.152278482 6.85906281 0.00670581515 0.999843842 -0.0163500532 -2.18385129 0.152187039 -0.0171803825 -0.988202378 -49.0551246
-0.988448881 0.00470261187 -0.151481664 6.83274719 0.00744366657 0.999818577 -0.0175329814 -2.18928817 0.15137173 -0.0184580349 -0.988304558 -49.231368
-0.988596006 0.00464128707 -0.150520416 6.80676103 0.00750196121 0.999801769 -0.0184429591 -2.19452592 0.150404979 -0.019361834 -0.988434855 -49.4049749
-0.98868888 0.00447998274 -0.149914071 6.78073967 0.007508543 0.999778881 -0.0196420578 -2.20022846 0.149792926 -0.0205455203 -0.9885039 -49.5805864
-0.988807548 0.00472864058 -0.14912167 6.75490712 0.00781438079 0.999767161 -0.020113637 -2.20615002 0.148991839 -0.0210538096 -0.988614267 -49.7562622
-0.988942221 0.00525233605 -0.148208287 6.72926732 0.00844945381 0.999744811 -0.0209504204 -2.21213247 0.148060427 -0.0219710343 -0.988734233 -49.9321696
-0.989065755 0.00534105172 -0.147378442 6.7039017 0.00855859986 0.999738486 -0.021206379 -2.2182663 0.147226636 -0.0222358563 -0.988852812 -50.1075464
-0.989214157 0.00393314675 -0.146423638 6.67883727 0.00703142833 0.999762078 -0.0206481516 -2.22242548 0.146307589 -0.0214550112 -0.989006457 -50.2773073
-0.98930124 0.00201181041 -0.145873262 6.65394686 0.00501367872 0.999783108 -0.0202138792 -2.22859985 0.145800957 -0.0207289774 -0.989096755 -50.4534741
-0.989397147 0.00163950184 -0.145226022 6.62908652 0.0047318152 0.999769322 -0.0209502455 -2.23471735 0.145158173 -0.0214152959 -0.989176673 -50.6287362
-0.98951694 0.0029030519 -0.144387665 6.60406617 0.00612244151 0.999742349 -0.0218575157 -2.24091872 0.14428701 -0.0225123871 -0.989279764 -50.8048366
-0.989639892 0.00386774111 -0.143519771 6.5793465 0.00722953126 0.999711396 -0.022909789 -2.24719489 0.143389741 -0.0237100218 -0.98938224 -50.9802929
-0.989688516 0.00407233578 -0.143178409 6.55467013 0.00742527202 0.999710383 -0.0228913711 -2.25361689 0.143043721 -0.0237184657 -0.989432124 -51.1567852
-0.989702629 0.00367279689 -0.143091639 6.53021955 0.00675904936 0.99975477 -0.0210882532 -2.25992391 0.142979096 -0.0218382631 -0.989484749 -51.3328171
-0.98965803 0.00204216571 -0.143432259 6.50576512 0.0049498021 0.999789365 -0.0199179449 -2.26595656 0.143361372 -0.0204219154 -0.989459682 -51.5089196
-0.989598294 0.000436522651 -0.14385766 6.48184107 0.00359951567 0.999757452 -0.0217274338 -2.2702695 0.143813283 -0.0220192493 -0.98935984 -51.6785115
-0.989624102 -0.000151549598 -0.143680598 6.45732752 0.00319930159 0.999728267 -0.0230902045 -2.27660632 0.143645054 -0.0233103004 -0.989354703 -51.8550206
-0.989706184 0.00163421186 -0.143104851 6.4327509 0.00482646995 0.999747138 -0.0219628371 -2.28309089 0.143032773 -0.022427447 -0.989463812 -52.0312195
-0.989822562 0.00411972608 -0.1422474 6.40805554 0.0070971001 0.999766097 -0.0204299506 -2.28900447 0.142129962 -0.0212315701 -0.989620278 -52.2071673
-0.989924204 0.00642691945 -0.14145234 6.38351076 0.00929251718 0.999764576 -0.0196071785 -2.29472224 0.141293025 -0.0207240689 -0.989750875 -52.3834543
-0.990018006 0.00725076551 -0.140754303 6.35922354 0.0103485309 0.999719807 -0.0212888559 -2.30050311 0.140560505 -0.0225329509 -0.989815645 -52.559175
-0.990107674 0.00706811574 -0.140131492 6.33483002 0.0104601235 0.999669486 -0.0234841498 -2.30655878 0.139919188 -0.0247176297 -0.989854363 -52.7357245
-0.990214413 0.00705626094 -0.13937584 6.31104599 0.0107165976 0.99961663 -0.0255293429 -2.31298713 0.139142266 -0.0267731581 -0.989910414 -52.910611
-0.990377152 0.00795996718 -0.138165611 6.28718425 0.0116163281 0.999602786 -0.0256774498 -2.31974437 0.137906338 -0.0270353367 -0.990076226 -53.0866164
-0.990555138 0.00867540953 -0.136840256 6.26125099 0.012110957 0.999631502 -0.0242937138 -2.32633452 0.136579073 -0.0257215295 -0.990295188 -53.2647359
-0.990624761 0.00817027495 -0.136366526 6.23801932 0.0114440399 0.999664402 -0.0232404272 -2.33256846 0.136130881 -0.0245831266 -0.99038581 -53.4400782
-0.990766713 0.00718983504 -0.135386951 6.21497229 0.0105230138 0.999658489 -0.02392012 -2.33886993 0.135168733 -0.0251239375 -0.990504014 -53.6151447
-0.99090222 0.00632887943 -0.134434878 6.19220049 0.00964087844 0.999665476 -0.0239997658 -2.34522964 0.134238014 -0.0250774915 -0.990631755 -53.7907076
-0.991055801 0.00622044131 -0.133303058 6.16969691 0.00951529666 0.999664407 -0.0240942424 -2.35161769 0.133108445 -0.0251471568 -0.990782399 -53.9656906
-0.991189366 0.00573162549 -0.132328339 6.14695848 0.00906598931 0.999656045 -0.0246089247 -2.3580281 0.132141774 -0.0255917918 -0.990900404 -54.1414927
-0.991338437 0.00473888825 -0.131246507 6.12469492 0.0081022193 0.999652013 -0.0251039233 -2.36461091 0.13108187 -0.025949872 -0.99103186 -54.3173835
-0.991410722 0.0055963174 -0.130665454 6.1024397 0.00906189949 0.999622349 -0.0259430498 -2.37124757 0.130470923 -0.0269042949 -0.991087028 -54.492093
-0.991481907 0.00600176275 -0.130106138 6.08049058 0.00935257626 0.999639718 -0.0251587648 -2.37786087 0.129908266 -0.0261612877 -0.991180826 -54.6672096
-0.991498352 0.00522820789 -0.130014169 6.05861072 0.00840961662 0.999678199 -0.0239327421 -2.38437498 0.129847205 -0.0248226436 -0.991223254 -54.8421796
-0.991456185 0.00389492673 -0.130381991 6.03662918 0.00700556438 0.999701456 -0.0234077282 -2.39086764 0.130251895 -0.0241211363 -0.991187477 -55.0173744
-0.991412662 0.00234156906 -0.130749573 6.0148787 0.0055701581 0.999688399 -0.0243326671 -2.39725705 0.130651855 -0.0248520101 -0.991116779 -55.1929023
-0.991367888 0.00142298619 -0.131101811 5.99299634 0.00481376262 0.999661945 -0.0255504063 -2.40389135 0.131021134 -0.0259609453 -0.991039602 -55.3674345
-0.991289577 0.00156082033 -0.131691069 5.97073458 0.00497115824 0.99966063 -0.0255717167 -2.41059414 0.131606464 -0.0260036334 -0.990960922 -55.5426766
-0.991216448 0.00251193389 -0.132225728 5.94847674 0.0059315089 0.999657885 -0.0254741245 -2.41727968 0.132116503 -0.0260346693 -0.990892237 -55.7174213
-0.991130117 0.00368914772 -0.132843824 5.92615784 0.00710612414 0.999655738 -0.0252568456 -2.42404835 0.132704915 -0.025976825 -0.990815124 -55.8914611
-0.991016656 0.00470952168 -0.133655555 5.9036412 0.00807811874 0.999662949 -0.0246724941 -2.43079318 0.13349431 -0.0255305381 -0.990720677 -56.0659475
-0.990968158 0.00509278646 -0.134000645 5.87997191 0.00836714512 0.999679731 -0.0238836089 -2.43733184 0.133836094 -0.0247890987 -0.990693394 -56.2397659
-0.990852419 0.00406934183 -0.134888559 5.85757604 0.00737620397 0.99968415 -0.0240248175 -2.44370491 0.134748189 -0.0248000141 -0.990569475 -56.4132832
-0.990857995 0.00270130777 -0.134881936 5.83516358 0.00623370995 0.999648375 -0.0257733802 -2.45026488 0.134764887 -0.0263785747 -0.990526424 -56.5855506
-0.990865447 0.0022407176 -0.134835626 5.81281037 0.00609900536 0.999583455 -0.0282084902 -2.45712214 0.134716254 -0.0287731814 -0.990466372 -56.7581245
-0.990936089 0.00243398069 -0.134312109 5.79027369 0.00644095863 0.999546772 -0.0294068855 -2.46430454 0.134179659 -0.0300054429 -0.990502646 -56.9309938
-0.99100028 0.00306404952 -0.133824722 5.76800063 0.00699328196 0.999557819 -0.0289008613 -2.47162073 0.133676993 -0.0295766357 -0.990583507 -57.1031864
-0.991091121 0.00341165315 -0.133141842 5.74534565 0.00722596034 0.999576866 -0.0281757824 -2.47883866 0.132989379 -0.0288868454 -0.990696409 -57.2769059
-0.991192726 0.00417364521 -0.132361475 5.72298919 0.00791565246 0.999583343 -0.0277575549 -2.48593328 0.132190476 -0.028560814 -0.990812776 -57.449892
-0.991318632 0.00521317768 -0.131378056 5.70064212 0.00884473841 0.99959431 -0.0270737089 -2.49282356 0.131183617 -0.0280006766 -0.990962573 -57.6235027
-0.9914776 0.00618920799 -0.130130176 5.67838213 0.00980449888 0.999583021 -0.0271598326 -2.49977118 0.129907817 -0.0282042268 -0.991124856 -57.7981287
-0.991663769 0.00676636078 -0.128674725 5.65660007 0.0103056402 0.999586088 -0.0268597417 -2.50649273 0.128439723 -0.0279619081 -0.99132304 -57.9712276
-0.991857094 0.00691832839 -0.127167772 5.63486471 0.0103607864 0.999597008 -0.0264287016 -2.51329969 0.126933682 -0.0275310533 -0.991529062 -58.1446229
-0.992029543 0.00730079909 -0.125793818 5.61350865 0.0106981451 0.999595456 -0.0263528879 -2.52012304 0.125550531 -0.0274886039 -0.991706328 -58.3181698
-0.992204081 0.00756827462 -0.124393662 5.59237437 0.0108333666 0.999613754 -0.0255926157 -2.5268824 0.124151923 -0.0267406999 -0.991902835 -58.4918751
-0.992384866 0.00706750044 -0.122972876 5.57166787 0.0101693003 0.999645303 -0.0246140952 -2.53351466 0.122755298 -0.0256772036 -0.992104741 -58.6651611
-0.992538192 0.00616813844 -0.121778044 5.55113685 0.00914068036 0.999673378 -0.0238659652 -2.54003628 0.12159106 -0.0248010161 -0.992270388 -58.8397601
-0.992672812 0.00487974709 -0.120734736 5.53088178 0.0079043356 0.999666487 -0.0245852977 -2.54639817 0.120574499 -0.0253594845 -0.992380314 -59.0143212
-0.992780757 0.00482998131 -0.119845898 5.51049722 0.00787260501 0.999658266 -0.0249273447 -2.55289035 0.119684544 -0.0256908876 -0.992479515 -59.1900424
-0.992891876 0.00581198877 -0.118877849 5.48941492 0.00885123428 0.999646911 -0.0250541377 -2.55974911 0.11869026 -0.0259282655 -0.99259274 -59.3679564
-0.992941482 0.00590619477 -0.118458139 5.46953887 0.00883669429 0.999667385 -0.0242287281 -2.56606828 0.118275638 -0.0251044876 -0.992663406 -59.5421902
-0.992920162 0.00580727795 -0.11864159 5.44950665 0.00871905111 0.999673016 -0.0240383039 -2.57242057 0.118463198 -0.0249025587 -0.992646127 -59.7170072
-0.992899482 0.00506491332 -0.118848495 5.43000112 0.00772781169 0.999729078 -0.0219556764 -2.57807396 0.118705093 -0.0227182186 -0.992669625 -59.9073227
-0.992885077 0.0034223242 -0.119027355 5.41014046 0.00598137261 0.999758441 -0.0211490721 -2.58404317 0.118926223 -0.021710545 -0.992665707 -60.0808338
-0.992843532 0.0017469851 -0.119409671 5.39026209 0.00438861135 0.999751344 -0.0218630005 -2.58983982 0.119341784 -0.0222305813 -0.992604322 -60.2545159
-0.992847726 0.00104333804 -0.119383018 5.37018107 0.00386216378 0.999719127 -0.0233826851 -2.59580306 0.119325091 -0.0236765225 -0.992572892 -60.4283635
-0.992933599 0.000803423241 -0.118668542 5.35038759 0.00353895929 0.999732801 -0.0228429789 -2.60192446 0.118618482 -0.0231015244 -0.992671132 -60.6009743
-0.992992349 -5.12222646e-05 -0.118178649 5.3304125 0.00252293338 0.999762813 -0.0216321958 -2.60793397 0.118151726 -0.0217787617 -0.992756695 -60.7748239
-0.993043164 -0.000270833868 -0.117750591 5.31050173 0.00244706522 0.999733926 -0.0229366424 -2.61396633 0.117725472 -0.0230652193 -0.992778278 -60.9487206
-0.993099119 0.000204804066 -0.117277866 5.29066028 0.00306701562 0.999701816 -0.0242254366 -2.62013031 0.117237934 -0.0244179528 -0.992803621 -61.1224918
-0.99314743 0.00148320501 -0.116858816 5.27069002 0.00425666402 0.99971507 -0.0234874237 -2.62633424 0.116790683 -0.0238239032 -0.992870766 -61.2972249
-0.993133955 0.00271047807 -0.116951276 5.25043934 0.00525200287 0.999756582 -0.021428788 -2.63226168 0.116864726 -0.0218958854 -0.992906444 -61.4883865
-0.993219032 0.00312263018 -0.116216196 5.21098417 0.00526471194 0.999821787 -0.0181294732 -2.6440704 0.116138873 -0.0186183826 -0.993058467 -61.8390054
-0.993427031 0.00285375407 -0.1144316 5.1720349 0.00500088225 0.99981671 -0.0184807396 -2.65510796 0.114357886 -0.0189315252 -0.993259217 -62.1892981
-0.993756925 0.00696660011 -0.111349186 5.1336009 0.0091336587 0.999778455 -0.0189635861 -2.66649349 0.111192406 -0.0198622204 -0.993600393 -62.5389014
-0.994123836 0.00823212618 -0.107935313 5.09609359 0.0101362043 0.999802333 -0.0171041647 -2.67808435 0.107773174 -0.0180977122 -0.994010772 -62.8903545
-0.994409214 0.00904700649 -0.105206783 5.05987251 0.0106713046 0.999832244 -0.0148864433 -2.6891508 0.105054456 -0.01592591 -0.99433894 -63.239977
-0.994548113 0.00815822358 -0.103959098 5.04293962 0.00974035554 0.999844208 -0.0147202088 -2.69438143 0.103822811 -0.0156525544 -0.994472635 -63.4121731
-0.994824504 0.00626772732 -0.101414604 5.00839763 0.00785000802 0.999853498 -0.0152105435 -2.70472708 0.101304411 -0.0159279269 -0.994727962 -63.7600442
-0.995109524 0.00678373457 -0.0985444869 4.97462574 0.00833033542 0.999848377 -0.0152914705 -2.71500086 0.098425812 -0.0160375966 -0.995015153 -64.1070992
-0.995328195 0.00780235915 -0.0962336134 4.94254095 0.00922203912 0.999854985 -0.014316493 -2.72537276 0.0961079557 -0.0151370792 -0.995255811 -64.4517155
-0.995513774 0.00776858406 -0.0942972683 4.9113195 0.00901389266 0.999877608 -0.0127874442 -2.73492849 0.0941863867 -0.0135800623 -0.995461956 -64.7964813
-0.995668502 0.00670319248 -0.0927324157 4.8807292 0.00798677123 0.999877276 -0.0134775602 -2.7443203 0.0926306925 -0.0141598148 -0.995599847 -65.1399477
-0.995730679 0.00571398247 -0.0921290707 4.86539308 0.00697797604 0.99988582 -0.0134035301 -2.74915602 0.0920419638 -0.0139891806 -0.995656858 -65.3128247
-0.995786503 0.00536371146 -0.0915449161 4.85041449 0.00665149975 0.999883093 -0.0137679875 -2.7539561 0.0914603664 -0.0143188872 -0.995705765 -65.4848704
-0.995822297 0.00579967354 -0.0911280257 4.83535655 0.00713921596 0.999871108 -0.0143804763 -2.75871712 0.091032878 -0.0149709816 -0.995735349 -65.6564143
-0.995845046 0.0067837426 -0.090810926 4.8205143 0.00826704306 0.99983833 -0.0159677704 -2.76344544 0.0906879234 -0.0166521628 -0.99574013 -65.8267735
-0.995876706 0.00789892139 -0.0903725299 4.80558023 0.00930125894 0.999842625 -0.0151066792 -2.76857815 0.090238981 -0.0158849683 -0.99579345 -65.9982196
-0.99590928 0.00860559125 -0.0899480384 4.79065525 0.00971541722 0.999881898 -0.011907978 -2.77337894 0.0898349402 -0.0127331485 -0.995875269 -66.1694439
-0.995915121 0.00704881511 -0.0900188128 4.77474694 0.00817162322 0.999893273 -0.0121105831 -2.77654589 0.0899238402 -0.0127967126 -0.99586643 -66.3545297
-0.995943354 0.00362681668 -0.0899092939 4.76035538 0.00536834702 0.999802485 -0.0191356102 -2.7814833 0.0898221342 -0.0195406481 -0.995766111 -66.5249476
-0.995943703 0.00215191253 -0.0899528232 4.74596725 0.00429695176 0.999710842 -0.0236594215 -2.78740955 0.0898758997 -0.0239499748 -0.995664964 -66.6953616
-0.995963459 0.00225509196 -0.0897312851 4.73133334 0.00396713606 0.999813397 -0.0189059077 -2.79345371 0.0896719064 -0.0191855694 -0.995786555 -66.867408
-0.995971668 0.00304643608 -0.0896167205 4.71701994 0.00425381339 0.999902705 -0.0132847746 -2.79867657 0.0895675301 -0.0136124719 -0.995887724 -67.0375472
