0.866202 2.23450292777841e-08 4.91232295907036e-08 -1.04609669352528e-08 -7.71706842135953e-09 4.10836718173866e-09 1.44559070160446e-09 1
0.592012 -0.00101057276134463 -0.00481924058705861 0.300896813960302 0.00076312116885367 0.000971927179972584 0.0020823740154921 0.999997068356752
0.799368 -0.00133524708336186 -0.00640659541198304 0.383097202220227 0.00070054752113021 0.00209144706436852 0.00145270044780955 0.999996512365797
0.903108 -0.00133217227809612 -0.00720016114365854 0.423382927698572 -0.000360414681004814 0.00283132715676503 0.00128795781698632 0.999995097414208
0.110482 -0.001102246361344 -0.00861712225385461 0.502273021569701 -0.00123208687465406 0.00480332329849339 0.00130076773610097 0.999986858938916
0.317943 -0.000391802844275603 -0.00994804359754169 0.578665357534788 -6.10021938650519e-05 0.00832375036010222 0.0018286336046791 0.99996368311945
0.421685 0.00011018385124245 -0.0106028474026156 0.616182987471332 0.000812435440299965 0.0100714129084435 0.00183571506486623 0.999947266980056
0.525427 0.000941486940414457 -0.0112975455789078 0.653356442585314 0.000479545421092255 0.0120470988456838 0.00174932731942739 0.999925785895894
0.732909 0.00266021086489627 -0.0127154679855509 0.726737837707849 0.000946074969223191 0.0180763733512823 0.000761922544950794 0.999835871102179
0.83666 0.00389486369460223 -0.0133711749680087 0.762862077438515 0.000888642075517993 0.0217895400372471 4.32653421817621e-05 0.999762183915924
0.940409 0.00554337326660966 -0.0140726761732182 0.798705408794839 0.000290782355342757 0.0259779102513815 -0.000579201249630004 0.999662307056991
0.148122 0.00961350478402987 -0.0153204813611668 0.868693306872523 -0.000157013024325203 0.0376400511595891 -0.00291414880852307 0.999287100703464
0.355725 0.0154784179646121 -0.0165255525865386 0.936917587845034 -0.001315369662186 0.0532573564078753 -0.00513432655982084 0.998566754144095
0.563456 0.0238400573857073 -0.0175470321834381 1.00329218830922 -0.00136183589672782 0.0716697847186204 -0.00492167283779056 0.997415342020492
0.771058 0.0348230389696862 -0.0184469667577279 1.06783135979106 -0.000749523623419516 0.0923377269782324 -0.00288220514016775 0.995723292528784
0.978668 0.0486851788783978 -0.0193312381958997 1.13085045581479 -0.00203915133516907 0.115184000753138 0.00233961431074297 0.993339324721019
0.1864 0.0653708871367936 -0.0202136522840039 1.19091203842124 -0.000132415874985048 0.140091548340362 0.00815966869107486 0.990104923912859
0.394003 0.0847483621186984 -0.0209977817268302 1.24923746398619 -0.00109570740565548 0.167695671746767 0.0112244204043388 0.985774301495666
0.601734 0.10709724650111 -0.0216868356617939 1.30492045240718 -0.0015227429450493 0.197160377619734 0.0150655314934744 0.980254301960255
0.705475 0.1192656294803 -0.0219124562692353 1.33184398286436 0.000635888860847546 0.212599076005126 0.0151884506635716 0.977021258465528
0.913083 0.146036903775593 -0.0225096710776686 1.38331670751247 0.00559666806623316 0.243442878258891 0.0179765063255103 0.969732482467155
0.120823 0.175856296779305 -0.02325999858587 1.4335007592095 0.000990712223167735 0.276805837262764 0.0169204167674532 0.96077637691763
0.32844 0.208606836419041 -0.0238264431621521 1.4803129620102 0.0010084603925868 0.312445165286676 0.0140199797671219 0.949831796616616
0.535919 0.24435243620157 -0.0243804449435909 1.52417772548882 0.00490945562139075 0.347029556667616 0.0107873743020134 0.937779300582098
0.639619 0.263593552423579 -0.0247484809794673 1.54488304779772 0.0036939978570819 0.363702413728517 0.0118670341401499 0.931432274579639
0.743256 0.283374210868945 -0.0252933248000895 1.56480562724972 0.00345335730914426 0.380418885955823 0.0121097945599461 0.924728553904951
0.847019 0.303663932835987 -0.0256780820067257 1.58398040582827 0.00493698485824017 0.397067368241838 0.0118243213852168 0.917700014537316
0.950676 0.324534253210321 -0.025998703342111 1.60215224436297 0.00613924020570497 0.41346473527336 0.011215902023475 0.910430352062599
0.054434 0.346116089212988 -0.0263632420793411 1.61980479703716 0.00626176706917972 0.429728982811121 0.010207930771893 0.902878502210927
0.158126 0.368475248256354 -0.0267900358694775 1.63670115983716 0.00681609980801786 0.445935307762032 0.00990844695729575 0.894984393580963
0.261837 0.391383684417139 -0.0272803466488222 1.6527820761054 0.00934678524148004 0.461939571673077 0.00776296936825154 0.886828171651494
0.365577 0.414979814615971 -0.0278485215207901 1.66820454700765 0.0133171436514721 0.478116462076529 0.00482629406860018 0.878182218712012
0.469315 0.439395610419644 -0.0285997712022464 1.68286068608797 0.0165840002969562 0.494116803523255 0.00215756879905195 0.869234663544309
0.572928 0.464284658775279 -0.0294797155669997 1.69669225125464 0.0172084649817394 0.510102731776692 -1.91652326407227e-05 0.859941318579135
0.676672 0.490185328084069 -0.0305164945560812 1.70973858505451 0.0154538933786922 0.525837121867471 -0.000364710296564194 0.850444804459392
0.780431 0.516322978285952 -0.0315332870010544 1.72193740087795 0.0120989439893892 0.541535697894581 -0.00145478727687092 0.84058942835022
0.88415 0.543303867934382 -0.0325324475768355 1.7333343079836 0.0103328516515301 0.557229577383212 -0.00308263647105388 0.830288460487355
0.987818 0.570593757408548 -0.0335056876375388 1.74380429231028 0.00802170138376651 0.57287371143564 -0.0061924996753944 0.819581000268207
0.091556 0.598597866942709 -0.0343447000861664 1.75331292854997 0.00642494144290202 0.58838484070933 -0.00840496760729265 0.808511815541636
0.195302 0.627180140675875 -0.0351998995481893 1.76166787545654 0.00479648874560641 0.603569714657315 -0.00920138345859199 0.797242703188087
0.299053 0.656252630097663 -0.0360312373499671 1.76885757360872 0.00411585137892197 0.61843368440601 -0.00944013964592789 0.785769509158315
0.40273 0.685722534085098 -0.036852327220813 1.77488930366792 0.00407294972015976 0.632821753000142 -0.00922032030990314 0.774231894010953
0.506356 0.715599161254007 -0.0375886445074793 1.77979067899471 0.00433690972728802 0.64666814220165 -0.00825343341711166 0.762714485185848
0.610085 0.745632257571135 -0.038447310925301 1.78340327555963 0.00694842330029498 0.659954236045418 -0.00552402053362718 0.751253360016774
0.7137 0.775993420991695 -0.0393818231609558 1.78620787847549 0.00891868076209502 0.672585826564125 -0.00600430657702 0.739941018825856
0.817441 0.806487521170651 -0.0402699771049483 1.78812859153412 0.0108619321407596 0.684604292656919 -0.00760004861781782 0.728794360685438
0.921074 0.837102389022158 -0.0412260494734974 1.78894673420646 0.0145549910400208 0.695174365946683 -0.0068247771823025 0.718661377550557
0.024545 0.868080046707567 -0.0423301069100454 1.7890578322986 0.014295062857812 0.70429616143655 -0.00565296666887358 0.709739820026658
0.128182 0.899304277448529 -0.0433940301327757 1.78857689774836 0.0136620640672871 0.712148476482575 -0.00408128667852259 0.701884063466336
0.231657 0.930637004822975 -0.0444852167008936 1.78750188828395 0.0127462213863028 0.718710319629784 -0.00306642145925273 0.695186023563089
0.335267 0.961928480606201 -0.0456041211197452 1.78593600858755 0.0142343694960848 0.724401466050523 -0.00363375651291205 0.689221803574515
0.438799 0.993104612567774 -0.0466472210114715 1.78404120105755 0.0165929179755501 0.729507952222958 -0.00420553679599033 0.683758097704723
0.542373 1.02432624359622 -0.0477764375794206 1.78141853759097 0.019825367666898 0.733575790560912 -0.00453262097403472 0.679303297244251
0.646095 1.05592663580909 -0.0490665391869443 1.77846916806001 0.0228119114927759 0.736601619598322 -0.00391102535058387 0.675930746881574
0.749609 1.08749666638176 -0.0505212251390377 1.77543025558711 0.0259171296114864 0.738552833691051 -0.00450552043269104 0.673682205884385
0.956711 1.15135567530111 -0.0540651659293017 1.76892468745768 0.0302228648648709 0.740604142004185 -0.00628609043174498 0.671232127026626
0.16407 1.2144893596928 -0.0581703849900038 1.76239611409375 0.0327129853396426 0.742185481986179 -0.0079848691879394 0.669348050556035
0.37145 1.27867199541792 -0.0623456750828765 1.75536615601977 0.035657277387922 0.743496521734849 -0.00852737218172913 0.667734052345046
0.57878 1.34289816703705 -0.0663808737925957 1.74849109828926 0.0349631249967966 0.74504892847839 -0.00826989265662989 0.666041502414909
0.78618 1.40708626392586 -0.0701637616669486 1.74151472365497 0.0358282861741724 0.746686587561648 -0.0104269363029832 0.664128566517581
0.99353 1.4722755318996 -0.0748548881094415 1.73396224045737 0.0362497084664117 0.74833197840382 -0.0141835008588313 0.662181272037886
1.09727 1.50470640904953 -0.0772746880398159 1.73008289983184 0.0365655301725787 0.749015880143089 -0.0170477275440834 0.661322575058689
1.20102 1.53782263937865 -0.0799667489010181 1.72612253815451 0.0364061132767277 0.749874629283048 -0.0187740728255206 0.66031066132786
1.30471 1.57096735088484 -0.0826139037031396 1.72194560128868 0.0351788558858818 0.750802113523364 -0.0189843636676902 0.659316485736208
1.40845 1.60420381097622 -0.0852980563365498 1.71786688369662 0.0327027120307607 0.751789854675541 -0.0185072876888552 0.658331244386261
1.51214 1.63747387752356 -0.0878028410374278 1.71339019749929 0.0323516413782763 0.752594539934742 -0.0179328985928274 0.657444477434106
1.6159 1.67070422428704 -0.090390930459555 1.70885334704932 0.0322274015551514 0.753174743838305 -0.0183431925799699 0.656774487262623
1.82328 1.73751675236205 -0.0958394436934724 1.70016114939536 0.0347411734594021 0.753876295288066 -0.0197280276345487 0.655800569681863
1.92703 1.77103616292439 -0.0985155645083146 1.69559052531073 0.0345335690273115 0.753986381763935 -0.0205540156454733 0.655659592445357
2.03077 1.80503752499621 -0.101053991485207 1.69058684060543 0.033078481798138 0.753814982924513 -0.0212714837040206 0.655908766172153
2.13451 1.83915506424963 -0.103823792935462 1.68614171263515 0.0315414373527726 0.753779719073492 -0.022461540920413 0.655985329121536
2.34189 1.90711725880167 -0.109478626430803 1.67729354616284 0.0292395499902592 0.753818679126358 -0.0259304071914257 0.655919249374073
2.54922 1.97597190066354 -0.115109887066953 1.66814514803354 0.0262660574838812 0.754048796863524 -0.0250019252669896 0.655816597766379
2.75659 2.04600128996035 -0.120269556175317 1.65822896413137 0.0245090699801601 0.754342388613689 -0.0164170096728067 0.655818075401026
2.8602 2.08079330945154 -0.1225320817096 1.65302713403409 0.0281009535763429 0.754119803080546 -0.0142145397132016 0.655981406650067
2.96381 2.11565970975458 -0.124725542486808 1.64794830548544 0.0318749621857019 0.753712849968284 -0.014297154184807 0.656274727504087
3.06755 2.15023805980829 -0.127219000746797 1.64313252719802 0.0349231244746787 0.753401834562231 -0.0152305173520452 0.656455697207649
3.27491 2.22063138064423 -0.132638939936221 1.63350434463187 0.0346130816118057 0.753067537989672 -0.0167272701205059 0.65681916555611
3.48241 2.29201809116586 -0.137923889269683 1.62396149642966 0.0313215984029198 0.752881646496882 -0.0154137442562166 0.657229488329331
3.68975 2.36333810730424 -0.143036999901365 1.61451505513759 0.0329338534172754 0.752752402082557 -0.0180930707752972 0.657230418687351
3.89712 2.43526791638807 -0.148406842127639 1.60470160765468 0.0334857372697683 0.752309698619789 -0.0186804548169997 0.657692833600863
4.10445 2.50812318595548 -0.153841592354821 1.59499966249183 0.0310835549757788 0.752318478747245 -0.0150966539249551 0.657892704159096
4.20807 2.54445897947788 -0.156418148075461 1.59045037665452 0.0312804214500895 0.75220563038202 -0.0171738405064685 0.657961460921345
4.41543 2.61768430839031 -0.161682145147347 1.58093453739814 0.0316602223355539 0.752072327805862 -0.0187833943983462 0.658051691104287
4.62278 2.69208342511909 -0.16734197665582 1.57120208121915 0.0302390635184923 0.75173571582011 -0.0167723380097332 0.658557287770501
4.7264 2.72929591257822 -0.170011539353424 1.56639678621053 0.03094410646431 0.751368125161468 -0.0163721317974782 0.658953986304713
4.83014 2.76653872300675 -0.172530406720551 1.56158025979431 0.031931176345174 0.751079530138518 -0.0155736545030013 0.659255186304619
4.93376 2.80408320181401 -0.175304550868614 1.55677135236219 0.0316191819353412 0.750700172519033 -0.0154357284683655 0.659705401372677
5.03737 2.8414013286714 -0.177885303793171 1.55204962642813 0.0322851834491125 0.750262018815213 -0.0153218734238074 0.660174075716218
5.24485 2.91761399398272 -0.183483443846957 1.54281114363021 0.0308571610943268 0.749544964174654 -0.0147214924377455 0.661069935748118
5.34849 2.95560779414075 -0.185959289244131 1.53826973024422 0.0310044868536301 0.749174267575919 -0.0141953697931214 0.661494618325398
5.45231 2.99367365915761 -0.188368996407113 1.53348061263023 0.0309172701967313 0.748589602288616 -0.015337234009957 0.662134804252032
5.55595 3.03234470969309 -0.19112530163764 1.52898769926613 0.0319997450329767 0.74803491181979 -0.0160509464332272 0.662693107052715
5.65967 3.0711753847333 -0.194124447364103 1.52457036395473 0.0305643905787481 0.747874045424908 -0.0166204321054041 0.662928345633947
5.76346 3.11013751390621 -0.197051036326442 1.52022628835816 0.0287723173308233 0.747759086648789 -0.0175236742580801 0.663114939456261
5.86717 3.1491489517692 -0.199644060008677 1.51578657120707 0.0283789975946533 0.747618044682577 -0.0188035268153202 0.663255847422267
5.97091 3.18838606288896 -0.202395607630735 1.51141437058981 0.0272451404468994 0.747760916280905 -0.0195692054605594 0.663120170559163
6.07463 3.22812617260426 -0.205295286224129 1.50686602485591 0.0253843043060836 0.748105190205198 -0.0197005808454832 0.662801741546665
6.17849 3.26726577584385 -0.20803592323154 1.50245185937505 0.0241341855072328 0.748563068054967 -0.0199403100473145 0.662324133841772
6.28215 3.30647535392104 -0.210692559270905 1.49766566444709 0.023407530784107 0.748925950699685 -0.0202898674857909 0.661929247841922
6.38589 3.34597438530984 -0.21345010917456 1.49283003664386 0.0234727446197287 0.749460456762025 -0.0203644575404062 0.661319395511094
6.48961 3.38589724946019 -0.216134473089025 1.4878684456481 0.022900090218359 0.750211986345755 -0.0200757641877411 0.660495666226074
6.59323 3.42508366046829 -0.218812963066894 1.48308527672302 0.0202725008373745 0.751325883329128 -0.0193204793333582 0.659336910712447
6.69699 3.46446558402802 -0.221438511391681 1.47798994516145 0.0201003348967435 0.75268984932897 -0.0195371070028181 0.657778282329336
6.80059 3.50342448958871 -0.224075433714221 1.47296040982038 0.0201742058113465 0.754380884788299 -0.0237782694666973 0.655695871564762
6.90495 3.54232540301994 -0.226805676390762 1.46749427619302 0.0214338963805897 0.756745538710905 -0.0247154895858899 0.652890436674958
7.00813 3.58129679243981 -0.229751579584674 1.46145150290136 0.0205794210221245 0.759726752474904 -0.0225838050439457 0.649524226456617
7.11181 3.62019578094684 -0.232698165154524 1.45513638967653 0.0203683748821455 0.763335451223667 -0.0210825747489368 0.645336844796403
7.21568 3.65871074918646 -0.23557034510378 1.4483580259596 0.0206764628153475 0.76755442496783 -0.021268287644879 0.640297078345985
7.31942 3.69648884700488 -0.238081619751534 1.44100354794625 0.021283008557501 0.772061616994397 -0.020916262253451 0.634846755590735
7.42316 3.73411849333466 -0.240597199879343 1.43314408577804 0.0205791198192765 0.776717229275198 -0.0201472364429147 0.629190697990869
7.5269 3.77147194959993 -0.243028598682989 1.42445845969304 0.022711258807463 0.78151495662773 -0.0199849302773739 0.623152608798476
7.63064 3.8124483182125 -0.241929676810123 1.41165413547827 0.0321311594838205 0.786346202759998 -0.024146210871132 0.616477248968462
7.73425 3.84896093036855 -0.245285750038699 1.40225910350458 0.0331812816109394 0.791030529071783 -0.0259314408112017 0.610325540186977
7.83799 3.8850140273318 -0.248718583794205 1.39268545553625 0.0310780018547054 0.796086870014369 -0.0265466436285531 0.603800570472986
7.94173 3.92128011117193 -0.251953919001215 1.38244312959246 0.0274296125176151 0.801118970142223 -0.0268651356813139 0.597272363767338
8.04536 3.95715081645425 -0.255197243682286 1.37171252820472 0.0247768839214262 0.805981972755956 -0.0269010355726021 0.590809190772015
8.14909 3.99280055283512 -0.258308248370464 1.36029097641555 0.0244953716560263 0.810623828625559 -0.0284959309239749 0.584360305935174
8.25283 4.02805642434581 -0.261439376096552 1.34828439067611 0.0248744115156414 0.814972887141009 -0.0296204350517123 0.57820678541863
8.35644 4.06301651126386 -0.264700086170668 1.33570980906149 0.0259721441392266 0.819181601494933 -0.0301334502816777 0.572152887500474
8.46006 4.09781368636186 -0.267976309203997 1.32260572252807 0.026480659853803 0.823462798704112 -0.0294482208882939 0.565986392142614
8.5638 4.13240687810923 -0.271248304379983 1.30905377319158 0.0256338786169303 0.827720645654748 -0.0288982055605217 0.559809191367309
8.66742 4.16724517863528 -0.274513455305996 1.29487957109656 0.0250623763233115 0.832069311055305 -0.0287344823567034 0.553359619430865
8.7712 4.20073421612584 -0.277683474700787 1.28047949219877 0.0249178860226704 0.83641380981811 -0.0302344862246882 0.546696363207626
8.87477 4.23443970018185 -0.280865760631164 1.26538535974095 0.025737888698208 0.840800988097445 -0.0311360345694603 0.539834981129426
8.97873 4.26789570781712 -0.284181599952517 1.24974076241212 0.0264625585517092 0.845125809015705 -0.0316920533590757 0.532970649927679
9.08226 4.30172014912463 -0.28755256277427 1.23320948021846 0.0280013792157048 0.849305676013614 -0.0319666617347201 0.526188107040262
9.18597 4.33445053565082 -0.290961246291071 1.21648197687599 0.0288417742771242 0.853586966184539 -0.0340275056513009 0.519037158665516
9.28953 4.36753287411216 -0.294476596508421 1.1989310425327 0.0297053302902874 0.857887609796557 -0.0350109091600373 0.511781866179023
9.39323 4.40091116420196 -0.297984450005661 1.18060050573408 0.0284299234722457 0.862269442215534 -0.0347959878640502 0.504452562389408
9.49684 4.4336222975662 -0.30158332122482 1.16192019453392 0.026210626914016 0.866921817881169 -0.0344171907560706 0.496563210174539
9.60058 4.46616478201016 -0.305048785136185 1.14255354105942 0.0259257738220511 0.871498421685325 -0.0352341182445075 0.488443356146082
9.7042 4.498539039284 -0.308491308479261 1.12241486245383 0.0251250573675226 0.875961488001767 -0.0359696470677617 0.480381502058343
9.80783 4.53087883942064 -0.312075773490346 1.10168468842738 0.0244470580931987 0.880433042757355 -0.0362356739013603 0.472151431755245
9.91155 4.56241934434976 -0.315683042614296 1.08019397557883 0.0238645686456509 0.884775678410773 -0.0371670652839462 0.463919271548717
0.01516 4.59393825927816 -0.31933242108508 1.0580556700294 0.023343731294608 0.88905210017979 -0.0375871734083436 0.455662855377
0.11891 4.62511404426208 -0.322907268763258 1.03529656133714 0.0223515961822778 0.89333222154052 -0.0369787113815457 0.44731479185261
0.22252 4.65597660078784 -0.326472375219225 1.011619702794 0.0213308386965742 0.897497376005245 -0.0355726146011208 0.439064966120778
0.32614 4.68637165452172 -0.32993871631172 0.98749417994819 0.0210776833346129 0.901609994138498 -0.0347603730989272 0.430635421437726
0.4299 4.71655487588637 -0.333373267787581 0.962739241227943 0.0202652812401919 0.905629961095586 -0.0348872408401192 0.422145202944232
0.53351 4.74582911312312 -0.336919454144285 0.937570945406321 0.0201048391868715 0.90954118639246 -0.0368898998088363 0.413484898139171
0.6371 4.77502770436298 -0.340452698526057 0.911727351522845 0.0192965048544695 0.913611423056254 -0.0385423444001634 0.404297291914832
0.74072 4.80393808896416 -0.344115972550625 0.885122953760838 0.0178882036694364 0.917862411320314 -0.0384573028953902 0.394625951894641
0.8444 4.83264718326846 -0.3477000709267 0.857778185965916 0.0147687782304086 0.922259427256015 -0.0368525330917494 0.384527401925675
0.94799 4.86032667581526 -0.351271730792763 0.829747764061152 0.0139695969037801 0.926713555781538 -0.0366878652849687 0.373712237468772
1.0517 4.88765764542123 -0.35446143445091 0.800886490573898 0.0125971159238638 0.931313344565913 -0.0372377211797773 0.362091313103741
1.15531 4.91410043023779 -0.357951180580165 0.771447433299291 0.0106323067294273 0.935861396344514 -0.0379214270066582 0.350160486433702
1.25905 4.94049462545923 -0.361229332780137 0.741179654182873 0.00993424093037581 0.940293748974218 -0.0375803277218063 0.338137095666046
1.36266 4.96489751180286 -0.364882080484656 0.709890722130631 0.011308170048081 0.94428114853382 -0.0386149821927782 0.326671273551968
1.46628 4.98955756457032 -0.368279028994904 0.678460501296424 0.0118095146581369 0.948327455277708 -0.0370720828713144 0.314898767227864
1.57009 5.01253510694841 -0.371866905709867 0.646062499851756 0.0132354732374049 0.952062319505587 -0.0361754247206221 0.303469109914182
1.67383 5.03508476567537 -0.375199140383391 0.613178299188382 0.0138096498055204 0.955699412195462 -0.0371912027786289 0.291658604428836
1.7775 5.05680919963162 -0.378770441442073 0.580023321619278 0.0144324965174576 0.959138663108906 -0.0391631734818428 0.279840979516518
1.88124 5.07779838069317 -0.38227162477859 0.546166984228837 0.0152297631313006 0.962418026334121 -0.0387488718986321 0.268361923209467
1.98489 5.09849258152138 -0.38597079843811 0.511633354924091 0.0149471370934438 0.965447331221066 -0.0373794043481622 0.257470025170714
2.19209 5.13630180066933 -0.393133547920131 0.441585609812948 0.0173768768421777 0.970354618540579 -0.0393044102575428 0.237834231687718
2.29571 5.15451354340926 -0.39682459761639 0.406005588662353 0.0163602277548455 0.972572921379462 -0.0402142289238948 0.228510549733016
2.39937 5.17214697188544 -0.40058371442138 0.369886943817017 0.0152164554527887 0.974621157578663 -0.0400170276642565 0.219728687659121
2.60669 5.2054616092586 -0.408036630390587 0.296804623932919 0.0136727894821885 0.978039393403517 -0.0400332529552988 0.204081695495882
2.81379 5.23685622107963 -0.415315989094032 0.2220595565121 0.0106322841026296 0.981033665716212 -0.0382325479577481 0.189731846411799
3.02116 5.26653196654185 -0.422029459063674 0.146202010280629 0.0100693270144206 0.983472919520173 -0.0350789822780043 0.177338913457492
3.22826 5.29350484601191 -0.428853604478233 0.0701844691969318 0.014969580956086 0.984696034061071 -0.0356175111810427 0.169944182153038
3.33186 5.3066032797235 -0.432038270892884 0.0328672409677249 0.0166447409067235 0.985112647453959 -0.0366840998006249 0.167123610684479
3.4355 5.3200250560045 -0.435618174880771 -0.00564581761247496 0.0153908176424177 0.985570488379158 -0.0361751127227018 0.164636862178146
3.53909 5.33332179670133 -0.438998147502075 -0.0437360482972498 0.0120161785588478 0.98608425349726 -0.0348275495601937 0.162112609778592
3.64273 5.34649151935349 -0.442312354121492 -0.0817102184010077 0.00904075190898308 0.986569691200901 -0.03431123879034 0.159440421792441
3.74645 5.35950490519477 -0.445471605503959 -0.11975290702267 0.00563662284345613 0.986945701686053 -0.0355456031981697 0.156980637339843
3.85006 5.372240817351 -0.44869308702757 -0.157851970768491 0.00419792417798779 0.987203539188253 -0.0371242108275581 0.15502690933259
3.9537 5.38460190059121 -0.452012786656018 -0.196150096466816 0.00427754004250442 0.98733108804859 -0.0382870616847802 0.153925716277425
4.0573 5.39708558119392 -0.455486444927205 -0.234284500558576 0.00440950265461288 0.98736767899232 -0.0392032108122648 0.15345595794777
4.16091 5.40935140068455 -0.458980942068107 -0.272473942429067 0.00571654590202439 0.987300664064541 -0.0399225721122949 0.153658413621268
4.26453 5.42179985823716 -0.462580800367628 -0.310982141660358 0.00613231200750276 0.987183890243016 -0.0405112551497265 0.154237478585141
4.36814 5.43414063746622 -0.466240955816079 -0.348844902336092 0.0065421122023433 0.987035772242644 -0.0412800174254459 0.154963044764402
4.47176 5.44663346817106 -0.469927736607291 -0.387128278145085 0.00730403969972458 0.986885044179121 -0.0409574533514336 0.155971303753619
4.57538 5.45910992503482 -0.473659214201839 -0.425164647289129 0.00697949383522671 0.986670475429092 -0.0410847490087701 0.157304491293858
4.67899 5.47203661899955 -0.477351170480326 -0.462982165224215 0.00630287879708822 0.986364284397284 -0.0412373432182453 0.159201927465104
4.78262 5.48502179436037 -0.480976532555572 -0.500712352899286 0.00571637621380892 0.98602544890184 -0.040151992814627 0.161582655733593
4.88623 5.49825151295965 -0.484581127653538 -0.53837063104016 0.00470927908641115 0.98559824284351 -0.0388437802329191 0.164514701870343
4.98985 5.51166514595028 -0.488016283552235 -0.575821017940288 0.0036520064178074 0.985041917410728 -0.0375577702795103 0.168132381427707
5.09357 5.52518842727597 -0.4914200142331 -0.613230723661681 0.00481181577186729 0.984381963227436 -0.0373364964693794 0.171973785597889
5.19719 5.5390514574766 -0.494830575150547 -0.650549577683866 0.00487846740136243 0.983591936126926 -0.0372539768798584 0.176451820473847
5.30082 5.55321624445872 -0.49819292349838 -0.687457856638755 0.00619940170205747 0.982628243266804 -0.0383348523703011 0.181476560598547
5.40442 5.56783780024655 -0.501524438415787 -0.72441070918615 0.00685766233636446 0.981615695917405 -0.0377040474579892 0.186981289976176
5.50805 5.58298242824487 -0.504978272251413 -0.761231227151334 0.00753744802239107 0.980379372155754 -0.0382210342245445 0.193232052391951
5.61167 5.59861698922699 -0.508399769008686 -0.797830199999646 0.00836146207623445 0.978950602595642 -0.0386529003151095 0.200229260915599
5.7154 5.61475259594582 -0.511871417395701 -0.834303046616499 0.00943002686368206 0.977448491464961 -0.0385022982337057 0.20742009101566
5.81908 5.63160419718407 -0.51534603429493 -0.870534851144908 0.00899470195756787 0.97596444965603 -0.0372733807795067 0.214530145736124
5.92279 5.64879557034076 -0.518876230083546 -0.906467511501896 0.0102450407948263 0.974347057448085 -0.0371938767812956 0.221719341310922
6.02649 5.66642802632082 -0.522344053229758 -0.942120948621903 0.0113621480362999 0.972649975093669 -0.0363912031608533 0.229125746861394
6.13016 5.68466716684425 -0.525809049159277 -0.977424256121422 0.0124054777858428 0.97087194197379 -0.0349927930406415 0.236705050314016
6.23385 5.70329974172607 -0.5291976638616 -1.01218900842644 0.0135527684897264 0.969002606579596 -0.033201266298913 0.244433931409618
6.3375 5.72250164196795 -0.532555308727417 -1.04639477168042 0.0151519593327823 0.967056934223291 -0.0318532570828505 0.252104490464253
6.44118 5.74167509798751 -0.535615824743448 -1.0795947059023 0.0170459442676345 0.964790226200885 -0.0305901044423763 0.260678922664406
6.54482 5.76241778601905 -0.538920649541969 -1.11347262958827 0.0185725856481344 0.962278095928365 -0.0294766062346778 0.269827824443125
6.64853 5.78320529602322 -0.541987752637418 -1.14639844561205 0.0202951522233385 0.959535515449386 -0.0284860143290929 0.279406958351356
6.75206 5.80454086518171 -0.545001918937987 -1.17893898534273 0.0212188918139429 0.956661520432872 -0.027902172370327 0.289084698194612
6.85581 5.8261180957816 -0.547853576385504 -1.21046485325492 0.0221242781662909 0.953638577627158 -0.0276284357954844 0.298865603762571
6.9594 5.80229796477441 -0.589063522978845 -1.25449989470627 0.0338031557225916 0.942062188881174 0.0455354050808795 0.330609597301296
7.27035 5.79302027335726 -0.569175696372376 -1.21410222161854 0.0218819797228244 0.938285671321837 0.0117320546356965 0.344968892582455
7.37399 5.81792892739323 -0.568101365829128 -1.23150146647936 0.0235299756158551 0.935188640704083 0.0102704661263935 0.353218153654529
7.47773 5.84167696312486 -0.568559228543644 -1.25333668930612 0.0254402827540675 0.930892044245012 0.0120181172093983 0.364209223981871
7.58157 5.86836666968069 -0.567486440100412 -1.27637040704876 0.0253586230091343 0.926514808203213 0.0107001806923888 0.375250258564061
7.68531 5.89487750146734 -0.566743048617138 -1.2987224376641 0.025277213876725 0.921746788639776 0.00998532006072852 0.386838743501961
7.78906 5.92302866520405 -0.566038701096321 -1.32104103871972 0.0252674284716523 0.917003187791921 0.00823344778985624 0.397993619264651
7.99666 5.97648165426692 -0.56474486948613 -1.3609525000931 0.0244343972571508 0.907230703655271 0.00516019765650374 0.419891394215203
8.1003 6.00574731312006 -0.563415854343699 -1.38057241894135 0.0240424453992532 0.902029336486397 0.00339077642864385 0.430991345124639
8.30778 6.06723520874302 -0.559634518188219 -1.41664172709835 0.0243754975578578 0.8906403178786 -0.00336644741100865 0.454042207641253
8.51536 6.1350899595343 -0.548533453993413 -1.44877804044587 0.0177748293514531 0.878937347599998 -0.0214703695105914 0.476122061732583
8.6191 6.17345513262819 -0.548126517643913 -1.46629829538263 0.0157809169244494 0.872336362003221 -0.0243247536801508 0.488045633672108
8.72284 6.20708090906297 -0.550245650315575 -1.4795232745872 0.0154622315580714 0.864305987762055 -0.0260715656917032 0.502052141093219
8.82659 6.14944780976459 -0.570748490001919 -1.35265983765507 0.0376002474089206 0.859663869351866 0.0159901092099571 0.509223496642898
9.03407 6.01946455887713 -0.636572652142341 -1.27125903679533 0.0662301453216719 0.842840831855835 0.11977413479301 0.520468112992353
9.13781 5.92520152429838 -0.670767467491623 -1.15339213836384 0.0756591052545516 0.84864214587993 0.135487462625773 0.505692945866973
9.24155 5.85927177057456 -0.707402063617979 -1.01007765223755 0.0873095998708092 0.855756495004897 0.15259689870322 0.486592274428491
9.34531 5.79930843090249 -0.747401626768415 -0.850955435000592 0.0967101639668106 0.863257579587682 0.163795242252642 0.46755172343317
9.44916 5.75470715678846 -0.793636954458897 -0.683919376734714 0.1032229277348 0.872230682552893 0.170468838538315 0.446653152558636
9.55289 5.7701061193622 -0.886796052385051 -0.484246381202108 0.108025706292297 0.884694759664294 0.183606703326139 0.414649499573187
9.65676 5.77824334223 -1.03600421944259 -0.299352691132783 0.110569303283524 0.891504672403679 0.199214662033938 0.391544846326075
9.76051 5.72935173686236 -1.18622675405282 0.0777478896333337 0.110563963162713 0.896392362610174 0.199304273194919 0.380176470852878
0.07185 5.76847133317189 -1.2015133382778 0.0903114833613978 0.115242686642864 0.8841272550194 0.192700840362381 0.409761523609561
0.1755 5.9102690464232 -1.17957697185236 0.0504002973999711 0.115458380714483 0.882707507247317 0.188614233128866 0.414634164093152
0.38299 6.08437896364102 -1.11515634788669 -0.104539036809558 0.123553397682705 0.866287836301868 0.185484664179824 0.44707424657498
0.48671 6.19911899543676 -1.08866097278726 -0.16677723614497 0.126609803376136 0.860315035460942 0.183661817245357 0.458362666820747
0.59036 6.32632198573093 -1.07326722019501 -0.217152579743422 0.130629565209909 0.854769060004638 0.182792214337041 0.467859783620711
0.69406 6.42225755245011 -1.04631827680448 -0.283458051284882 0.13465237161574 0.847223175429343 0.181317596802497 0.480838391690436
0.7978 6.53645246229522 -1.02698128818259 -0.338953097428558 0.139088721757197 0.83991569878063 0.180378425806245 0.492604882157552
0.90156 6.65263509304417 -1.00922239645611 -0.392143984884894 0.143342631872484 0.832130050781924 0.179564562068383 0.504746507192207
1.00517 6.77833244435802 -0.994945866836941 -0.444291868818334 0.147762233537077 0.823473788356286 0.178382745051432 0.517915860442791
1.1089 6.88830077286488 -0.977888444043712 -0.491220648371156 0.152324114140454 0.815983230755446 0.177232148504171 0.528731970769525
1.21251 7.00865298319257 -0.964212469651719 -0.536840812985041 0.15595559057163 0.807821160170963 0.175566366506299 0.54062859515685
1.31628 7.13169423859068 -0.951902272225446 -0.580059264552338 0.159203738653945 0.799336109681432 0.174261983548092 0.552583671897609
1.42004 7.25987604220257 -0.942196692675883 -0.621574460401265 0.162537810234929 0.789955987107379 0.172254865647287 0.565578694734938
1.52362 7.3821381917037 -0.932354973853014 -0.657571526118248 0.167106807842153 0.781202457081359 0.169649624632163 0.577076286711748
1.62737 7.50931420843963 -0.925819101294439 -0.691523221677384 0.171814525816265 0.772028924729923 0.167023398559579 0.588688620947016
1.73109 7.64054255559991 -0.921925032564662 -0.722758144545976 0.175416720536975 0.762565357279501 0.16540950913128 0.600302210825671
1.83485 7.76913182306712 -0.918479368478006 -0.749964177250328 0.178465745530169 0.752982061386967 0.164185248164875 0.611728041850979
1.93858 7.90058411720533 -0.917945802175255 -0.773901311537797 0.180707190541846 0.743655788768523 0.162659313347802 0.622786421575455
2.04232 8.03349211044278 -0.918904582392285 -0.79446551689761 0.183087089479723 0.73498787281654 0.160162752892097 0.632945366571623
2.24997 8.30147903603596 -0.924875987120834 -0.826729049674501 0.186978867815695 0.718878567679602 0.156542059780316 0.650958594260051
2.35368 8.43488972044126 -0.929407957410976 -0.838444005105393 0.188422807785822 0.710992062612005 0.155646986194805 0.659364199890552
2.45728 8.56976704463131 -0.935332964404561 -0.847967974682536 0.190305048620913 0.703286759604397 0.155232537183421 0.667139102162463
2.56102 8.70550253035943 -0.942255674410692 -0.854780223813522 0.192101876876282 0.695903883608274 0.154502905518684 0.674495000623294
2.66478 8.84229999463716 -0.9508107656164 -0.859029645085318 0.194468235919534 0.688727204616206 0.15377967079567 0.681313991996251
2.76837 8.97763439684941 -0.960084457715568 -0.860470679450843 0.196329193390933 0.681526685045434 0.152020452718594 0.688379261271489
2.87211 9.11434157439538 -0.970808742636673 -0.859515555934584 0.198434666048256 0.674224265424708 0.150780916796929 0.695205321004312
2.97586 9.25079439502881 -0.982653417058363 -0.856013163070156 0.199307212030813 0.66665189127221 0.149957312744047 0.702399242205082
3.07949 9.38811559391819 -0.995774341419647 -0.850085556116577 0.200612138571167 0.658983448420334 0.149378978087057 0.709352877961043
3.18321 9.52534113022946 -1.00997051708102 -0.841556907682101 0.202269578876529 0.651350632436534 0.148271518969983 0.716131920631927
3.28683 9.66182289597212 -1.02547408895583 -0.830794424345541 0.204986638239804 0.643993430129089 0.146542797817205 0.722342127043425
3.39056 9.79933202765564 -1.04228215140943 -0.816701524140954 0.207021354985584 0.6368331560568 0.145134647030038 0.72836915376623
3.49434 9.93674996012773 -1.06062883398915 -0.80076985982508 0.20825349477308 0.630045628225357 0.143680017407059 0.73418597158133
3.59779 10.0746092722412 -1.07984837736483 -0.78262203183642 0.20907912971182 0.623139043085472 0.143204574036936 0.739916279369747
3.70142 10.2127726160828 -1.1004558185878 -0.762145823390173 0.210605371182781 0.616315378470517 0.142803594078287 0.745256912351728
3.80503 10.3501129252183 -1.12193913396204 -0.739478030484029 0.212124524257129 0.60994778276214 0.141393893259836 0.750316370247285
3.90865 10.4878095119719 -1.14416626762572 -0.715206073427615 0.215427997035991 0.603594020404145 0.141032502336458 0.754569327437936
4.01226 10.6262277049134 -1.16755966691517 -0.688605738372495 0.216622604965281 0.597568896313473 0.140651516792247 0.759080504295028
4.11588 10.7649999685802 -1.19217537236517 -0.660443181811939 0.218325185618118 0.591769224878759 0.140771973455513 0.76310323633218
4.21992 10.9039075803165 -1.2175323953047 -0.629939454340289 0.219759413592905 0.58667875366836 0.140170625169679 0.766724224197321
4.3233 11.0434111512161 -1.24376907607446 -0.598116873498882 0.220497075893819 0.582469669553967 0.13974527904104 0.769793076454777
4.42688 11.1827696620837 -1.27081646379239 -0.564744357158723 0.220304982198332 0.579417221429423 0.139563798422316 0.772180901408171
4.53061 11.3229291731918 -1.29802794259356 -0.530420269071477 0.220354848114863 0.577039514582063 0.139624307447465 0.773934229953029
4.63421 11.463589848215 -1.3258731427474 -0.495119050254064 0.220761503402231 0.574847762524715 0.13946596304857 0.775476404339197
4.73782 11.6039391760497 -1.35352058605286 -0.459383360775388 0.221195343030954 0.572787673148561 0.139619287782917 0.776848348256896
4.84147 11.7446249837319 -1.38149578120941 -0.422761587066226 0.221030369066855 0.570761535339789 0.140157156623005 0.778288389463759
4.94505 11.8852807283629 -1.4098788127358 -0.384951564529395 0.221499616438306 0.568804663897855 0.140600037288838 0.779506769540913
5.04867 12.0269062219637 -1.43851200857453 -0.347723018492239 0.222378339365954 0.56685076245026 0.140588457500836 0.780681095523605
5.15228 12.1678551945086 -1.46743495816122 -0.309224283622196 0.222701800314742 0.564986320120547 0.140620288487535 0.781933693275138
5.2559 12.3089230920002 -1.49702025588998 -0.269781595359683 0.22279787080172 0.563329817858762 0.140079802779356 0.783197468031359
5.35955 12.4490200400825 -1.52703312378632 -0.230038088146499 0.222883288930728 0.561696969166318 0.139870355934711 0.784382456379215
5.46322 12.5889441148554 -1.55713900217413 -0.189589466964689 0.222875914960661 0.560139312330011 0.13923329650649 0.785610823790537
5.56675 12.7288821623403 -1.58768949735606 -0.148878610635595 0.222646550693163 0.559272212769239 0.138576421624728 0.786409359594812
5.67048 12.8670285239069 -1.61829593827987 -0.107324807171741 0.221864669080086 0.558885841406593 0.137428391200903 0.787106169573813
5.77409 13.0068117237036 -1.64868575190002 -0.0667264125672791 0.221953663908119 0.55849647838823 0.137331821098507 0.787374260196176
5.87783 13.1449694095775 -1.67931686316192 -0.0249716183171529 0.221752356526492 0.558322392189633 0.135993375113649 0.787786646675223
5.98146 13.2835988099325 -1.71045278105076 0.0168749739448764 0.222334505239124 0.558037679353021 0.135335270360588 0.787937612250358
6.08507 13.4225798277786 -1.74142131586533 0.0576442996558164 0.222605413917783 0.557924531904971 0.134402224185338 0.788100938032144
6.18878 13.5616920364509 -1.77293744223522 0.0993152789011731 0.222323551578403 0.558154750087403 0.133795053393315 0.788120801055215
6.2923 13.699143204951 -1.80403947097817 0.139843078649253 0.221695979635465 0.558075270232941 0.133252806002271 0.788445670328921
6.39606 13.837292632949 -1.8349101070054 0.181008328029263 0.221556464621397 0.557690061921719 0.134170039611391 0.7886018819968
6.49966 13.9760378368918 -1.8657504150098 0.221769201938519 0.221649121265114 0.557202107477499 0.135617082753609 0.788673243701368
6.60341 14.1150143062622 -1.89642589941467 0.262722259663736 0.221781628935954 0.556857837318784 0.136530925021406 0.788721474663877
6.70701 14.2534679445509 -1.92690064469085 0.303555266056085 0.222922837015869 0.556525209918813 0.136803556954408 0.788587272447533
6.81077 14.3932615939512 -1.95782935895243 0.345397714097338 0.224180853905567 0.556540316081982 0.13680925600783 0.788218909179501
6.91449 14.5327616827666 -1.9885996094828 0.386844360266272 0.224260974487757 0.556466575255984 0.136854023789284 0.788240408833092
7.01811 14.6729683109547 -2.01992239652343 0.427907987428076 0.223402584647456 0.556406444271843 0.137028998442952 0.788496168368193
7.12185 14.8137630301659 -2.05096211034537 0.470851027868504 0.222558074609786 0.556293606839494 0.137463970058425 0.788738856245379
7.22549 14.9549538183638 -2.08207271910361 0.513186722962072 0.222193605142611 0.556244478416757 0.137691962973766 0.788836488378315
7.32921 15.0972659344474 -2.11345974464778 0.555538002937086 0.222209559622767 0.556271985331709 0.137631166466888 0.788823207039663
7.43285 15.2385376911053 -2.14421262705799 0.598248370133645 0.222429321846697 0.556190177132584 0.137372516028953 0.788864041190824
7.53643 15.3807034115814 -2.17543841943475 0.640962339817778 0.222346524605071 0.556214320499168 0.137154244859717 0.788908338011873
7.63992 15.5229347413651 -2.20689051523738 0.68393047107473 0.222607804160818 0.556408627294738 0.136492559463185 0.788812389741612
7.74368 15.6649980857431 -2.23849086686341 0.726390197159766 0.222149269593472 0.556387163562911 0.135878230789268 0.789062819196979
7.84728 15.8088232254267 -2.2703272012786 0.769922019311144 0.220178100764532 0.556104546089004 0.136913950333894 0.789635300608347
7.95104 15.9519550186995 -2.30136325525828 0.813335378683467 0.218007924792686 0.555629004689581 0.138298607674173 0.790330594745412
8.05465 16.0952370932791 -2.33206989405575 0.857403860665453 0.216979215955778 0.555393648479129 0.13878626139555 0.790693549183312
8.15838 16.2376062060632 -2.36277110972632 0.901309955101381 0.217219006519329 0.555341536952348 0.138300722645135 0.790749385493276
8.26267 16.3798894101755 -2.39301937154606 0.945079898536235 0.217107014243304 0.555186520609669 0.138128907508248 0.790919007617256
8.36588 16.520405166748 -2.42296982648164 0.988444827487752 0.216098060802659 0.554787368362653 0.138454279487751 0.791418357453313
8.57322 16.8040330213079 -2.48338396452401 1.07562326590438 0.215673762534848 0.553198222141293 0.139400728177132 0.792479647787538
8.67697 16.9445206752408 -2.5135223803798 1.11916391757229 0.216477563088353 0.552373020440868 0.139124769744003 0.792884486802484
8.78062 17.0858743716413 -2.5444889696874 1.16400042920122 0.216110684632403 0.551365920982539 0.13860169050041 0.79377664651791
8.9878 17.3623400550947 -2.60480554059762 1.25210066213242 0.2147414608686 0.548743564505624 0.138760402795376 0.795934768692602
9.09154 17.4976159553639 -2.63398190377798 1.29704542618722 0.213998582846072 0.547214252035363 0.13940361183862 0.79707452720282
9.19518 17.6346863044938 -2.66350306682276 1.34233821634752 0.213558938552017 0.545679216885014 0.140242733300038 0.798096953872666
9.40253 17.9027067673519 -2.72234107053855 1.43231605847885 0.214743600639923 0.542925182579242 0.140163446262978 0.799669707089861
9.50613 18.0351172034043 -2.75208960391493 1.4775042317454 0.215384558719561 0.541863245789852 0.13916106541321 0.800392349164038
9.60976 18.1665397997348 -2.78181929822333 1.52289266602054 0.215370049711068 0.540873632771066 0.138956928404159 0.801100759648225
9.71349 18.296913492332 -2.81125501920206 1.56800730372772 0.214636288269545 0.540184302343338 0.138669159019447 0.801812351860804
9.92124 18.5515882300314 -2.8707616703073 1.65632654651171 0.217718998934728 0.54002142341826 0.136794375041569 0.801412876555626
0.12834 18.8053269814837 -2.93078302501159 1.74388835042613 0.218113150830571 0.54181852012622 0.133129908254999 0.80070954297486
0.33581 19.0560564539381 -2.99011354808087 1.82933802082133 0.215165988509244 0.547049999806337 0.130141443182174 0.798437912343337
0.43955 19.1818406066045 -3.01830451734289 1.87025857080897 0.213820982349089 0.550737796289983 0.129504391293434 0.796364916279366
0.54329 19.3074029702255 -3.04691118136534 1.9105542541625 0.212850758124697 0.554628518809447 0.129943671541371 0.793849106011545
0.64703 19.433522692186 -3.07419630907721 1.9493019510087 0.211632235628553 0.559002801299905 0.130500075253916 0.791010363611275
0.75077 19.5601049858519 -3.10055507786008 1.98657290288839 0.210292184071951 0.563731369052433 0.131845583928346 0.787782255996612
0.85451 19.6867344248199 -3.12596187418524 2.02192347008378 0.209499808881979 0.568719384514435 0.134042601843169 0.784028489690936
0.95825 19.8141704780414 -3.15053250446331 2.05617003080486 0.207668771670092 0.574444719524063 0.135166029719481 0.780139147776747
1.06199 19.9429682568407 -3.17317589206241 2.08810964763486 0.206651805090951 0.580609362169707 0.136553594838381 0.775590688282326
1.16573 20.0713086821525 -3.19625658015199 2.11978119061074 0.204566831146305 0.587530785354362 0.137107140124432 0.770818798410201
1.26947 20.2006724664414 -3.21773667754017 2.14878627798885 0.2032175175873 0.595399694198947 0.136826082490166 0.765166954228847
1.37324 20.3312679924047 -3.23803767453973 2.17529870128185 0.202235169508027 0.603565988318767 0.137611233012543 0.758862426601566
1.477 20.4613275201068 -3.25736165119607 2.19894037117163 0.200011872609323 0.612228258295424 0.138478056532588 0.752326816230035
1.58124 20.5927630275361 -3.27545969181876 2.21997639909969 0.197488564631196 0.621040689357416 0.140411808325361 0.745379938746126
1.68449 20.7242750971879 -3.2920411837525 2.23798899125476 0.194077287769424 0.630278244324094 0.141894533815075 0.738206801903915
1.78822 20.8543215506271 -3.30756070188687 2.25328303809241 0.19082623807509 0.639771461778455 0.143201119972676 0.730596511622208
1.89194 20.9846716794848 -3.32121038519338 2.26536307160312 0.188305373506375 0.649649509121624 0.144377400326735 0.722254641993771
1.99566 21.1143723031097 -3.33200962361293 2.27367384282002 0.185839636199069 0.659760850822245 0.145381801388564 0.71347276133341
2.09952 21.2459202112415 -3.34323354046998 2.27985336925765 0.183083209670372 0.670182217778591 0.146605113907474 0.704161397611614
2.20326 21.3764806191302 -3.35203288887474 2.28210546709302 0.179808011646562 0.681065050854697 0.147985026836031 0.694204514018987
2.30701 21.5065157424964 -3.35887317411636 2.28045765308981 0.176292997000799 0.692228807681559 0.150082959703451 0.68353139081603
2.41077 21.6361572706545 -3.36367831215241 2.2749748521106 0.17256979621567 0.703652526411332 0.152473651773392 0.672193850778121
2.51448 21.7622112426915 -3.36505514419716 2.26504220072989 0.168742881189828 0.714991202134512 0.155142595993774 0.660487846842252
2.61835 21.8891984514384 -3.36568470607617 2.2514082049166 0.164962227413539 0.726360394406319 0.157481405380289 0.648373077729257
2.72209 22.013240391222 -3.36410591455154 2.23408352753469 0.161552618886961 0.737665492188942 0.159287026758386 0.635907238574057
2.82571 22.1367258104153 -3.36060196487625 2.21318851186185 0.158516306150805 0.748802166298822 0.160664260170815 0.623181267316549
2.92959 22.2603508116826 -3.355389101261 2.18881097136477 0.155016159885465 0.759659059072794 0.162905504281073 0.610204802355677
3.03322 22.3822929699401 -3.34823629501536 2.16059802521279 0.15085712592307 0.770098481463475 0.165691032270055 0.597274591985264
3.1368 22.5009525973716 -3.33801398682436 2.12869631791524 0.147315330769297 0.780218485934841 0.168474999969831 0.584100575167533
3.24054 22.6210978166825 -3.32819703145143 2.09292320109531 0.143574707151878 0.790573521314874 0.169806953623535 0.570565867681504
3.34415 22.7373333598126 -3.31540964228966 2.05360036975508 0.141006829272775 0.800684839854161 0.171071814871977 0.556556641755863
3.44789 22.8514620180725 -3.3001839472573 2.01036526834979 0.138128233836945 0.810666750999199 0.172260797382955 0.542278736008039
3.55153 22.9644355358233 -3.28483239461951 1.96371958630231 0.134516784232082 0.820026122442122 0.17427368754924 0.528290710783738
3.65537 23.0748454059851 -3.26687375058714 1.91321956674459 0.12923533371433 0.829177587435723 0.176821894192929 0.514292499214255
3.75899 23.1823563653021 -3.24684583664556 1.86102706016226 0.124996193961016 0.838064313955398 0.179708516504532 0.499728932788035
3.86273 23.2923270734368 -3.22565465102118 1.80350272531285 0.120199243818274 0.846903962037454 0.181575622517469 0.485114537174647
3.96657 23.3966538533223 -3.20200976532327 1.74286891374334 0.116866636252164 0.855624482229252 0.182704121271484 0.469966103896275
4.07021 23.4976546649068 -3.17834513023499 1.6819032672367 0.112715650997766 0.864539485082023 0.181853797420804 0.454748124919602
4.17385 23.5968241674777 -3.15290464412141 1.61594218654625 0.109292745933887 0.872944865680461 0.181525717849148 0.439398191766539
4.27757 23.6928922612173 -3.12616206899759 1.54724425442992 0.104841517352399 0.880816944528885 0.182325325724886 0.424178314001742
4.38131 23.7844595755849 -3.09835183083754 1.47565935332294 0.0996776578807952 0.88806627326444 0.184799734522828 0.408964200059003
4.48494 23.8772081517786 -3.06817539791568 1.40024189083175 0.0941793092246005 0.894894500969789 0.188194842700461 0.393543887043056
4.58866 23.964600273851 -3.03706188741551 1.32294539661891 0.0887574910941235 0.901689936848974 0.190262296162882 0.377991566332899
4.6924 24.0468341171916 -3.00452295430762 1.24358972098889 0.085535665656843 0.908688657724086 0.190689080322318 0.361394864199907
4.79604 24.1282107375055 -2.96996178813026 1.16075392187802 0.0820076636915234 0.915501268198591 0.190563286245443 0.344699586535823
4.89963 24.2054465150936 -2.93477288374411 1.07563303544937 0.0769051492607574 0.921793849353243 0.191434666897805 0.328229288183485
5.00338 24.2770248638183 -2.89948817829138 0.988593288310835 0.0712898316697173 0.927596705127732 0.193282122342217 0.311647451007653
5.107 24.3496732330613 -2.86133848692641 0.897779236318023 0.0660733895740921 0.933121822170828 0.195074378330965 0.294726922926243
5.21061 24.416178553804 -2.82274661118464 0.805496582150841 0.0605171332155551 0.93830611552407 0.196703927541295 0.277897238286621
5.31437 24.4794213696585 -2.78300340534006 0.71094968289993 0.0559036184128787 0.943027842268903 0.198806808781326 0.260862275801217
5.41797 24.5387274875567 -2.74125757219027 0.613757911486143 0.0511984308154188 0.947347952955119 0.200881302444474 0.244043600698721
5.52158 24.5938701133771 -2.69912758441425 0.51538545708901 0.0467976406673522 0.951463112536537 0.202809556145933 0.226707322877192
5.62533 24.6430856838062 -2.65691643625473 0.416014961918556 0.0418000664613046 0.955439215960122 0.203599504175152 0.209608923829522
5.72894 24.6928674354715 -2.61201849829998 0.313672566847842 0.036891560294056 0.959198832322991 0.20397960690511 0.192273068358826
5.83269 24.7364730407667 -2.5667450648441 0.209611632377309 0.033274267860519 0.962565648058186 0.204482344417449 0.174777478807239
5.9363 24.775733129405 -2.52085896503326 0.104332891341484 0.0283400392129092 0.965541914628722 0.205253363265711 0.157469711819849
6.04003 24.8123405592037 -2.47353142825666 -0.00435218374876278 0.0231968265079505 0.968278209162693 0.20587567962073 0.13969402793731
6.14378 24.8435625283877 -2.42585945436956 -0.113692245139786 0.0182235561352124 0.970991025570028 0.205195412198913 0.121404996094766
6.2474 24.8692961772745 -2.37820250395501 -0.224037768055428 0.0121186221804752 0.973357204589914 0.204416630672327 0.103163619430155
6.35113 24.8938028507079 -2.32833242838692 -0.337838257945117 0.00696366153599574 0.975218351241402 0.204286797041001 0.0846615578331915
6.45482 24.9111196467311 -2.27941142089246 -0.45208498958507 0.00186573485996432 0.976654576905206 0.204373235333012 0.0661357476941413
6.55836 24.9244735261742 -2.22975694394314 -0.568415975774307 -0.00425117886505441 0.977775744976784 0.204162971731083 0.0474763202795305
6.66199 24.9334422591125 -2.1789383409101 -0.686106176023753 -0.00896897177883824 0.97856887661443 0.203702429729036 0.0287720591770828
6.76562 24.9367645359106 -2.12859537727291 -0.80457412052721 -0.0144979651845527 0.979006216596238 0.203054580544355 0.0102700628714653
6.86966 24.9357417940887 -2.07822237993224 -0.92348257628473 -0.0197727410775498 0.979109185740476 0.2021923984397 -0.00851323217729624
6.97295 24.9299012206869 -2.02812421575149 -1.04331720802453 -0.0242063304038064 0.978646132870524 0.202330993400861 -0.0269809061258307
7.07656 24.917602717912 -1.9769547416451 -1.16419716009307 -0.0285670395258093 0.977739605621824 0.202802498761471 -0.045610682381587
7.1803 24.9006841922423 -1.92734920102893 -1.28265760519063 -0.0321865381102179 0.976560448092669 0.202797215023205 -0.0645523629649409
7.28395 24.8798260237488 -1.87727665344831 -1.40220315864265 -0.0365679671704723 0.975067235696088 0.202382981408569 -0.0833534551484732
7.38767 24.8529966006065 -1.82884640262765 -1.51907071276108 -0.0413952144403827 0.973032720185676 0.202962294416048 -0.101489254184235
7.49115 24.8214255247997 -1.78047503931163 -1.63608713482713 -0.043541222890708 0.970592742869566 0.204016777927256 -0.120129279204924
7.59477 24.7876943877728 -1.73341084414782 -1.74961765079084 -0.04867617692531 0.967803214875775 0.205500056623909 -0.136957269991849
7.69838 24.7473898997811 -1.68630888028018 -1.86232120551044 -0.0538396102747458 0.965089562558965 0.205196643905248 -0.153615656543311
7.80202 24.7034463399268 -1.6407717853803 -1.97180447189288 -0.0553238239813394 0.96271622470779 0.202283666292916 -0.170874408661915
7.90562 24.6575757663892 -1.59642152262047 -2.07976765988336 -0.0615352788564236 0.960274559467385 0.199349308808092 -0.185326827452256
8.00923 24.6067751081388 -1.55235371710022 -2.18720664604095 -0.0645755336612664 0.957815606291178 0.197353153453987 -0.198673092338124
8.11286 24.5520732181188 -1.50933972753794 -2.29397037328555 -0.0654830428027899 0.95522878190632 0.196434799481579 -0.211336969969023
8.21646 24.4944802008028 -1.46673951095396 -2.39957198126728 -0.0660275159217465 0.952597018068539 0.196409027866121 -0.222761715922681
8.31997 24.4351795937463 -1.42442520620134 -2.50527549936737 -0.0666803698250292 0.950340689196868 0.196275075024498 -0.232125822908498
8.42366 24.3729153758279 -1.38217062005846 -2.60901381657724 -0.0673082191155482 0.948529735845367 0.195830822482039 -0.239606412315321
8.52709 24.3097182662262 -1.34011223923859 -2.71265708578335 -0.0678987664395974 0.947161424420953 0.19504556317125 -0.245422537457468
8.63055 24.245699480078 -1.29762125873504 -2.81871632116504 -0.0690302267431135 0.946051130441581 0.194159153015083 -0.250048614646165
8.73404 24.1808980957462 -1.2567956619892 -2.91919756970632 -0.0697670928360744 0.945043766354283 0.193623815901069 -0.254036710630614
8.83753 24.1149488867648 -1.21530341606993 -3.02233029001539 -0.0706873556338939 0.943922993572363 0.19368879518207 -0.257870763328833
8.94115 24.0477133510847 -1.17406410483843 -3.12537816866855 -0.0714313238720876 0.94281379331303 0.193489393621948 -0.26184264676402
9.04477 23.9792726557951 -1.13278037471754 -3.22841337219744 -0.0725028887111824 0.941775363040064 0.192965805364626 -0.265643924566837
9.14838 23.9094580604016 -1.0914384861076 -3.33117209122861 -0.073031283331944 0.940718982493581 0.192425468460827 -0.269604648919047
9.35574 23.7684638942337 -1.00972192004218 -3.53661074447287 -0.0749218661225621 0.938383573644652 0.192307548730593 -0.277201712461948
9.56296 23.6223754257655 -0.930564727408193 -3.73664775893333 -0.0760231184470972 0.936104865785743 0.192538095853036 -0.284354087994392
9.77007 23.4769043764563 -0.853010579748534 -3.93292518535264 -0.0752253339613984 0.934938319760206 0.191760471171836 -0.288893421645965
9.9773 23.3349447385079 -0.776672464771877 -4.12575989780831 -0.0725189302241167 0.934379226162376 0.192596850211856 -0.29083142843204
0.18449 23.1925283310052 -0.702120130596509 -4.31398636023226 -0.0688522814858835 0.935205812895137 0.191790902923209 -0.289595753451662
0.39151 23.0584744584828 -0.628377179652626 -4.49777599513224 -0.0667091394903926 0.937468747745392 0.190238114881209 -0.283745832314032
0.59862 22.9306667245452 -0.555514613029252 -4.68351235772332 -0.063706006714014 0.940432345879378 0.191969197940854 -0.273269783500315
0.80587 22.8162120906906 -0.484143850294908 -4.86314783599505 -0.0612632616162503 0.944037636905423 0.195246958651466 -0.258685867452237
1.01291 22.7144348538471 -0.413393159076874 -5.03569412096922 -0.0543199304838836 0.949722984580847 0.195917539537835 -0.23810064135259
1.21994 22.6296734456338 -0.347674435399604 -5.20185059922557 -0.0475248791273421 0.95606561840572 0.198046956967387 -0.210849050276204
1.42685 22.5603853737461 -0.280807484684028 -5.36559799920209 -0.037912705456162 0.96357554134948 0.198940851609591 -0.174663506316868
1.63365 22.5116323985253 -0.213257351781797 -5.52962748311381 -0.0276820352625078 0.970273899605463 0.203275794133782 -0.128379189074454
1.73714 22.4943668228387 -0.176603221141639 -5.61433616399847 -0.0238020555441754 0.972885133922969 0.206084552384005 -0.102260136965694
1.84065 22.4842964933391 -0.143587188988543 -5.69402457956467 -0.0203384624022999 0.974896850051446 0.208890567276546 -0.0743452056945255
1.94412 22.4789705328799 -0.108011123576075 -5.77606192945266 -0.0165181149583557 0.976038366818156 0.212187714184895 -0.045305985544492
2.04761 22.4793149550722 -0.0724505034991432 -5.85699744392421 -0.0125462845625544 0.976340372217658 0.21534974490977 -0.0150517669679316
2.1511 22.4859047673102 -0.0347798685995619 -5.9391495765624 -0.00783425900952829 0.975661772418911 0.218561518336357 0.0159246013660354
2.25473 22.4966075476863 -0.00085391967860593 -6.0146498178171 -0.0024477361617455 0.974055249208473 0.221367499403974 0.0469766993810067
2.35833 22.5134029922043 0.0356040443366288 -6.09173231488121 0.00225247337454004 0.971627758437373 0.223093135854876 0.0785103695832606
2.46211 22.535057404747 0.071722546477357 -6.16748163617566 0.00945766375544699 0.968572094230591 0.2230856078217 0.10959681773153
2.56569 22.562572724661 0.108821109441919 -6.2428675352026 0.0164953073920113 0.964677309211983 0.221868696027769 0.141066919043798
2.66943 22.5958425581484 0.146901430263465 -6.31907285548438 0.023510262733253 0.959789508659434 0.219966783852466 0.172817767070106
2.77317 22.6358194806249 0.183808801866406 -6.39351019435996 0.030613015609812 0.953378734500088 0.21994257984956 0.204345524657144
2.87691 22.6814070563245 0.221410052604939 -6.46710842410118 0.0370776503131737 0.945662022267716 0.221351645002711 0.23527013567893
2.98058 22.7337632039169 0.258493766158282 -6.53891521002951 0.0420352746714512 0.936850173396521 0.224212289237528 0.265091753257379
3.08439 22.7920063077062 0.296406850472513 -6.61115156523238 0.048424772368983 0.927625003873023 0.227075375953628 0.292581043894002
3.18816 22.8554645581124 0.334050255341543 -6.68147135856806 0.0555117321979245 0.918445237984056 0.228307586380042 0.318201883109005
3.29209 22.9241459307341 0.371242720291393 -6.74960741244579 0.0626590493216433 0.909941526194266 0.225975912239434 0.342074771845152
3.396 22.9974122589502 0.407356741509973 -6.81554020851537 0.0703612959848304 0.90210874576113 0.220614050795632 0.364113360699877
3.49987 23.0760750822703 0.442529757413816 -6.88028054002733 0.0779460026381071 0.894790412383668 0.21461399737201 0.383686552684627
3.60412 23.1574513261527 0.475738174654967 -6.94239294383188 0.0851400605190862 0.887686781241699 0.20973223618697 0.400968499520315
3.70798 23.2471979858774 0.509229797083627 -7.00725562816045 0.0905728983399511 0.880361343090315 0.207162314630845 0.416946316778681
3.81213 23.3399213246901 0.540373952920024 -7.06937118143167 0.0949256280924555 0.872787168670353 0.205483892928496 0.432444277430737
3.91571 23.4362498705333 0.57028051088096 -7.12963231946611 0.0998014528998196 0.865208600988621 0.203546154443149 0.447238985091645
4.02 23.5353762384854 0.598611371811704 -7.18685155094279 0.104076227506963 0.857902993695449 0.200749386530808 0.461378668865186
4.12406 23.638978193719 0.626539126919412 -7.24316745037584 0.1071485127907 0.850948981534365 0.1976245903704 0.474709962306775
4.22756 23.7445171562653 0.652130392718008 -7.2964649444971 0.110560196856743 0.843804167888729 0.195259967363099 0.487487963205216
4.33153 23.8508045697347 0.675241482660387 -7.34553155306285 0.113157956976896 0.836351671655957 0.192811997813492 0.500534406000497
4.43528 23.9631829713603 0.698650481821415 -7.39541165355062 0.11585875714042 0.828732310061441 0.190209983135133 0.513419583742028
4.5391 24.0754986051339 0.719840052971501 -7.44083751880186 0.119204458002652 0.820832809982911 0.18795656929407 0.526019128271069
4.64287 24.1872357832648 0.739030086601528 -7.48251808149652 0.122499977490875 0.812765271490504 0.186032174117502 0.538329266496646
4.74688 24.3053598932344 0.757601608182637 -7.52334317004173 0.125050182208328 0.8049671962432 0.183608538691721 0.550161948358406
4.85039 24.4230570230084 0.773888631683961 -7.56021622587055 0.127413618841093 0.796788801547729 0.18101975497597 0.56225014341518
4.95453 24.5421209170797 0.789033480853028 -7.59431542964032 0.131534991494754 0.787496147091441 0.180095578712883 0.574555434102474
5.05791 24.6636688086934 0.802660669264522 -7.62593127897655 0.135494440462571 0.77745546069468 0.178621579198622 0.5876211319246
5.16171 24.7877122300606 0.814163582380965 -7.65314231251202 0.140164116926838 0.766943064819703 0.176000436902089 0.600979368914903
5.26546 24.9095457307279 0.823561260026193 -7.67633891767758 0.145339909960812 0.755953268996231 0.172786497067755 0.614455687659859
5.36918 25.034795976993 0.830926863539211 -7.69575027416462 0.150117485746786 0.743988502010885 0.169721800273573 0.628601908890325
5.47294 25.1608920806182 0.835521044763889 -7.71062539564596 0.153770331923163 0.731636998961359 0.166453231754774 0.64292714082503
5.57679 25.2866649812952 0.837525598309181 -7.72095432802896 0.157606443233849 0.719053556386519 0.163777590716287 0.656733654443141
5.68051 25.4162080364184 0.837216982770393 -7.72690510070442 0.160437476005499 0.706201105820339 0.160308917447265 0.670701770847522
5.78433 25.5454330006717 0.834759476314433 -7.72864222651737 0.16448404195956 0.693095377156422 0.157113733837143 0.68401686583358
5.88826 25.6729035701146 0.829816662856969 -7.72618782192017 0.168500790164437 0.680135602592862 0.153660627303448 0.696714760440969
5.9921 25.8028210975684 0.822718647404388 -7.71900503598855 0.171644986586546 0.667810707891562 0.149898081879578 0.708588330452809
6.09593 25.9308731512938 0.813122669532007 -7.70819525881156 0.174573771785095 0.656157093546312 0.146151855839872 0.71945917314893
6.19948 26.0562590299184 0.801110473814338 -7.69337070634386 0.177051096261835 0.645551552539689 0.142786269129704 0.729059794306407
6.30334 26.185540211675 0.7884885820253 -7.67682121426244 0.1798117316026 0.635992874987149 0.139116864572797 0.7374464740814
6.40721 26.3111687757765 0.773405314543031 -7.6572794833178 0.182690003804798 0.627662193291348 0.135477566951927 0.74452022301297
6.51097 26.435440241297 0.756810615220552 -7.63529634696545 0.185506770934617 0.619698566084968 0.132445514366843 0.751012057728602
6.61486 26.5613887184844 0.739730773073249 -7.61206399617615 0.187691754833111 0.611745568991894 0.130968032362219 0.757222912018396
6.71859 26.6842557974392 0.720817557813465 -7.58702135719855 0.189622552963401 0.603278153116595 0.131292834352554 0.763453305073431
6.82249 26.8092750486894 0.701632882316277 -7.55906440213504 0.191124931325627 0.594931914360579 0.130908604920715 0.769668899630707
6.92631 26.9311651859385 0.681240692630688 -7.52950387075025 0.19387604123465 0.586522152761652 0.130492270514614 0.775484114789567
7.02978 27.0526473212349 0.660124295268321 -7.49754414479153 0.196502565816121 0.578161936952198 0.129482007605163 0.781248952635394
7.13364 27.1721236436571 0.637147079078296 -7.46327983848637 0.198570895696005 0.569971606157569 0.127712272197307 0.787014322034134
7.23726 27.2926535772326 0.614123859656594 -7.42645326515265 0.20097271520268 0.561570669792712 0.126523334580048 0.792616046001702
7.34101 27.4097047634328 0.589129987799312 -7.3883886476832 0.203116683802795 0.553001232459287 0.125074173759527 0.798304265751998
7.44453 27.5275589608169 0.563585242625318 -7.34690279270244 0.204894630116569 0.544192133846778 0.124199122597507 0.804019707441736
7.5484 27.643677287691 0.536839633058787 -7.30392915911581 0.206317370347188 0.535238262647464 0.123346370313764 0.809777017345865
7.65175 27.7592701790228 0.508596240839148 -7.25827921341811 0.207593645655265 0.526331384806928 0.122388058371253 0.815414811503257
7.75534 27.8741177016394 0.479877635915412 -7.21172379795164 0.209835297104697 0.516899601978687 0.121664326696611 0.820963909786977
7.96257 28.0984724972499 0.417316797576308 -7.10807953273494 0.214662821257421 0.495681144197887 0.118554801979855 0.833165551006518
8.06628 28.2074420029888 0.384217657199315 -7.05196661610211 0.216350134180774 0.484122595643452 0.116491539556076 0.839790243477062
8.1698 28.3157483380268 0.349166516226059 -6.99342314627878 0.217773693587837 0.472096672448164 0.114371784498772 0.846533191998428
8.27342 28.4234355064994 0.313388529131418 -6.93215783982196 0.219385472460771 0.459733906753255 0.112371558491934 0.853163162763517
8.37703 28.5273638878831 0.274732293683229 -6.86706088437444 0.221113520933918 0.447177433012702 0.109607629792944 0.859725143144918
8.48064 28.6298614242135 0.235798101343799 -6.79956155594603 0.222869386830889 0.434532646114027 0.107390869268435 0.866012596370593
8.58426 28.7313373357433 0.194987791916861 -6.7294034151077 0.224790750547523 0.421381309011705 0.106016133984751 0.872162536582941
8.688 28.8308811698413 0.153871827543854 -6.65777479175725 0.227199723142082 0.408036662938736 0.104892774633582 0.877999927865402
8.79163 28.9282261768565 0.10924642059574 -6.5808525645606